0,1,2,3,4,5,6,7,8,9,10,11,12,13,14,15,16,17,18,19,20,21,22,23,24,25,26,27,28,29,30,31,32,33,34,35,36,37,38,39,40,41,42,43,44,45,46,47,48,49,50,51,52,53,54,55,56,57,58,59,60,61,62,63,64,65,66,67,68,69,70,71,72,73,74,75,76,77,78,79,80,81,82,83,84,85,86,87,88,89,90,91,92,93,94,95,96,97,98,99,100,101,102,103,104,105,106,107,108,109,110,111,112,113,114,115,116,117,118,119,120,121,122,123,124,125,126,127,128,129,130,131
0.5068488121032715,0.3531588912010193,-0.6911860704421997,0.9991405010223389,0.5250818729400635,0.32224804162979126,-0.644292950630188,0.9986022114753723,0.5358242392539978,0.3244912028312683,-0.6445583701133728,0.9985688924789429,0.5441703796386719,0.32704293727874756,-0.6445841193199158,0.9979421496391296,0.4890982508659363,0.3174929618835449,-0.6745391488075256,0.9992117881774902,0.4730766713619232,0.3172740936279297,-0.6747131943702698,0.999384880065918,0.46097683906555176,0.3185873031616211,-0.6752339005470276,0.9993815422058105,0.5555833578109741,0.3493226170539856,-0.32402634620666504,0.9976075887680054,0.4437255859375,0.3352694511413574,-0.4513041079044342,0.9998214840888977,0.5239913463592529,0.39590132236480713,-0.5630184412002563,0.9996366500854492,0.4823598265647888,0.3914535641670227,-0.5997872948646545,0.9998751878738403,0.6111034154891968,0.5774533748626709,0.015934597700834274,0.99787437915802,0.3529425859451294,0.5188952088356018,-0.36562439799308777,0.9998546838760376,0.6315528750419617,0.8540827035903931,0.1442376673221588,0.20048949122428894,0.30614012479782104,0.79997318983078,-0.3324257433414459,0.9479827880859375,0.6367605924606323,0.9745447039604187,-0.17274251580238342,0.08046311885118484,0.33442792296409607,1.0722947120666504,-0.5798147320747375,0.6123875975608826,0.6359809637069702,1.0239707231521606,-0.24091577529907227,0.09614942222833633,0.3172420263290405,1.1501667499542236,-0.6733105182647705,0.45789584517478943,0.6331936120986938,0.9970623254776001,-0.30424749851226807,0.12938782572746277,0.34636178612709045,1.136749029159546,-0.7185805439949036,0.5313981771469116,0.6262388825416565,0.9772341847419739,-0.21166391670703888,0.11701571941375732,0.3542688190937042,1.1039583683013916,-0.6013778448104858,0.5009599924087524,0.5768716931343079,1.010857343673706,0.10481574386358261,0.05458198860287666,0.42647528648376465,1.0688258409500122,-0.10283617675304413,0.12257065623998642,0.5925595760345459,1.4397333860397339,0.12302889674901962,0.05902109667658806,0.43892884254455566,1.4479012489318848,-0.18653102219104767,0.07219328731298447,0.5919510126113892,1.7758501768112183,0.5484228730201721,0.005357039626687765,0.4409330487251282,1.7943387031555176,0.12422855198383331,0.010590351186692715,0.5913270711898804,1.8316253423690796,0.5662657618522644,0.0031181403901427984,0.4263985753059387,1.8503031730651855,0.1393534243106842,0.016086405143141747,0.5948086977005005,1.8865389823913574,0.22431448101997375,0.005802829284220934,0.48898857831954956,1.9047693014144897,-0.26555728912353516,0.01872204802930355
0.5059438943862915,0.35309574007987976,-0.5353187918663025,0.9992042183876038,0.5243414640426636,0.32171952724456787,-0.49055543541908264,0.998711884021759,0.5348738431930542,0.32397839426994324,-0.49081239104270935,0.9986754655838013,0.5431318879127502,0.3266202211380005,-0.4909108579158783,0.9981036186218262,0.4884612560272217,0.3173660337924957,-0.5231732130050659,0.999272346496582,0.4727296233177185,0.31721410155296326,-0.5232749581336975,0.9994311332702637,0.4601844251155853,0.31850701570510864,-0.5236517786979675,0.9994303584098816,0.5547544360160828,0.3489014804363251,-0.19764955341815948,0.9977938532829285,0.44346195459365845,0.33526378870010376,-0.33993157744407654,0.9998345375061035,0.5230976939201355,0.39560163021087646,-0.41931748390197754,0.9996616244316101,0.48169177770614624,0.3914550244808197,-0.4599432945251465,0.9998831152915955,0.6071709394454956,0.5772200226783752,0.11411750316619873,0.9975643754005432,0.3524060845375061,0.5186329483985901,-0.3074224293231964,0.999855637550354,0.6319262981414795,0.8362089991569519,0.240229532122612,0.19661442935466766,0.3050614595413208,0.7898685932159424,-0.31620824337005615,0.9513868689537048,0.6350103616714478,0.9587222337722778,-0.009513397701084614,0.08213729411363602,0.3325757384300232,1.0470874309539795,-0.5214405655860901,0.6311628818511963,0.6325551271438599,1.0024189949035645,-0.0647098496556282,0.09799626469612122,0.31593090295791626,1.122347354888916,-0.5998790264129639,0.4802530109882355,0.6322185397148132,0.9745521545410156,-0.12042704969644547,0.13024675846099854,0.3446722626686096,1.1032428741455078,-0.6338876485824585,0.5507568717002869,0.6250029802322388,0.9576481580734253,-0.044755782932043076,0.11835065484046936,0.3510124087333679,1.0736006498336792,-0.53794926404953,0.5215957760810852,0.5730597972869873,1.0449261665344238,0.10537470877170563,0.06644051522016525,0.4220687747001648,1.0633084774017334,-0.1034737229347229,0.14449404180049896,0.5596201419830322,1.4146231412887573,0.09522045403718948,0.07060063630342484,0.41916409134864807,1.4255350828170776,-0.10646235942840576,0.08471602201461792,0.5655466318130493,1.7630808353424072,0.45763665437698364,0.007738448213785887,0.41526246070861816,1.7919365167617798,0.1301754266023636,0.013129848055541515,0.5629212260246277,1.8156238794326782,0.4741104245185852,0.0045730238780379295,0.39484530687332153,1.8484249114990234,0.14119459688663483,0.020403964444994926,0.578224241733551,1.8793461322784424,0.20107927918434143,0.007097300607711077,0.47044962644577026,1.9048629999160767,-0.21105270087718964,0.021449977532029152
0.504987359046936,0.35284993052482605,-0.4953642785549164,0.9992685914039612,0.523571252822876,0.32134026288986206,-0.45226937532424927,0.9988186359405518,0.5339385271072388,0.3237673342227936,-0.4524784982204437,0.9987803101539612,0.5421664118766785,0.32653072476387024,-0.4525289535522461,0.9982597827911377,0.4878794550895691,0.3168427050113678,-0.48501572012901306,0.9993321299552917,0.47242623567581177,0.3166775703430176,-0.4851040244102478,0.9994771480560303,0.45956939458847046,0.3178137540817261,-0.4854585528373718,0.9994781613349915,0.5541378259658813,0.3488623797893524,-0.17160086333751678,0.9979727864265442,0.44320374727249146,0.3347896933555603,-0.3152090907096863,0.9998475313186646,0.522150993347168,0.3951658010482788,-0.38433295488357544,0.9996852278709412,0.480797678232193,0.39128488302230835,-0.4253653585910797,0.999890923500061,0.6033762693405151,0.5753399729728699,0.12879124283790588,0.9972167611122131,0.35222309827804565,0.5171625018119812,-0.3058975338935852,0.9998587369918823,0.6260184049606323,0.8215866088867188,0.2579773962497711,0.18691375851631165,0.3040550649166107,0.7844003438949585,-0.3187315762042999,0.9538490772247314,0.6266146898269653,0.95970618724823,0.04817589372396469,0.0817619115114212,0.3299914300441742,1.0468751192092896,-0.5191346406936646,0.648297131061554,0.625390350818634,1.004558801651001,0.0023299413733184338,0.09876374155282974,0.3115036189556122,1.1187548637390137,-0.5973493456840515,0.5029671788215637,0.626194953918457,0.9760032296180725,-0.05732284113764763,0.13039329648017883,0.34131911396980286,1.1015434265136719,-0.6264315843582153,0.5714067816734314,0.618083119392395,0.9586086273193359,0.011747274547815323,0.11930857598781586,0.34726351499557495,1.0719746351242065,-0.534392237663269,0.5434677600860596,0.5693603754043579,1.0493950843811035,0.10982811450958252,0.0697770044207573,0.4211435914039612,1.016337275505066,-0.1079859510064125,0.15195299685001373,0.5541498064994812,1.4072253704071045,0.088139608502388,0.07142123579978943,0.4130426347255707,1.4221376180648804,-0.10505519062280655,0.08562250435352325,0.5618795156478882,1.7590581178665161,0.4332364499568939,0.00811346247792244,0.4114605784416199,1.7918776273727417,0.11817716062068939,0.013398004695773125,0.5587278604507446,1.8110065460205078,0.448894202709198,0.004806118551641703,0.39132553339004517,1.8484127521514893,0.12491223961114883,0.020511435344815254,0.577834963798523,1.877102255821228,0.18902501463890076,0.0075389486737549305,0.46783536672592163,1.9058120250701904,-0.21772775053977966,0.021995622664690018
0.5034912824630737,0.35284632444381714,-0.5331761837005615,0.9993127584457397,0.5226980447769165,0.3213353753089905,-0.48780885338783264,0.9988988637924194,0.5329254865646362,0.32377806305885315,-0.4880611300468445,0.9988555908203125,0.5411372184753418,0.3265804648399353,-0.4881238341331482,0.9983777403831482,0.4869860112667084,0.3167703449726105,-0.5214831233024597,0.9993751645088196,0.47177523374557495,0.31656578183174133,-0.5215785503387451,0.9995089173316956,0.45857053995132446,0.3176214396953583,-0.521976113319397,0.999512791633606,0.5536927580833435,0.3488740622997284,-0.18937596678733826,0.9981052279472351,0.44250527024269104,0.3346461355686188,-0.3365289568901062,0.9998558759689331,0.5208436250686646,0.3951030671596527,-0.41474756598472595,0.9997006058692932,0.4792358875274658,0.3912830352783203,-0.4568294882774353,0.9998953342437744,0.6022974252700806,0.5750296711921692,0.1250217854976654,0.9969785809516907,0.35154733061790466,0.5165237784385681,-0.3031185567378998,0.9998556971549988,0.6248062252998352,0.8142902255058289,0.2464457005262375,0.1819033920764923,0.30212515592575073,0.7816694974899292,-0.3175791800022125,0.9557845592498779,0.6269012689590454,0.9501393437385559,-0.012542213313281536,0.08379966765642166,0.32679614424705505,1.0419836044311523,-0.5258370637893677,0.6613827347755432,0.6256498694419861,0.9933770298957825,-0.06988393515348434,0.10180032253265381,0.3068406283855438,1.1161420345306396,-0.6072818040847778,0.5205482840538025,0.6264196634292603,0.9659009575843811,-0.13018301129341125,0.13321365416049957,0.3362713158130646,1.0992910861968994,-0.6430618166923523,0.5872448086738586,0.6183385848999023,0.9496876001358032,-0.05028717964887619,0.12215031683444977,0.3422392010688782,1.07001793384552,-0.543549656867981,0.5602107644081116,0.5677095055580139,1.050200343132019,0.11029825359582901,0.07586593925952911,0.4202492833137512,1.0077757835388184,-0.10846225917339325,0.16287536919116974,0.5542656183242798,1.399726390838623,0.0877927839756012,0.07686472684144974,0.4133557677268982,1.4144736528396606,-0.1026548519730568,0.09059444814920425,0.5626693964004517,1.7531791925430298,0.44901251792907715,0.009135165251791477,0.41262516379356384,1.7892810106277466,0.1251923143863678,0.01437199953943491,0.559700608253479,1.8048529624938965,0.46559351682662964,0.005487875547260046,0.39291584491729736,1.8465162515640259,0.13115988671779633,0.022420093417167664,0.578199565410614,1.872024655342102,0.19152887165546417,0.008227054961025715,0.4679742455482483,1.904550552368164,-0.2077573537826538,0.02323884703218937
0.5017286539077759,0.3529674708843231,-0.5291526317596436,0.9993431568145752,0.521174430847168,0.32146841287612915,-0.48560816049575806,0.9989550113677979,0.5313957929611206,0.32401880621910095,-0.48581868410110474,0.9989058971405029,0.5396877527236938,0.3269136846065521,-0.485912561416626,0.9984621405601501,0.48560094833374023,0.3167837858200073,-0.5178365111351013,0.999405562877655,0.47077542543411255,0.3165694773197174,-0.5179040431976318,0.9995314478874207,0.45738115906715393,0.31761878728866577,-0.5183021426200867,0.9995391964912415,0.553053617477417,0.3492652475833893,-0.19346211850643158,0.9981995820999146,0.4417494237422943,0.3346520662307739,-0.33439379930496216,0.9998617172241211,0.5192608833312988,0.3950881361961365,-0.4131133556365967,0.9997107982635498,0.4775784909725189,0.39132633805274963,-0.4532693922519684,0.9998982548713684,0.6006419062614441,0.5741788148880005,0.11327262222766876,0.9967121481895447,0.35036951303482056,0.5162941813468933,-0.2992258071899414,0.9998568892478943,0.6204441785812378,0.8148579001426697,0.22744841873645782,0.17911770939826965,0.29976019263267517,0.7794601917266846,-0.309756338596344,0.9573671817779541,0.612399160861969,0.9513911008834839,-0.022761348634958267,0.08155861496925354,0.3208388686180115,1.044252634048462,-0.5073281526565552,0.6686440706253052,0.6061816215515137,0.9959025979042053,-0.07473541051149368,0.09910380095243454,0.2969437539577484,1.1184124946594238,-0.5874001979827881,0.5296039581298828,0.6070455312728882,0.9712672829627991,-0.12999926507472992,0.12932521104812622,0.3256368041038513,1.1023807525634766,-0.6205340027809143,0.5952439904212952,0.6003986597061157,0.95542973279953,-0.057754021137952805,0.11892198026180267,0.3328908383846283,1.0726836919784546,-0.5241319537162781,0.5687606930732727,0.5665401220321655,1.0517363548278809,0.11010199785232544,0.07751885056495667,0.4166909158229828,1.0053988695144653,-0.10828070342540741,0.16609473526477814,0.5545298457145691,1.403605341911316,0.07307785749435425,0.0788961797952652,0.4104057252407074,1.4171584844589233,-0.10793280601501465,0.09282661974430084,0.5619797110557556,1.7535165548324585,0.4167105257511139,0.009677359834313393,0.4092521071434021,1.7916324138641357,0.0790175348520279,0.014964507892727852,0.559318482875824,1.8062387704849243,0.4311545491218567,0.005826338194310665,0.39103010296821594,1.8489822149276733,0.08432897925376892,0.022993115708231926,0.5751996040344238,1.875882625579834,0.14849227666854858,0.008669070899486542,0.460104376077652,1.908957600593567,-0.26735442876815796,0.02382747083902359
0.49923866987228394,0.353287011384964,-0.5061253309249878,0.9993924498558044,0.5191332101821899,0.3215210735797882,-0.4643283486366272,0.9990365505218506,0.5293224453926086,0.3240494430065155,-0.4644853174686432,0.9989871382713318,0.5377210378646851,0.3269318640232086,-0.4645542502403259,0.9985828399658203,0.48380035161972046,0.316949725151062,-0.4969275891780853,0.9994510412216187,0.4693375527858734,0.31674739718437195,-0.4969513416290283,0.9995661973953247,0.4560117721557617,0.3177536725997925,-0.4973183274269104,0.9995750188827515,0.5515813827514648,0.3492688536643982,-0.18102672696113586,0.9983415007591248,0.4411095678806305,0.3347393274307251,-0.3233155310153961,0.9998714923858643,0.5169041156768799,0.3951736092567444,-0.39319366216659546,0.9997289180755615,0.47555795311927795,0.3918619453907013,-0.43380141258239746,0.9999043345451355,0.5984287261962891,0.5737916827201843,0.12033022940158844,0.9967153072357178,0.35015061497688293,0.5155565738677979,-0.30135515332221985,0.999862015247345,0.6182843446731567,0.8140895962715149,0.26494622230529785,0.1723490208387375,0.29857736825942993,0.778592050075531,-0.3069496750831604,0.957266628742218,0.61409991979599,0.9527321457862854,0.07298149913549423,0.0805344507098198,0.31665104627609253,1.0455682277679443,-0.49636274576187134,0.670517086982727,0.609770655632019,0.9970917105674744,0.03266046941280365,0.09903503209352493,0.2883155941963196,1.1200371980667114,-0.5712659358978271,0.5367157459259033,0.6098746061325073,0.9755089282989502,-0.022963840514421463,0.12906190752983093,0.31747618317604065,1.1072863340377808,-0.6065356135368347,0.6025556921958923,0.6027452349662781,0.9602997303009033,0.03939463570713997,0.11904094368219376,0.3255901634693146,1.0786340236663818,-0.513971745967865,0.5767766237258911,0.5661963820457458,1.0545581579208374,0.11278821527957916,0.07518748939037323,0.41637182235717773,1.010194182395935,-0.11091738939285278,0.1609611064195633,0.5574188232421875,1.4176193475723267,0.08124776184558868,0.07440674304962158,0.4115375578403473,1.440690517425537,-0.1085900291800499,0.08824238181114197,0.5623409748077393,1.771127462387085,0.44390082359313965,0.009211483411490917,0.40989547967910767,1.815512776374817,0.0864010751247406,0.014199472032487392,0.5586148500442505,1.8245389461517334,0.45957058668136597,0.0055471863597631454,0.3909023702144623,1.874575138092041,0.09599106758832932,0.02171155996620655,0.5754122138023376,1.888129472732544,0.16566170752048492,0.008551155216991901,0.46232372522354126,1.9255623817443848,-0.2509482502937317,0.02281292714178562
0.499337375164032,0.3535732328891754,-0.5344387292861938,0.9994385242462158,0.5191548466682434,0.32154580950737,-0.49001067876815796,0.9991132020950317,0.5292729139328003,0.3240470588207245,-0.4901856482028961,0.9990639090538025,0.537720263004303,0.3268758952617645,-0.49023884534835815,0.9986948370933533,0.4838283956050873,0.3173207938671112,-0.5238584280014038,0.9994934797286987,0.46934160590171814,0.31731122732162476,-0.5239184498786926,0.9995985627174377,0.45597177743911743,0.31839773058891296,-0.524296760559082,0.9996078610420227,0.5513483285903931,0.34874677658081055,-0.19208106398582458,0.9984723925590515,0.440918505191803,0.3353079855442047,-0.3403289318084717,0.9998809099197388,0.5169479846954346,0.39524537324905396,-0.4162069261074066,0.9997472167015076,0.4755830764770508,0.392397403717041,-0.45837193727493286,0.9999104738235474,0.5984800457954407,0.5737226009368896,0.12004796415567398,0.996726393699646,0.3501528799533844,0.5155365467071533,-0.31311899423599243,0.9998663663864136,0.6151384115219116,0.8161476850509644,0.2464730441570282,0.1665395200252533,0.29831573367118835,0.7790189981460571,-0.327163428068161,0.9575196504592896,0.6128941178321838,0.9673733115196228,0.011016243137419224,0.08063192665576935,0.3152371346950531,1.04671311378479,-0.499117910861969,0.6759741306304932,0.6095504760742188,1.0139414072036743,-0.03950300067663193,0.10063770413398743,0.2859121263027191,1.1254899501800537,-0.5815710425376892,0.547027587890625,0.609479546546936,0.9930256009101868,-0.09786422550678253,0.1310334950685501,0.3154088854789734,1.1149970293045044,-0.6223195791244507,0.6128007769584656,0.6020882725715637,0.9765763878822327,-0.02482866868376732,0.12077013403177261,0.3233775198459625,1.0866143703460693,-0.5193668603897095,0.5872058272361755,0.5662084817886353,1.0601115226745605,0.12000769376754761,0.0735025629401207,0.4162673354148865,1.0135202407836914,-0.11816819757223129,0.15739016234874725,0.5590239763259888,1.4249733686447144,0.10898201167583466,0.07138403505086899,0.41231298446655273,1.4508146047592163,-0.10761328786611557,0.08484586328268051,0.5632889270782471,1.7792383432388306,0.47828203439712524,0.008987253531813622,0.4110015332698822,1.8246594667434692,0.11791491508483887,0.013743629679083824,0.5594251751899719,1.8332343101501465,0.49581408500671387,0.005384044721722603,0.39193469285964966,1.883684754371643,0.12685129046440125,0.020765136927366257,0.5772296786308289,1.8946998119354248,0.22122101485729218,0.008596941828727722,0.46370381116867065,1.9349254369735718,-0.22478154301643372,0.022330474108457565
0.49940234422683716,0.35361236333847046,-0.526462733745575,0.9994773268699646,0.5191739797592163,0.32150664925575256,-0.48152023553848267,0.9991796016693115,0.5293139219284058,0.32397058606147766,-0.4817057251930237,0.9991292357444763,0.537753701210022,0.32673799991607666,-0.48176851868629456,0.9987919926643372,0.4838531017303467,0.3173282742500305,-0.5160804986953735,0.9995304942131042,0.46934860944747925,0.31734800338745117,-0.516130805015564,0.9996265172958374,0.4559398591518402,0.31847238540649414,-0.5164955258369446,0.9996368288993835,0.5514385104179382,0.3484300673007965,-0.1856299787759781,0.9985870122909546,0.4409042000770569,0.3356575667858124,-0.33631467819213867,0.9998891353607178,0.516972541809082,0.3952682912349701,-0.40920400619506836,0.9997622966766357,0.4758889079093933,0.39259183406829834,-0.452181339263916,0.9999154806137085,0.5986356735229492,0.5739427804946899,0.12357483059167862,0.9966382384300232,0.35020774602890015,0.5156480073928833,-0.31526798009872437,0.9998684525489807,0.6174906492233276,0.8173257112503052,0.2509402334690094,0.16056597232818604,0.2976404130458832,0.7794854044914246,-0.329621821641922,0.9583010077476501,0.6139696836471558,0.969254732131958,0.02651028335094452,0.08036261796951294,0.31307724118232727,1.0470157861709595,-0.5095465183258057,0.6807807087898254,0.6108793020248413,1.0157395601272583,-0.020594043657183647,0.10114721953868866,0.28325703740119934,1.1283574104309082,-0.5921478867530823,0.5554081201553345,0.610507071018219,0.994245171546936,-0.07636059820652008,0.13130928575992584,0.31293225288391113,1.1176985502243042,-0.6303386092185974,0.6208929419517517,0.6031191945075989,0.977859377861023,-0.008282696828246117,0.12127666175365448,0.3208387792110443,1.089381456375122,-0.5291624069213867,0.5958741903305054,0.5663323402404785,1.066205620765686,0.12144924700260162,0.07296444475650787,0.41544198989868164,1.050291657447815,-0.11959260702133179,0.15643246471881866,0.559587836265564,1.433197021484375,0.11522595584392548,0.06906726211309433,0.4126740097999573,1.4585344791412354,-0.10323876142501831,0.0828169509768486,0.5630475878715515,1.786848783493042,0.48279881477355957,0.008801585994660854,0.41107600927352905,1.831799030303955,0.1281401664018631,0.013430214487016201,0.5588929057121277,1.8412377834320068,0.500275194644928,0.005255103576928377,0.3914397656917572,1.8909509181976318,0.13678964972496033,0.020121898502111435,0.5773243308067322,1.9010303020477295,0.23058748245239258,0.008638706058263779,0.4645116329193115,1.9427311420440674,-0.21488161385059357,0.022016087546944618
0.4997888207435608,0.35353803634643555,-0.5195800065994263,0.9995080828666687,0.5192804336547852,0.32139506936073303,-0.47611182928085327,0.9992345571517944,0.5293512940406799,0.32385244965553284,-0.47628602385520935,0.9991831183433533,0.5378756523132324,0.3265990912914276,-0.4763774275779724,0.9988731741905212,0.4840928018093109,0.3172624409198761,-0.5111950635910034,0.9995604753494263,0.4696912169456482,0.3172997534275055,-0.5112751722335815,0.9996490478515625,0.4561949372291565,0.31843671202659607,-0.5116519331932068,0.9996603727340698,0.5515007376670837,0.3481789827346802,-0.18559829890727997,0.9986845254898071,0.4409599304199219,0.33569082617759705,-0.3386470377445221,0.9998952746391296,0.5173016786575317,0.3951873183250427,-0.4044439196586609,0.9997736811637878,0.47699636220932007,0.3925512135028839,-0.44827166199684143,0.9999191761016846,0.5987156629562378,0.5740899443626404,0.11607183516025543,0.9966220855712891,0.3504728376865387,0.5156477689743042,-0.31629520654678345,0.9998705387115479,0.6155874133110046,0.8183968663215637,0.2540878653526306,0.15862993896007538,0.2977231740951538,0.7796118855476379,-0.3333149552345276,0.9581041932106018,0.6136724352836609,0.9690039753913879,0.05312926322221756,0.08087226748466492,0.3108023703098297,1.04775869846344,-0.5132275819778442,0.68294757604599,0.6113923788070679,1.0148885250091553,0.012880450114607811,0.10185254365205765,0.2798604369163513,1.128473162651062,-0.5974031686782837,0.560161292552948,0.6112393736839294,0.9926155209541321,-0.044239845126867294,0.13154947757720947,0.30765217542648315,1.1175811290740967,-0.634914755821228,0.6246219277381897,0.6037763357162476,0.9764396548271179,0.019369710236787796,0.12160586565732956,0.3161565959453583,1.0892317295074463,-0.5329078435897827,0.6001854538917542,0.5658140778541565,1.066556453704834,0.12111451476812363,0.07711605727672577,0.4152631163597107,1.0389248132705688,-0.11939853429794312,0.16282179951667786,0.5594419240951538,1.4374659061431885,0.1314837634563446,0.06781032681465149,0.4102213382720947,1.4616978168487549,-0.08086659759283066,0.0813336968421936,0.5631152391433716,1.7896122932434082,0.5054555535316467,0.009024550206959248,0.4107237756252289,1.8307348489761353,0.16708068549633026,0.01374566275626421,0.5590724945068359,1.8437777757644653,0.5240106582641602,0.005384023301303387,0.3918810486793518,1.888908863067627,0.17827682197093964,0.020211536437273026,0.5779769420623779,1.9033156633377075,0.2565980851650238,0.009077819995582104,0.4627733826637268,1.9410178661346436,-0.16916659474372864,0.022211972624063492
0.5001547336578369,0.3535092771053314,-0.524917483329773,0.9995400309562683,0.5195443034172058,0.32104259729385376,-0.48256173729896545,0.9992862343788147,0.5296649932861328,0.3233156204223633,-0.48273342847824097,0.9992361068725586,0.5385614037513733,0.32593834400177,-0.4828266501426697,0.9989500641822815,0.4842660427093506,0.31726160645484924,-0.5149590373039246,0.9995877742767334,0.4699334502220154,0.31731709837913513,-0.5150468349456787,0.9996702671051025,0.45642319321632385,0.3184851109981537,-0.5154383778572083,0.9996817111968994,0.5523389577865601,0.3474358022212982,-0.1934911608695984,0.9987773299217224,0.44119325280189514,0.33591264486312866,-0.33762311935424805,0.999900758266449,0.5179723501205444,0.3950757384300232,-0.41090503334999084,0.9997836947441101,0.477975994348526,0.39255431294441223,-0.4514363408088684,0.9999222755432129,0.5998743176460266,0.5738120675086975,0.10608913749456406,0.9966124296188354,0.35225602984428406,0.5154322385787964,-0.3138485848903656,0.999872624874115,0.6143676042556763,0.8191483616828918,0.24798472225666046,0.15302081406116486,0.3009530305862427,0.7801710367202759,-0.3070378601551056,0.9545938372612,0.6142220497131348,0.9769045114517212,0.055962156504392624,0.08001764863729477,0.30942603945732117,1.0499234199523926,-0.48872870206832886,0.6756188273429871,0.6165733933448792,1.0239101648330688,0.017814327031373978,0.10165070742368698,0.27694836258888245,1.1287705898284912,-0.5600830316543579,0.55732262134552,0.6147875785827637,1.0067036151885986,-0.040148697793483734,0.131409153342247,0.30360549688339233,1.1192132234573364,-0.6017338037490845,0.6230408549308777,0.605524480342865,0.9882435202598572,0.021927323192358017,0.12166204303503036,0.3131158947944641,1.0907200574874878,-0.5096422433853149,0.5990861654281616,0.5668652057647705,1.0646979808807373,0.11617626994848251,0.07338405400514603,0.4161391258239746,1.0240315198898315,-0.11444982141256332,0.15471190214157104,0.5631072521209717,1.4436806440353394,0.12453313171863556,0.0626489669084549,0.41082754731178284,1.4675248861312866,-0.08407320827245712,0.07492219656705856,0.5657449960708618,1.7944438457489014,0.487781286239624,0.008367663249373436,0.41125112771987915,1.8328137397766113,0.15913502871990204,0.012723992578685284,0.5616003274917603,1.849818468093872,0.5058971643447876,0.004986525978893042,0.39284059405326843,1.8914729356765747,0.16963408887386322,0.018622638657689095,0.5821933746337891,1.9049080610275269,0.2434254139661789,0.008601130917668343,0.4643312096595764,1.9395406246185303,-0.18325701355934143,0.020747045055031776
0.5020567774772644,0.35352498292922974,-0.5276085734367371,0.9995638132095337,0.5212186574935913,0.32096102833747864,-0.48652395606040955,0.9993240237236023,0.5313771963119507,0.32313039898872375,-0.48671406507492065,0.9992754459381104,0.5408083200454712,0.3256279528141022,-0.48681211471557617,0.9990071058273315,0.48583537340164185,0.31726691126823425,-0.5180373191833496,0.9996064305305481,0.4713183045387268,0.31732937693595886,-0.518120527267456,0.9996852278709412,0.45767951011657715,0.31850728392601013,-0.5185337662696838,0.999696671962738,0.5540985465049744,0.34658315777778625,-0.19710437953472137,0.9988478422164917,0.442009299993515,0.33614200353622437,-0.33978694677352905,0.9999043345451355,0.5195218324661255,0.39502108097076416,-0.41413044929504395,0.9997894167900085,0.4802432656288147,0.39253777265548706,-0.45338916778564453,0.9999235272407532,0.6050695776939392,0.5734225511550903,0.09940262138843536,0.9965139627456665,0.355110228061676,0.5154341459274292,-0.3147600293159485,0.9998722672462463,0.6144309639930725,0.819657564163208,0.24894312024116516,0.14691321551799774,0.30662745237350464,0.7840015292167664,-0.3026690185070038,0.951862633228302,0.6215077638626099,0.9813148379325867,0.07134350389242172,0.07879695296287537,0.30889084935188293,1.0539730787277222,-0.48292747139930725,0.6713093519210815,0.6272588968276978,1.0296086072921753,0.036521315574645996,0.10060285776853561,0.278969943523407,1.138816475868225,-0.552085280418396,0.5559204816818237,0.625514805316925,1.014277696609497,-0.022414730861783028,0.1300739347934723,0.2998446226119995,1.1280282735824585,-0.5952647924423218,0.6224291920661926,0.6145864725112915,0.99444979429245,0.03731575608253479,0.12076540291309357,0.310641348361969,1.0981961488723755,-0.5045138597488403,0.5990014672279358,0.5685961842536926,1.0650255680084229,0.11403973400592804,0.07104995846748352,0.41618984937667847,1.0196179151535034,-0.11234758794307709,0.14939278364181519,0.5642653703689575,1.4436720609664917,0.12192181497812271,0.058972351253032684,0.41113629937171936,1.4658514261245728,-0.08112882077693939,0.06983041018247604,0.5679004192352295,1.7935749292373657,0.4825616776943207,0.007906760089099407,0.4116358757019043,1.8306139707565308,0.16417478024959564,0.011969040147960186,0.5645071268081665,1.8490042686462402,0.5006353259086609,0.004711442161351442,0.3929678499698639,1.8890917301177979,0.17482906579971313,0.01737741380929947,0.5833984017372131,1.904147982597351,0.24095413088798523,0.008305124007165432,0.4647245407104492,1.9388375282287598,-0.171029731631279,0.019767476245760918
0.5041594505310059,0.3534580171108246,-0.5865141153335571,0.9995613694190979,0.5232784748077393,0.3208071291446686,-0.5410252213478088,0.9993305802345276,0.533631443977356,0.3228755593299866,-0.5412797331809998,0.9992790818214417,0.5434691309928894,0.32525497674942017,-0.5413771867752075,0.9990147352218628,0.48798030614852905,0.3172294795513153,-0.5710229277610779,0.9996048212051392,0.47331658005714417,0.3172999322414398,-0.5711575150489807,0.999683141708374,0.4595203995704651,0.3184771239757538,-0.5716208815574646,0.9996951222419739,0.5569943785667419,0.34595972299575806,-0.23053038120269775,0.9988515973091125,0.4440775513648987,0.33615559339523315,-0.36387529969215393,0.9999014735221863,0.521180272102356,0.3946450650691986,-0.4639582633972168,0.999781608581543,0.48280438780784607,0.39226627349853516,-0.5013779401779175,0.9999191761016846,0.6146260499954224,0.5733721256256104,0.0810842365026474,0.9963371157646179,0.35942238569259644,0.5162829756736755,-0.31674501299858093,0.9998637437820435,0.6277765035629272,0.8242835402488708,0.23572519421577454,0.14407537877559662,0.3110094666481018,0.7888429760932922,-0.30330461263656616,0.9499291181564331,0.6352290511131287,0.9809409379959106,0.005505115259438753,0.07898170500993729,0.30811798572540283,1.054141640663147,-0.5158668756484985,0.6634583473205566,0.6404446363449097,1.0263947248458862,-0.03895668685436249,0.10060138255357742,0.2733922302722931,1.138790488243103,-0.5917093753814697,0.5488172769546509,0.6411506533622742,1.0102412700653076,-0.10616819560527802,0.1298193335533142,0.2956450879573822,1.1293154954910278,-0.6438320875167847,0.6157169938087463,0.6303985714912415,0.9914211630821228,-0.03283337503671646,0.12040330469608307,0.30704396963119507,1.0996038913726807,-0.541800856590271,0.5925949215888977,0.5765771865844727,1.0697797536849976,0.11321054399013519,0.07474037259817123,0.42034053802490234,1.0184299945831299,-0.11158597469329834,0.1542055606842041,0.566472589969635,1.4430725574493408,0.15180890262126923,0.059172604233026505,0.4123690724372864,1.4656732082366943,-0.0656033381819725,0.06865404546260834,0.5709487199783325,1.792758822441101,0.5647312998771667,0.00818310584872961,0.41481271386146545,1.8292601108551025,0.22871963679790497,0.012133271433413029,0.5689389109611511,1.8480794429779053,0.5864502191543579,0.004869349300861359,0.3985210657119751,1.8851629495620728,0.24430382251739502,0.01752806268632412,0.5834260582923889,1.9036879539489746,0.2998369634151459,0.008474515751004219,0.46506601572036743,1.93765389919281,-0.11735266447067261,0.019920125603675842
0.507057249546051,0.3535239100456238,-0.5993874669075012,0.9995759725570679,0.5259578227996826,0.32080140709877014,-0.5552156567573547,0.9993565678596497,0.5364057421684265,0.3228233754634857,-0.5554665327072144,0.9993047714233398,0.5465731024742126,0.325134813785553,-0.5555704236030579,0.9990528225898743,0.4912251830101013,0.31731748580932617,-0.5817915201187134,0.9996163249015808,0.47661811113357544,0.31741151213645935,-0.5818871259689331,0.9996910691261292,0.46283459663391113,0.31858816742897034,-0.5823377370834351,0.9997033476829529,0.5602741241455078,0.3455382287502289,-0.24996046721935272,0.9988936185836792,0.4466942846775055,0.33632948994636536,-0.36679598689079285,0.9999021291732788,0.523804247379303,0.39461562037467957,-0.479057252407074,0.9997847080230713,0.4864429831504822,0.39224088191986084,-0.5117706656455994,0.9999196529388428,0.6195040345191956,0.5725345015525818,0.04594472795724869,0.9963231086730957,0.3632456064224243,0.5176735520362854,-0.30660805106163025,0.9998595118522644,0.6354547739028931,0.8251929879188538,0.18318939208984375,0.14607052505016327,0.31276577711105347,0.794905424118042,-0.28559941053390503,0.9481009840965271,0.6497231721878052,0.9757335186004639,-0.07449374347925186,0.08202305436134338,0.2894170880317688,1.0568281412124634,-0.5161235928535461,0.6580601334571838,0.6574087738990784,1.0170570611953735,-0.12865427136421204,0.10372160375118256,0.268698513507843,1.140297293663025,-0.5922361612319946,0.5449121594429016,0.6576951146125793,0.998391330242157,-0.1914341300725937,0.13355444371700287,0.2917062044143677,1.1326743364334106,-0.6454640030860901,0.6124396324157715,0.6458510160446167,0.9811001420021057,-0.11211152374744415,0.12386079132556915,0.30384740233421326,1.1026254892349243,-0.5422476530075073,0.5900738835334778,0.5826435089111328,1.0739914178848267,0.09433341771364212,0.07433566451072693,0.421917200088501,1.018676519393921,-0.09261976927518845,0.1511319875717163,0.572191596031189,1.45163893699646,0.14444179832935333,0.05701441317796707,0.4146336019039154,1.4703501462936401,-0.03815663233399391,0.06505243480205536,0.5774622559547424,1.8020716905593872,0.5496975183486938,0.007952393963932991,0.4209555983543396,1.8334888219833374,0.257429301738739,0.01155337318778038,0.576813280582428,1.8573185205459595,0.5707381367683411,0.004665954038500786,0.407015323638916,1.889054775238037,0.27279040217399597,0.01660977490246296,0.5851330757141113,1.9132875204086304,0.2754485011100769,0.00827815942466259,0.4682694971561432,1.9430135488510132,-0.10191939026117325,0.01901509054005146
0.5102311372756958,0.35351383686065674,-0.5944517850875854,0.9995898008346558,0.5293914079666138,0.32079342007637024,-0.5508054494857788,0.9993842840194702,0.5399629473686218,0.3227976858615875,-0.551054835319519,0.9993306398391724,0.5503630638122559,0.3250950276851654,-0.5511382818222046,0.9990926384925842,0.49453482031822205,0.31731775403022766,-0.5790368914604187,0.9996291995048523,0.4797150194644928,0.31741148233413696,-0.5791240930557251,0.9996998906135559,0.46572384238243103,0.318586140871048,-0.5795600414276123,0.9997133016586304,0.563400149345398,0.3452998101711273,-0.24796290695667267,0.9989432096481323,0.4489174485206604,0.33641377091407776,-0.3690533936023712,0.9999046921730042,0.5270826816558838,0.3945511281490326,-0.4742657542228699,0.9997900724411011,0.4895245134830475,0.3921504616737366,-0.5090129971504211,0.9999204874038696,0.6238323450088501,0.5723167657852173,0.05492265895009041,0.9961881041526794,0.36596542596817017,0.519257664680481,-0.3097761273384094,0.9998556971549988,0.6412371397018433,0.8282594680786133,0.19341863691806793,0.1432023048400879,0.3141253888607025,0.8031575679779053,-0.29124149680137634,0.9490029811859131,0.6499215364456177,0.9837650656700134,-0.05366547778248787,0.08422509580850601,0.292255699634552,1.0725781917572021,-0.5146328806877136,0.6657984852790833,0.6553751826286316,1.028473138809204,-0.10637452453374863,0.10616044700145721,0.2707352340221405,1.1735057830810547,-0.590068519115448,0.553928554058075,0.6560426354408264,1.0098247528076172,-0.16810046136379242,0.1361726075410843,0.2927808463573456,1.1428627967834473,-0.6418120265007019,0.6210730075836182,0.6444947123527527,0.9914788603782654,-0.09056250005960464,0.12666615843772888,0.30459895730018616,1.1121472120285034,-0.5403439998626709,0.5993741750717163,0.582720160484314,1.0752928256988525,0.0954776257276535,0.07488430291414261,0.422168493270874,1.0535026788711548,-0.09373976290225983,0.15166006982326508,0.5714002847671509,1.4488141536712646,0.12841536104679108,0.05519229546189308,0.41341632604599,1.4592492580413818,-0.04531986266374588,0.06170948967337608,0.5772974491119385,1.7954621315002441,0.5426239371299744,0.00763796316459775,0.4207399785518646,1.8183873891830444,0.23746955394744873,0.01100219041109085,0.5765514969825745,1.8500620126724243,0.565594494342804,0.004481215495616198,0.4068693220615387,1.8735569715499878,0.25108492374420166,0.015855681151151657,0.5850499272346497,1.9048876762390137,0.27274972200393677,0.007966825738549232,0.46831583976745605,1.9285966157913208,-0.10699180513620377,0.01844835840165615
0.5146244764328003,0.35236310958862305,-0.586074948310852,0.9996213912963867,0.533877432346344,0.31905287504196167,-0.5478612780570984,0.9994320869445801,0.5443037152290344,0.3208884000778198,-0.5480479001998901,0.9993810653686523,0.5546828508377075,0.32310885190963745,-0.5480388402938843,0.9991618394851685,0.49907416105270386,0.31608831882476807,-0.5710159540176392,0.9996572136878967,0.48393136262893677,0.31622153520584106,-0.5710644721984863,0.9997222423553467,0.46978655457496643,0.31721118092536926,-0.5714683532714844,0.9997350573539734,0.5664798021316528,0.34319618344306946,-0.24692237377166748,0.9990247488021851,0.4516755938529968,0.33558109402656555,-0.3683205842971802,0.9999117851257324,0.5310654640197754,0.39275434613227844,-0.4731546938419342,0.9998048543930054,0.4933127462863922,0.3904110789299011,-0.5038160085678101,0.9999260902404785,0.6258418560028076,0.5721008777618408,0.05429272726178169,0.9962304830551147,0.3680916428565979,0.5191024541854858,-0.3126770555973053,0.999860942363739,0.641189694404602,0.828691840171814,0.1890689730644226,0.14095079898834229,0.31403103470802307,0.8070628046989441,-0.29204457998275757,0.950193464756012,0.6477463841438293,0.9932021498680115,-0.04526142030954361,0.0877438485622406,0.29351991415023804,1.079639196395874,-0.5059830546379089,0.6789926886558533,0.6527522802352905,1.0405148267745972,-0.1033693328499794,0.11125306040048599,0.2720365524291992,1.1838144063949585,-0.5782886743545532,0.5700872540473938,0.6533735990524292,1.022613763809204,-0.16557349264621735,0.14213401079177856,0.2996225655078888,1.169806957244873,-0.621985137462616,0.6361210346221924,0.6417931914329529,1.0034573078155518,-0.08297330141067505,0.13293491303920746,0.30586811900138855,1.114938735961914,-0.5288344025611877,0.6156097054481506,0.5811983346939087,1.0742583274841309,0.09650983661413193,0.07439954578876495,0.41989192366600037,1.060891032218933,-0.09477589279413223,0.15049871802330017,0.5656715631484985,1.4479180574417114,0.11809126287698746,0.05303831398487091,0.40691813826560974,1.457786202430725,-0.05232452601194382,0.0586935356259346,0.5713547468185425,1.7951486110687256,0.4808424115180969,0.00729410583153367,0.4124310612678528,1.8180530071258545,0.18782776594161987,0.010406248271465302,0.5696355104446411,1.8495782613754272,0.49819833040237427,0.004288585856556892,0.3963307738304138,1.873465657234192,0.19676683843135834,0.01486665103584528,0.5819507837295532,1.9046096801757812,0.22988052666187286,0.007721558678895235,0.46485233306884766,1.928398847579956,-0.13565446436405182,0.01773574948310852
0.5171308517456055,0.35016778111457825,-0.6206572651863098,0.9996453523635864,0.5373838543891907,0.31631579995155334,-0.5787796378135681,0.9994686841964722,0.5478758811950684,0.31811389327049255,-0.5789793133735657,0.9994182586669922,0.558342695236206,0.3203982710838318,-0.578972578048706,0.999214231967926,0.5019229650497437,0.3139078915119171,-0.6039379239082336,0.9996782541275024,0.4863603711128235,0.31415706872940063,-0.603986382484436,0.9997385740280151,0.471942663192749,0.3150947690010071,-0.6044086217880249,0.9997516870498657,0.5702356696128845,0.3405859172344208,-0.27754369378089905,0.9990845322608948,0.45407867431640625,0.33405229449272156,-0.3912304639816284,0.999917209148407,0.5336117148399353,0.3891450762748718,-0.5019950270652771,0.9998161792755127,0.49520182609558105,0.3871263265609741,-0.5337042212486267,0.9999303817749023,0.6281854510307312,0.5716153979301453,0.043406806886196136,0.9962053894996643,0.3697471022605896,0.5164916515350342,-0.33695095777511597,0.9998640418052673,0.6456770300865173,0.8299455046653748,0.15579134225845337,0.14071142673492432,0.31376951932907104,0.8078557252883911,-0.31922730803489685,0.9505513310432434,0.6491597890853882,0.9952266812324524,-0.09465920180082321,0.09387952834367752,0.2934805750846863,1.088573932647705,-0.5381589531898499,0.6905359029769897,0.652917742729187,1.0430183410644531,-0.14957460761070251,0.11929695308208466,0.2730075716972351,1.1891266107559204,-0.6201632022857666,0.5849094390869141,0.6535614132881165,1.0233509540557861,-0.20930035412311554,0.15172544121742249,0.2994003891944885,1.1646076440811157,-0.6632857322692871,0.6500540375709534,0.6421497464179993,1.0045089721679688,-0.13193920254707336,0.1417480707168579,0.30673128366470337,1.1210514307022095,-0.5615558624267578,0.6298198103904724,0.5809288024902344,1.0741784572601318,0.10076101869344711,0.07106293737888336,0.419475793838501,1.0638089179992676,-0.0988239049911499,0.1443376988172531,0.5648802518844604,1.4476624727249146,0.10311399400234222,0.050731539726257324,0.4066658914089203,1.4534010887145996,-0.1252368986606598,0.05598838999867439,0.5692599415779114,1.7949358224868774,0.468879371881485,0.006850007921457291,0.4091334342956543,1.818047285079956,0.12430553138256073,0.009765825234353542,0.5669032335281372,1.8499070405960083,0.48454180359840393,0.004011529963463545,0.3913620114326477,1.87405264377594,0.13382917642593384,0.013854441232979298,0.5812034010887146,1.9051517248153687,0.19339343905448914,0.007356559857726097,0.46379393339157104,1.928707242012024,-0.23455774784088135,0.01714065857231617
0.5191329121589661,0.34761449694633484,-0.6139128804206848,0.9996415972709656,0.5401872396469116,0.3127211034297943,-0.5720368027687073,0.9994688034057617,0.5506634712219238,0.3142341375350952,-0.5722447633743286,0.9994125366210938,0.5611230134963989,0.31634002923965454,-0.5723082423210144,0.9992139935493469,0.5044270753860474,0.31121930480003357,-0.5974551439285278,0.999675989151001,0.48849210143089294,0.31167253851890564,-0.5975105166435242,0.9997342824935913,0.4737527370452881,0.3126026690006256,-0.5979512929916382,0.9997512698173523,0.573373019695282,0.33642950654029846,-0.27481284737586975,0.9990797638893127,0.45666131377220154,0.33135780692100525,-0.3871486783027649,0.999916672706604,0.5360358357429504,0.38620510697364807,-0.4958617687225342,0.9998154044151306,0.49679309129714966,0.3845456838607788,-0.527413010597229,0.9999305009841919,0.6308994293212891,0.5695690512657166,0.03857680410146713,0.9961593747138977,0.371266633272171,0.5124863386154175,-0.3285265564918518,0.999862551689148,0.6521030068397522,0.8304207921028137,0.145931676030159,0.1456976681947708,0.31367477774620056,0.8071489930152893,-0.30840373039245605,0.9508037567138672,0.6505837440490723,0.9869794249534607,-0.1179787740111351,0.0985930860042572,0.2883991599082947,1.08622407913208,-0.5353679060935974,0.6960907578468323,0.6530167460441589,1.0309536457061768,-0.17588165402412415,0.12352556735277176,0.2666005790233612,1.1798940896987915,-0.616437554359436,0.5903719067573547,0.6529417037963867,1.007649540901184,-0.2308163344860077,0.156353160738945,0.2948530912399292,1.164032220840454,-0.6615148186683655,0.6551195383071899,0.642074465751648,0.9920950531959534,-0.15289665758609772,0.14631757140159607,0.30522939562797546,1.1196180582046509,-0.5586845874786377,0.6360252499580383,0.5840011239051819,1.0756666660308838,0.10086890310049057,0.07077319175004959,0.4194713532924652,1.0311179161071777,-0.09892439097166061,0.14308398962020874,0.5650103092193604,1.4520798921585083,0.10364081710577011,0.04996003583073616,0.4070252776145935,1.454261064529419,-0.14098916947841644,0.05533287301659584,0.567602276802063,1.8035825490951538,0.47408851981163025,0.006597023457288742,0.4069983959197998,1.8212558031082153,0.1151774525642395,0.009354124777019024,0.5650703310966492,1.8604720830917358,0.4900924265384674,0.0038583860732614994,0.3892485797405243,1.8785136938095093,0.12617602944374084,0.013228525407612324,0.5772607326507568,1.9151233434677124,0.19266058504581451,0.00706280954182148,0.46003809571266174,1.9341661930084229,-0.2517762780189514,0.016466690227389336
0.5202611684799194,0.34669944643974304,-0.6404000520706177,0.9996519088745117,0.5417706370353699,0.31075039505958557,-0.5988181233406067,0.9994862675666809,0.5522206425666809,0.31219395995140076,-0.5990623831748962,0.9994266033172607,0.562525749206543,0.31421124935150146,-0.5990827679634094,0.9992340803146362,0.5055378675460815,0.30916067957878113,-0.6229287981987,0.9996867775917053,0.4894513189792633,0.30940544605255127,-0.6230025291442871,0.9997420310974121,0.47450095415115356,0.31016215682029724,-0.6234725713729858,0.9997605085372925,0.5746130347251892,0.33320534229278564,-0.297870934009552,0.9991001486778259,0.4578588604927063,0.3279421031475067,-0.40194448828697205,0.999920129776001,0.5369682908058167,0.3851305842399597,-0.5197902917861938,0.999819815158844,0.4973785877227783,0.38356977701187134,-0.5492620468139648,0.9999329447746277,0.6313430666923523,0.565530002117157,0.03364523500204086,0.9959795475006104,0.37131884694099426,0.5093886256217957,-0.33214935660362244,0.999864399433136,0.6513341665267944,0.8306752443313599,0.13961736857891083,0.14476917684078217,0.309880793094635,0.806976318359375,-0.31464818120002747,0.9520063996315002,0.6503960490226746,0.9751807451248169,-0.13526710867881775,0.1034419983625412,0.2778606712818146,1.0880777835845947,-0.5541678071022034,0.7090997695922852,0.6526026725769043,1.017206072807312,-0.19419941306114197,0.1300715208053589,0.25937196612358093,1.1811262369155884,-0.638943076133728,0.6065672039985657,0.653821587562561,0.9909027218818665,-0.2525020241737366,0.16393762826919556,0.2882997989654541,1.1618908643722534,-0.6862868666648865,0.6700251698493958,0.6428921818733215,0.9762031435966492,-0.17235054075717926,0.1533227264881134,0.30068904161453247,1.1187628507614136,-0.5790448784828186,0.6518159508705139,0.5842852592468262,1.076764464378357,0.10502131283283234,0.0686955377459526,0.419300377368927,1.0204877853393555,-0.10298410803079605,0.14004004001617432,0.5648981928825378,1.4492213726043701,0.0951618179678917,0.05092811957001686,0.40750426054000854,1.4485154151916504,-0.16812489926815033,0.05641801282763481,0.5667071342468262,1.8024990558624268,0.4655800759792328,0.006542170885950327,0.4067440629005432,1.8210985660552979,0.08571256697177887,0.009175462648272514,0.5637505054473877,1.8590505123138428,0.4803353250026703,0.003792036324739456,0.3881034851074219,1.8784781694412231,0.0960841029882431,0.01292477361857891,0.5773048400878906,1.9148439168930054,0.1797625869512558,0.007010969799011946,0.4602815508842468,1.9356707334518433,-0.28287845849990845,0.016577938571572304
0.520122766494751,0.3436170518398285,-0.690731942653656,0.9996703267097473,0.541533887386322,0.30607402324676514,-0.6500937342643738,0.9995128512382507,0.5519827604293823,0.30673283338546753,-0.6502922773361206,0.9994544982910156,0.5621871948242188,0.3077387511730194,-0.650259792804718,0.9992713928222656,0.5050808787345886,0.30589571595191956,-0.6721758246421814,0.9997014403343201,0.48904117941856384,0.3066357672214508,-0.6722730398178101,0.9997534155845642,0.4741695821285248,0.30773264169692993,-0.6727367043495178,0.9997715353965759,0.5746725797653198,0.32508769631385803,-0.3481203019618988,0.9991418123245239,0.4579710066318512,0.3243330121040344,-0.4431515634059906,0.9999237060546875,0.5375210642814636,0.38146868348121643,-0.5697305202484131,0.99982750415802,0.49744677543640137,0.3810707926750183,-0.5967992544174194,0.9999359250068665,0.6333120465278625,0.5611088275909424,-0.015731003135442734,0.9959458112716675,0.3714938759803772,0.5070258975028992,-0.3557303845882416,0.9998657703399658,0.6495416164398193,0.830675482749939,0.08962179720401764,0.14399853348731995,0.30695536732673645,0.8061761260032654,-0.3257373869419098,0.9518042206764221,0.6480042934417725,0.9779404997825623,-0.17699699103832245,0.10669343173503876,0.265638530254364,1.0869674682617188,-0.5642099976539612,0.7150410413742065,0.6514195799827576,1.0207010507583618,-0.2343951016664505,0.13472796976566315,0.24426722526550293,1.1800581216812134,-0.6463107466697693,0.6148155331611633,0.6530481576919556,0.9953193068504333,-0.29304203391075134,0.16980913281440735,0.26602354645729065,1.1607108116149902,-0.699887752532959,0.6786456108093262,0.6427656412124634,0.9800682663917542,-0.21434514224529266,0.15894551575183868,0.28097614645957947,1.1182219982147217,-0.5924108028411865,0.6614848971366882,0.5840669870376587,1.077292561531067,0.1043463721871376,0.06535995751619339,0.4191225469112396,1.0129258632659912,-0.10224585235118866,0.13349227607250214,0.5648233294487,1.4497414827346802,0.0725574642419815,0.049898698925971985,0.4077237546443939,1.4496886730194092,-0.15897490084171295,0.054344698786735535,0.5654181241989136,1.810459017753601,0.45133176445961,0.006236519664525986,0.4039759635925293,1.832844614982605,0.09642817080020905,0.008631318807601929,0.5627278685569763,1.8688231706619263,0.46560636162757874,0.0035911262966692448,0.38448283076286316,1.8944393396377563,0.10582135617733002,0.012110637500882149,0.574557363986969,1.9261504411697388,0.14787353575229645,0.006744725164026022,0.45855599641799927,1.9508302211761475,-0.2837311029434204,0.015950437635183334
0.5199245810508728,0.33355411887168884,-0.6828266382217407,0.9996839761734009,0.5411301851272583,0.29573214054107666,-0.6412889957427979,0.9995338916778564,0.5516082644462585,0.29639288783073425,-0.641441822052002,0.9994767904281616,0.5618158578872681,0.29746586084365845,-0.6414538621902466,0.999302327632904,0.5048123598098755,0.29574277997016907,-0.6631103754043579,0.9997117519378662,0.48888880014419556,0.2966068387031555,-0.663174033164978,0.9997609257698059,0.4740851819515228,0.29801976680755615,-0.6636251211166382,0.9997787475585938,0.5747894048690796,0.31466418504714966,-0.34277838468551636,0.999178946018219,0.4577680230140686,0.31337353587150574,-0.4373917579650879,0.999925971031189,0.5374491810798645,0.3738636374473572,-0.5643028616905212,0.9998325109481812,0.4972505569458008,0.3742157220840454,-0.5910181999206543,0.9999379515647888,0.6346551775932312,0.5560992360115051,-0.02785583958029747,0.9959765672683716,0.37124472856521606,0.5063199996948242,-0.3527018427848816,0.9998641610145569,0.6465731859207153,0.8306837677955627,0.09023470431566238,0.13952571153640747,0.3033182621002197,0.8043612837791443,-0.3242475986480713,0.9469619393348694,0.6489329934120178,0.978216290473938,-0.15865939855575562,0.10369757562875748,0.2547908127307892,1.0841084718704224,-0.5582329034805298,0.7043474316596985,0.6563383340835571,1.0208277702331543,-0.21246246993541718,0.1324767768383026,0.22801952064037323,1.1551387310028076,-0.6385313868522644,0.606827974319458,0.6587861180305481,0.9960309267044067,-0.2706497609615326,0.16785277426242828,0.2521879971027374,1.1453202962875366,-0.6914268732070923,0.6731880307197571,0.6460707783699036,0.9809030294418335,-0.19568456709384918,0.15740440785884857,0.2673999071121216,1.1115659475326538,-0.586419403553009,0.6572685837745667,0.5851223468780518,1.077405571937561,0.09889671206474304,0.06026800349354744,0.41975483298301697,1.0127451419830322,-0.09657562524080276,0.12285690009593964,0.5690313577651978,1.4663246870040894,0.06222567707300186,0.04605377838015556,0.4081050753593445,1.4709147214889526,-0.14998352527618408,0.04987122491002083,0.5659693479537964,1.8345619440078735,0.44672346115112305,0.005704508628696203,0.40424054861068726,1.8586018085479736,0.10475379228591919,0.007852040231227875,0.5633131265640259,1.8951165676116943,0.4611654281616211,0.0032836715690791607,0.384613573551178,1.9231747388839722,0.11385778337717056,0.011017335578799248,0.5748567581176758,1.9492076635360718,0.13216780126094818,0.006214930210262537,0.45870059728622437,1.972145915031433,-0.2860565483570099,0.014609330333769321
0.5187060832977295,0.3248552083969116,-0.7178850173950195,0.9996910095214844,0.541074812412262,0.2869419753551483,-0.6730893850326538,0.9995443820953369,0.5513654947280884,0.28746968507766724,-0.6733068823814392,0.999487578868866,0.5615161657333374,0.28873273730278015,-0.6733432412147522,0.9993196129798889,0.5028880834579468,0.287124902009964,-0.6942964196205139,0.9997153878211975,0.48661914467811584,0.2879367470741272,-0.6944686770439148,0.9997628331184387,0.4723944664001465,0.28949403762817383,-0.6949595212936401,0.9997814893722534,0.5745165944099426,0.3058878779411316,-0.3604504466056824,0.9991836547851562,0.4574678838253021,0.3054048418998718,-0.4521315097808838,0.9999262094497681,0.5372319221496582,0.36674654483795166,-0.5940040946006775,0.9998330473899841,0.49619776010513306,0.3681722581386566,-0.6198858022689819,0.9999384880065918,0.6360158324241638,0.551379919052124,-0.024916984140872955,0.9959525465965271,0.3711853623390198,0.5050150156021118,-0.3560209572315216,0.9998599886894226,0.6480854153633118,0.8332583904266357,0.07654303312301636,0.1376211941242218,0.2963085174560547,0.8037149906158447,-0.32853323221206665,0.9447247385978699,0.6610708832740784,0.9769963026046753,-0.21767982840538025,0.1058807373046875,0.2364312708377838,1.0842205286026,-0.5801624059677124,0.7052273750305176,0.6724352836608887,1.0168107748031616,-0.280141681432724,0.13629329204559326,0.21314258873462677,1.1568771600723267,-0.6639046669006348,0.608964204788208,0.6763946413993835,0.9927454590797424,-0.34223610162734985,0.17306816577911377,0.24022500216960907,1.14951753616333,-0.7216772437095642,0.6764607429504395,0.661749005317688,0.978811502456665,-0.25755956768989563,0.16271580755710602,0.25645822286605835,1.1191834211349487,-0.6108710765838623,0.6619210839271545,0.586183488368988,1.0775234699249268,0.10290513187646866,0.057270266115665436,0.4210035800933838,1.0085487365722656,-0.10041148960590363,0.11664772033691406,0.5700109601020813,1.46445894241333,0.06814123690128326,0.04350851848721504,0.4116392731666565,1.4681247472763062,-0.18445327877998352,0.04694753885269165,0.5663386583328247,1.8305188417434692,0.4525236189365387,0.005277964286506176,0.40426430106163025,1.8540585041046143,0.07513202726840973,0.007243317551910877,0.5640137791633606,1.8918904066085815,0.46736592054367065,0.0030512779485434294,0.38278651237487793,1.9190579652786255,0.08408235013484955,0.010174800641834736,0.5749584436416626,1.9452120065689087,0.1455681174993515,0.005786925088614225,0.45886534452438354,1.9677339792251587,-0.320194810628891,0.013738162815570831
0.514907717704773,0.3128291666507721,-0.6879221200942993,0.9997001886367798,0.5382968187332153,0.27446386218070984,-0.6443483829498291,0.9995582103729248,0.5493577718734741,0.27437055110931396,-0.6445680856704712,0.9995041489601135,0.5594996809959412,0.2748182713985443,-0.6446096301078796,0.9993433952331543,0.49595460295677185,0.27604469656944275,-0.6673181653022766,0.9997206926345825,0.479438453912735,0.2771237790584564,-0.6674548387527466,0.99976646900177,0.46677273511886597,0.27886518836021423,-0.6679287552833557,0.9997844099998474,0.5733309984207153,0.29194268584251404,-0.33776941895484924,0.9992100596427917,0.4534114897251129,0.29684221744537354,-0.4390292763710022,0.9999270439147949,0.5363860130310059,0.3561244308948517,-0.5661333799362183,0.9998361468315125,0.4929998815059662,0.3602050840854645,-0.5943077802658081,0.999939501285553,0.636506199836731,0.5447329878807068,-0.010060418397188187,0.9961346387863159,0.36984366178512573,0.5033910870552063,-0.3403220474720001,0.9998601675033569,0.648411750793457,0.8328407406806946,0.08527673780918121,0.13727375864982605,0.2854399085044861,0.7996137142181396,-0.3056599497795105,0.942757248878479,0.6645799875259399,0.9717516303062439,-0.17524424195289612,0.10877504199743271,0.22555211186408997,1.0721895694732666,-0.5712524056434631,0.7030652165412903,0.6784700751304626,1.0110293626785278,-0.2310892641544342,0.14011035859584808,0.19541588425636292,1.1520111560821533,-0.6532943248748779,0.6060980558395386,0.6808637380599976,0.9883724451065063,-0.28936296701431274,0.17838463187217712,0.2215787172317505,1.1466591358184814,-0.7111837267875671,0.6752748489379883,0.6656531691551208,0.9747241735458374,-0.2117413729429245,0.16838937997817993,0.2387833148241043,1.1182211637496948,-0.6009140014648438,0.6626690030097961,0.5934701561927795,1.0775494575500488,0.1037164181470871,0.05439303442835808,0.42697349190711975,1.0101406574249268,-0.10118603706359863,0.1100970134139061,0.5876418352127075,1.4720704555511475,0.09526856243610382,0.04100189730525017,0.42653948068618774,1.4803718328475952,-0.16891637444496155,0.0439300574362278,0.5871122479438782,1.8458093404769897,0.5066798329353333,0.004891789052635431,0.4196487367153168,1.8746051788330078,0.10040415823459625,0.006662386003881693,0.5851913690567017,1.9099479913711548,0.5234947204589844,0.0028239658568054438,0.3963421583175659,1.9425734281539917,0.11329774558544159,0.009364656172692776,0.6000670194625854,1.9610018730163574,0.19031429290771484,0.005407931283116341,0.48589205741882324,1.9878264665603638,-0.2934029698371887,0.012804430909454823
0.5109111666679382,0.3044017255306244,-0.6795148849487305,0.999694287776947,0.5346378684043884,0.26614463329315186,-0.6363632082939148,0.9995408654212952,0.5461572408676147,0.2659040689468384,-0.636604905128479,0.9994869828224182,0.5562673807144165,0.266152560710907,-0.6366299390792847,0.9993188977241516,0.4898352026939392,0.26790061593055725,-0.6577780246734619,0.9997092485427856,0.4736509919166565,0.26885172724723816,-0.6579115390777588,0.9997570514678955,0.46214133501052856,0.27005159854888916,-0.6584020853042603,0.9997745156288147,0.570967972278595,0.2825498580932617,-0.33518311381340027,0.9991635680198669,0.45066291093826294,0.28834742307662964,-0.4334200322628021,0.9999226927757263,0.5341703295707703,0.348448246717453,-0.5599855184555054,0.999825656414032,0.4903500974178314,0.3539695143699646,-0.5856221914291382,0.9999372959136963,0.6375934481620789,0.5395906567573547,-0.01579478196799755,0.9962498545646667,0.36828604340553284,0.5031865835189819,-0.3224310278892517,0.999855637550354,0.6567946672439575,0.8402087092399597,0.097623810172081,0.13868018984794617,0.2745451331138611,0.7983574271202087,-0.3054922819137573,0.9413360953330994,0.6952637434005737,0.9461449980735779,-0.13023224472999573,0.11487141251564026,0.21100445091724396,1.0711479187011719,-0.5819563865661621,0.701117753982544,0.7150899171829224,0.9775944948196411,-0.1799345165491104,0.146150141954422,0.18031874299049377,1.1695410013198853,-0.6604605913162231,0.6016837358474731,0.7170601487159729,0.9568372368812561,-0.23781618475914001,0.18622012436389923,0.21118910610675812,1.1665585041046143,-0.7262951135635376,0.6723487377166748,0.6993746161460876,0.9486409425735474,-0.1643790900707245,0.17699842154979706,0.23013846576213837,1.1385478973388672,-0.6153165698051453,0.6628718376159668,0.6077029705047607,1.0778942108154297,0.10103876888751984,0.0527290478348732,0.4308190941810608,1.0713251829147339,-0.09853662550449371,0.10550501942634583,0.6134428381919861,1.4752570390701294,0.13372358679771423,0.03991668298840523,0.4562278687953949,1.488883376121521,-0.11801798641681671,0.04194764420390129,0.6222308874130249,1.8541913032531738,0.5845580697059631,0.0045997933484613895,0.45970234274864197,1.8837867975234985,0.21198339760303497,0.006168996915221214,0.6219903230667114,1.920454740524292,0.6060287356376648,0.0026500518433749676,0.4378672242164612,1.952567219734192,0.23049533367156982,0.008752748370170593,0.6357589364051819,1.9720704555511475,0.2810280919075012,0.005122913047671318,0.5298455953598022,1.999074935913086,-0.17189206182956696,0.011997844092547894
0.5027775764465332,0.29586756229400635,-0.672455906867981,0.999667763710022,0.5272407531738281,0.2576087713241577,-0.6309471130371094,0.9994864463806152,0.5390090346336365,0.2576766312122345,-0.6311850547790527,0.9994147419929504,0.5498551726341248,0.2583194971084595,-0.6312510967254639,0.9992260336875916,0.48042410612106323,0.25845301151275635,-0.651837170124054,0.9996787309646606,0.46590256690979004,0.2588886618614197,-0.6519548296928406,0.9997323751449585,0.4549867510795593,0.2598162889480591,-0.652428925037384,0.9997563362121582,0.5655328035354614,0.273828387260437,-0.34930500388145447,0.9990399479866028,0.44688358902931213,0.2761934697628021,-0.43036943674087524,0.9999122619628906,0.5288247466087341,0.3419274091720581,-0.5566139221191406,0.9998006820678711,0.48392540216445923,0.34699365496635437,-0.5798624157905579,0.9999316334724426,0.6372678875923157,0.5283922553062439,-0.08573126792907715,0.9961286187171936,0.3659552335739136,0.5008713603019714,-0.3176690936088562,0.9998476505279541,0.6637706756591797,0.8261244893074036,0.05141739919781685,0.14361031353473663,0.26829764246940613,0.7972924113273621,-0.2988787293434143,0.9395206570625305,0.6860266923904419,0.9465001821517944,-0.1321021020412445,0.1115240827202797,0.20477278530597687,1.0896397829055786,-0.5694540143013,0.6873318552970886,0.7007044553756714,0.98393714427948,-0.17876096069812775,0.13979440927505493,0.1773364543914795,1.178618311882019,-0.6318559050559998,0.5833803415298462,0.7034302949905396,0.9634906649589539,-0.23024094104766846,0.1784832626581192,0.20808358490467072,1.1784570217132568,-0.7084890604019165,0.6556830406188965,0.6874512434005737,0.9529256224632263,-0.1629309505224228,0.17021505534648895,0.2265508472919464,1.1496738195419312,-0.6084355115890503,0.6488860249519348,0.6086073517799377,1.0772686004638672,0.052366822957992554,0.049879323691129684,0.43059563636779785,1.0797041654586792,-0.05031581595540047,0.09909329563379288,0.6198567748069763,1.4871172904968262,0.12771731615066528,0.03728547692298889,0.45430511236190796,1.5057823657989502,0.024507829919457436,0.0384245291352272,0.6296892166137695,1.8663798570632935,0.5578799843788147,0.004230000544339418,0.4632856845855713,1.8933922052383423,0.3475634455680847,0.005629612132906914,0.6316450238227844,1.9315412044525146,0.5803227424621582,0.0024336064234375954,0.4478042721748352,1.9610087871551514,0.3673052191734314,0.008019868284463882,0.6318007111549377,1.987989068031311,0.25848275423049927,0.004729743581265211,0.5223802328109741,2.0089399814605713,-0.019283689558506012,0.01098594069480896
0.4947393834590912,0.28155431151390076,-0.82984858751297,0.999687671661377,0.5198315978050232,0.24167373776435852,-0.7830173969268799,0.9995086789131165,0.5318974256515503,0.24213077127933502,-0.7832298278808594,0.9994450211524963,0.5432322025299072,0.24352018535137177,-0.783206582069397,0.9992597103118896,0.4724653363227844,0.24262216687202454,-0.8053728938102722,0.9996923208236694,0.45876628160476685,0.24386535584926605,-0.8054741621017456,0.999744713306427,0.44752344489097595,0.2450403869152069,-0.8059681057929993,0.999764621257782,0.5605055689811707,0.25885915756225586,-0.45402416586875916,0.9990792274475098,0.4401903748512268,0.2597261369228363,-0.5463796257972717,0.9999157786369324,0.5223787426948547,0.32831910252571106,-0.699798583984375,0.999806821346283,0.4769110679626465,0.3326026201248169,-0.7260820269584656,0.999934196472168,0.6343436241149902,0.5184175968170166,-0.09787041693925858,0.9962770938873291,0.3593956232070923,0.4980776607990265,-0.4278792440891266,0.999847948551178,0.6694973707199097,0.8180173635482788,0.05475730821490288,0.14052468538284302,0.2578819990158081,0.7982462048530579,-0.40723076462745667,0.935370147228241,0.6908507943153381,0.9422021508216858,-0.1899278163909912,0.10867415368556976,0.17535069584846497,1.0994845628738403,-0.6831485033035278,0.6835577487945557,0.7081148624420166,0.9813212156295776,-0.23834654688835144,0.1373726725578308,0.14273983240127563,1.1827242374420166,-0.7650664448738098,0.5803303718566895,0.7062746286392212,0.9636949300765991,-0.30291828513145447,0.17669585347175598,0.17305903136730194,1.1839672327041626,-0.8363305926322937,0.6549115777015686,0.6906281113624573,0.9524731040000916,-0.22741833329200745,0.16921722888946533,0.194746196269989,1.1561088562011719,-0.7193152904510498,0.6502351760864258,0.6157025098800659,1.0411860942840576,0.0995439738035202,0.04619298875331879,0.43056026101112366,1.086590051651001,-0.09706287831068039,0.09125369787216187,0.6342649459838867,1.4934536218643188,0.2163832187652588,0.034571073949337006,0.47013282775878906,1.519768238067627,0.01874225027859211,0.03556089475750923,0.6452698707580566,1.8745999336242676,0.7259811162948608,0.0039048653561621904,0.47404569387435913,1.9167050123214722,0.29523059725761414,0.005161418579518795,0.6444908380508423,1.9437696933746338,0.7512942552566528,0.0022412054240703583,0.45349565148353577,1.9892971515655518,0.31649690866470337,0.007355335168540478,0.6612800359725952,1.9973715543746948,0.3930395245552063,0.004443114157766104,0.5460885167121887,2.031775951385498,-0.1079714298248291,0.010190868750214577
0.4879281520843506,0.2672853469848633,-0.962704062461853,0.9997009634971619,0.5133463740348816,0.2251809537410736,-0.9228513836860657,0.9995085597038269,0.5257583260536194,0.22605520486831665,-0.9230388402938843,0.9994505047798157,0.5369771718978882,0.22812071442604065,-0.9230718612670898,0.9992581009864807,0.4661462903022766,0.22642652690410614,-0.9351070523262024,0.9996887445449829,0.45158499479293823,0.2277754247188568,-0.9351833462715149,0.9997406005859375,0.44010743498802185,0.22957630455493927,-0.9356942176818848,0.9997553825378418,0.5550251007080078,0.24428008496761322,-0.6036992073059082,0.9990604519844055,0.43127337098121643,0.24693706631660461,-0.6498990654945374,0.9999097585678101,0.5166311264038086,0.3157655596733093,-0.8366978764533997,0.9998069405555725,0.46949833631515503,0.31929975748062134,-0.8496864438056946,0.9999341368675232,0.6329475045204163,0.5044338703155518,-0.30636462569236755,0.9963969588279724,0.34957122802734375,0.4981319010257721,-0.4703954756259918,0.9998334050178528,0.6724169254302979,0.8079572319984436,-0.21825286746025085,0.14142024517059326,0.246220201253891,0.8131049275398254,-0.426457941532135,0.9347015023231506,0.6987344622612,0.9388114809989929,-0.5402400493621826,0.10542808473110199,0.1401062309741974,1.1384087800979614,-0.6863644123077393,0.6707200407981873,0.7232600450515747,0.9808266162872314,-0.6168147325515747,0.13193006813526154,0.1006876677274704,1.217632532119751,-0.7565250396728516,0.5618346333503723,0.7157536149024963,0.9656774997711182,-0.6736212968826294,0.17071178555488586,0.1241498589515686,1.221469521522522,-0.8478479385375977,0.6389694809913635,0.6976789832115173,0.9535970687866211,-0.5766934156417847,0.1642599105834961,0.15053334832191467,1.1949036121368408,-0.73014897108078,0.6391381025314331,0.6216223239898682,1.0180584192276,0.04885260388255119,0.04342159628868103,0.43157482147216797,1.0905324220657349,-0.04628597944974899,0.0846961960196495,0.6568692922592163,1.4993174076080322,0.18418475985527039,0.031863290816545486,0.4782992899417877,1.5346516370773315,0.11724738031625748,0.0323929525911808,0.6826992034912109,1.8782833814620972,0.7672049403190613,0.0035567190498113632,0.5006155371665955,1.9234328269958496,0.6084017753601074,0.00467305863276124,0.6880108714103699,1.9488091468811035,0.8007152676582336,0.0020432400051504374,0.48668259382247925,1.9971007108688354,0.6426557302474976,0.006677981000393629,0.6845163106918335,2.00465726852417,0.4179011285305023,0.004049471579492092,0.566543698310852,2.0383288860321045,0.20160119235515594,0.00924907810986042
0.480135440826416,0.25544917583465576,-1.0009084939956665,0.9997084736824036,0.5056697726249695,0.20978496968746185,-0.961205780506134,0.9994877576828003,0.5188979506492615,0.21007303893566132,-0.9614094495773315,0.9994366765022278,0.5301849246025085,0.21200837194919586,-0.9614028930664062,0.99922776222229,0.45670169591903687,0.21336226165294647,-0.9721388816833496,0.9996704459190369,0.4416882395744324,0.21531888842582703,-0.9722967147827148,0.9997239112854004,0.43090900778770447,0.21778851747512817,-0.9728385210037231,0.9997329115867615,0.5492712259292603,0.22842168807983398,-0.6405686140060425,0.9989847540855408,0.4216279983520508,0.2362711876630783,-0.6804348826408386,0.9998972415924072,0.5115715861320496,0.30408966541290283,-0.8740259408950806,0.9997996091842651,0.46228036284446716,0.3093545138835907,-0.885413646697998,0.9999317526817322,0.6328303217887878,0.48459962010383606,-0.36244362592697144,0.9965540766716003,0.33934286236763,0.4984320104122162,-0.48049527406692505,0.999815046787262,0.676737904548645,0.7846163511276245,-0.3481767773628235,0.146344855427742,0.2297365665435791,0.845263659954071,-0.42813438177108765,0.9346503615379333,0.7006270289421082,0.9321486353874207,-0.7575972080230713,0.10355528444051743,0.13163377344608307,1.1765743494033813,-0.6650730967521667,0.6577805280685425,0.7248414158821106,0.97849041223526,-0.8478363752365112,0.1284969598054886,0.09387163817882538,1.256497859954834,-0.7312420606613159,0.5429682731628418,0.7120963335037231,0.9651692509651184,-0.8976337313652039,0.16745740175247192,0.11803261190652847,1.2608554363250732,-0.8230745196342468,0.6228317618370056,0.6948103904724121,0.9523494839668274,-0.7921799421310425,0.16146527230739594,0.14410549402236938,1.233361005783081,-0.7081356644630432,0.6275201439857483,0.6350213885307312,1.0057482719421387,0.029282012954354286,0.04138429835438728,0.4352871775627136,1.0942081212997437,-0.026850625872612,0.0791969746351242,0.6735422611236572,1.5003973245620728,0.20511682331562042,0.029727337881922722,0.489204466342926,1.5440388917922974,0.14509820938110352,0.02969306707382202,0.7017741203308105,1.8811980485916138,0.8438221216201782,0.003258188720792532,0.5203507542610168,1.932721734046936,0.6630522012710571,0.004241988528519869,0.708272397518158,1.9535834789276123,0.8830997347831726,0.0018760698148980737,0.5112687349319458,2.007533550262451,0.6998609304428101,0.006088825408369303,0.7001128792762756,2.013828754425049,0.49873653054237366,0.003711454337462783,0.5823155641555786,2.0520386695861816,0.25725409388542175,0.008413329720497131
0.4750494360923767,0.24528378248214722,-0.9523946642875671,0.9997243881225586,0.49955281615257263,0.1969873011112213,-0.9117833375930786,0.9995057582855225,0.5131748914718628,0.1965264230966568,-0.9119426608085632,0.9994583129882812,0.5246945023536682,0.19772984087467194,-0.9119563102722168,0.9992558360099792,0.44974249601364136,0.20300307869911194,-0.9237192869186401,0.999678373336792,0.434124231338501,0.20583511888980865,-0.9237586855888367,0.9997288584709167,0.4230978488922119,0.20918616652488708,-0.9242265820503235,0.9997352957725525,0.5435985326766968,0.21369010210037231,-0.6051000356674194,0.9990212321281433,0.41368475556373596,0.22847838699817657,-0.650807797908783,0.9998962879180908,0.5078800916671753,0.29270628094673157,-0.832790732383728,0.9998054504394531,0.4586731493473053,0.30201488733291626,-0.8455697894096375,0.9999328851699829,0.63272625207901,0.4677340090274811,-0.3566773235797882,0.9967484474182129,0.33501338958740234,0.4985390901565552,-0.4711938500404358,0.9997918605804443,0.6837999224662781,0.7611905932426453,-0.29962673783302307,0.14953501522541046,0.2280518114566803,0.8413787484169006,-0.4150189459323883,0.9314618110656738,0.6961541175842285,0.9257225394248962,-0.5969828367233276,0.10015404969453812,0.10924217849969864,1.1767405271530151,-0.6513773202896118,0.6306366324424744,0.7169705629348755,0.9766559600830078,-0.6642797589302063,0.12389525771141052,0.06444378197193146,1.2559332847595215,-0.7056812047958374,0.5165033936500549,0.7060614824295044,0.9644699692726135,-0.7086905241012573,0.16263820230960846,0.08769148588180542,1.263565182685852,-0.798161506652832,0.5988754034042358,0.6895509958267212,0.9499603509902954,-0.6265615820884705,0.15731070935726166,0.11619113385677338,1.2356349229812622,-0.6833922863006592,0.6083369851112366,0.6410324573516846,1.0001671314239502,0.016361111775040627,0.03864024579524994,0.43561139702796936,1.089475154876709,-0.01372376549988985,0.07277198135852814,0.6732773780822754,1.4996380805969238,0.19232064485549927,0.02733909711241722,0.4883754253387451,1.54366135597229,0.15889021754264832,0.026959726586937904,0.6991685628890991,1.883190393447876,0.8024913668632507,0.0029720214661210775,0.516086995601654,1.9341987371444702,0.6326656937599182,0.003835850628092885,0.7059179544448853,1.954330325126648,0.8403121829032898,0.001710768323391676,0.5091251134872437,2.0065195560455322,0.6657804250717163,0.005518012214452028,0.6940452456474304,2.0187971591949463,0.47024235129356384,0.0033899808768182993,0.5701242685317993,2.0583231449127197,0.23342189192771912,0.007617878261953592
0.467369019985199,0.23657618463039398,-0.9215847849845886,0.9997373819351196,0.49155887961387634,0.18585580587387085,-0.8831689953804016,0.9995256066322327,0.5059248208999634,0.18464112281799316,-0.8833243250846863,0.999479353427887,0.5175637602806091,0.18538516759872437,-0.8834530711174011,0.9992890954017639,0.43998199701309204,0.1944514811038971,-0.8937504887580872,0.9996904134750366,0.42490267753601074,0.1978214681148529,-0.8938661813735962,0.9997376203536987,0.41425150632858276,0.2015322893857956,-0.8942729234695435,0.9997445940971375,0.5378931760787964,0.20173503458499908,-0.5928746461868286,0.9990715980529785,0.4060423970222473,0.221214160323143,-0.6345106363296509,0.9998975992202759,0.5027022957801819,0.283480703830719,-0.8081122636795044,0.999809980392456,0.45087313652038574,0.2940555810928345,-0.8192583918571472,0.9999337196350098,0.6321271657943726,0.45042023062705994,-0.374980092048645,0.9968706965446472,0.33098822832107544,0.4987911581993103,-0.4696474075317383,0.9997559785842896,0.6810048818588257,0.7471893429756165,-0.25416141748428345,0.1521310806274414,0.21579739451408386,0.8453999757766724,-0.4049026072025299,0.9252539277076721,0.6803178787231445,0.9352344274520874,-0.4537017345428467,0.09577655047178268,0.10226903110742569,1.176352858543396,-0.6083027124404907,0.5943323969841003,0.6966391801834106,1.0018538236618042,-0.51451176404953,0.11834760010242462,0.05827711150050163,1.2516824007034302,-0.6567715406417847,0.48496556282043457,0.6708500981330872,0.9923208355903625,-0.5655806064605713,0.1564057171344757,0.07944970577955246,1.260197401046753,-0.7521312832832336,0.5682933330535889,0.6567486524581909,0.9709378480911255,-0.4849306046962738,0.15187832713127136,0.10762639343738556,1.2323017120361328,-0.6535865664482117,0.5822059512138367,0.6384457945823669,0.9828762412071228,0.01075621135532856,0.036451395601034164,0.4363115429878235,1.085752010345459,-0.008305978029966354,0.06756208837032318,0.667705774307251,1.4977149963378906,0.20468667149543762,0.025311404839158058,0.48549431562423706,1.5367772579193115,0.1842283308506012,0.02456073835492134,0.692919135093689,1.8791117668151855,0.7812837362289429,0.0027319511864334345,0.5100201964378357,1.9278818368911743,0.610893189907074,0.0034832358360290527,0.7005200982093811,1.9490734338760376,0.8197517395019531,0.0015760002424940467,0.503786563873291,1.998212456703186,0.6415701508522034,0.005021896678954363,0.6872320175170898,2.0120365619659424,0.48805612325668335,0.003121499205008149,0.5591157078742981,2.0542855262756348,0.2415124922990799,0.006914536003023386
0.46254390478134155,0.2382645457983017,-0.9350374937057495,0.9997366070747375,0.48442167043685913,0.1863064169883728,-0.8935521245002747,0.99951171875,0.4995967745780945,0.18422594666481018,-0.8935966491699219,0.9994713664054871,0.5117772817611694,0.1834065020084381,-0.8936511874198914,0.9992763996124268,0.4323848783969879,0.19546645879745483,-0.904444694519043,0.9996777176856995,0.4177948832511902,0.19860918819904327,-0.9045702219009399,0.9997261166572571,0.40716275572776794,0.2018599808216095,-0.9050759077072144,0.9997291564941406,0.5335349440574646,0.1965259462594986,-0.5921959280967712,0.9990602135658264,0.40018025040626526,0.22145453095436096,-0.6349966526031494,0.9998909831047058,0.49886322021484375,0.2838309109210968,-0.8186353445053101,0.9998044371604919,0.44705599546432495,0.29683926701545715,-0.829879641532898,0.9999309182167053,0.6320622563362122,0.44666969776153564,-0.33879077434539795,0.997031569480896,0.32943084836006165,0.5004110932350159,-0.5015634894371033,0.999742329120636,0.6885963678359985,0.7596389651298523,-0.22695179283618927,0.15821024775505066,0.21526730060577393,0.8482564091682434,-0.4654633104801178,0.9209035634994507,0.683409571647644,0.9361015558242798,-0.45337119698524475,0.09288033843040466,0.09760017693042755,1.1814345121383667,-0.6541083455085754,0.5654684901237488,0.7006481289863586,1.0037071704864502,-0.5064957737922668,0.11413592100143433,0.054002415388822556,1.2568408250808716,-0.7091253995895386,0.45787662267684937,0.6714202761650085,0.993565022945404,-0.5528770089149475,0.15150736272335052,0.07606294006109238,1.264332890510559,-0.798072099685669,0.5408315062522888,0.6572612524032593,0.9724933505058289,-0.48145347833633423,0.14775820076465607,0.10314279794692993,1.2370091676712036,-0.6982347965240479,0.5588720440864563,0.6484850645065308,0.9926122426986694,0.02765631303191185,0.03524328023195267,0.4403313100337982,1.0945096015930176,-0.025022387504577637,0.06333877891302109,0.6824083924293518,1.5089623928070068,0.3049182891845703,0.02322850003838539,0.4894562363624573,1.5622831583023071,0.16179803013801575,0.022456930950284004,0.7075297236442566,1.9013866186141968,0.9360445737838745,0.002507308963686228,0.5170924663543701,1.9593437910079956,0.6447497010231018,0.0031614433974027634,0.7145715951919556,1.9761326313018799,0.9776031374931335,0.0014590234495699406,0.507621169090271,2.030144453048706,0.6793553233146667,0.004568242002278566,0.7146760821342468,2.0387802124023438,0.6251213550567627,0.0028965582605451345,0.5810642242431641,2.0943398475646973,0.2487037628889084,0.00627727247774601
0.45730647444725037,0.24032732844352722,-1.0016156435012817,0.9997363686561584,0.47842511534690857,0.18506810069084167,-0.9639679193496704,0.9994890689849854,0.4946468472480774,0.18221567571163177,-0.9640289545059204,0.9994567632675171,0.5076685547828674,0.1807193160057068,-0.964067280292511,0.9992461800575256,0.424675315618515,0.1952182501554489,-0.9717686772346497,0.9996593594551086,0.40992221236228943,0.1985582858324051,-0.9718425869941711,0.999711275100708,0.39838626980781555,0.20233100652694702,-0.972362220287323,0.9997074007987976,0.5312477350234985,0.1934499740600586,-0.6651572585105896,0.9990218877792358,0.39144620299339294,0.2227160930633545,-0.6936350464820862,0.9998810291290283,0.495683491230011,0.28460928797721863,-0.885209858417511,0.9997977614402771,0.4414200782775879,0.2998312711715698,-0.8922556042671204,0.9999269843101501,0.6320551633834839,0.4440729022026062,-0.40348654985427856,0.9971163272857666,0.32556942105293274,0.5039036870002747,-0.5387019515037537,0.9997005462646484,0.689781129360199,0.7640895843505859,-0.27642756700515747,0.16996297240257263,0.20294778048992157,0.8716881275177002,-0.5082736611366272,0.9215447902679443,0.6935094594955444,0.9350912570953369,-0.4980885088443756,0.09436455368995667,0.08144471049308777,1.191300630569458,-0.7058471441268921,0.5541377067565918,0.7151538133621216,1.0025984048843384,-0.552719235420227,0.11380872875452042,0.03391984477639198,1.2676931619644165,-0.7656559944152832,0.4446274936199188,0.6862321496009827,0.9930956363677979,-0.604866623878479,0.15149013698101044,0.054584383964538574,1.2700345516204834,-0.8565343618392944,0.5293527841567993,0.6698281168937683,0.9716246724128723,-0.527435302734375,0.14886435866355896,0.08416743576526642,1.2420417070388794,-0.7513077855110168,0.5521669983863831,0.6507686376571655,0.992601752281189,0.034978803247213364,0.036099325865507126,0.43992143869400024,1.0923429727554321,-0.03243564814329147,0.061228640377521515,0.6762226223945618,1.5084900856018066,0.2771209478378296,0.022197267040610313,0.4852587580680847,1.5600889921188354,0.16971807181835175,0.02076520398259163,0.703236997127533,1.9009813070297241,0.9106631278991699,0.0023769065737724304,0.5113286972045898,1.9563482999801636,0.6741373538970947,0.0028957356698811054,0.7116782069206238,1.9744911193847656,0.9509797096252441,0.00141547538805753,0.5034365653991699,2.0251262187957764,0.7088013887405396,0.004203007556498051,0.704941987991333,2.044048547744751,0.589277982711792,0.0027402627747505903,0.570470929145813,2.0991883277893066,0.27546125650405884,0.005741877947002649
0.45584774017333984,0.2377404123544693,-1.2454984188079834,0.9997466802597046,0.47788748145103455,0.18077713251113892,-1.1971408128738403,0.9994940161705017,0.49415335059165955,0.17781859636306763,-1.1972110271453857,0.9994587898254395,0.5073563456535339,0.17635081708431244,-1.1971358060836792,0.9992385506629944,0.42239031195640564,0.19161635637283325,-1.2037674188613892,0.9996662139892578,0.40713757276535034,0.1950019747018814,-1.2038867473602295,0.9997138381004333,0.3950933814048767,0.19899170100688934,-1.2044709920883179,0.9997087717056274,0.5306905508041382,0.19162744283676147,-0.8347253799438477,0.9989945292472839,0.3875274658203125,0.22113484144210815,-0.8550456762313843,0.9998822212219238,0.49504828453063965,0.2821529805660248,-1.1059033870697021,0.9997992515563965,0.4377671778202057,0.29930827021598816,-1.1109960079193115,0.9999281764030457,0.6321708559989929,0.4430403411388397,-0.4994408190250397,0.9971002340316772,0.3188057541847229,0.5137868523597717,-0.6487898230552673,0.9996669888496399,0.7087641954421997,0.7607941031455994,-0.4036436676979065,0.1850707232952118,0.17385026812553406,0.9035091400146484,-0.6425244808197021,0.9274690747261047,0.7190492153167725,0.9216044545173645,-0.7522270083427429,0.10617101192474365,0.08770345151424408,1.2269654273986816,-0.8990376591682434,0.5746005177497864,0.7376849055290222,0.9413260221481323,-0.8252542614936829,0.12385612726211548,0.049829065799713135,1.3136069774627686,-0.9753543138504028,0.4602120816707611,0.715469241142273,0.9012819528579712,-0.882895290851593,0.1626872718334198,0.0739683136343956,1.2988923788070679,-1.0582399368286133,0.545146107673645,0.7062941789627075,0.9136907458305359,-0.7842872738838196,0.16102996468544006,0.100396528840065,1.2706762552261353,-0.9391781091690063,0.5699769258499146,0.6506075263023376,1.046872615814209,0.039049942046403885,0.04108801111578941,0.43887215852737427,1.1019688844680786,-0.03655615076422691,0.0642138347029686,0.6802958846092224,1.5297099351882935,0.3180798888206482,0.021473921835422516,0.48528996109962463,1.5870059728622437,0.1887761652469635,0.019741034135222435,0.7124621272087097,1.9223970174789429,1.059799313545227,0.0022376009728759527,0.516156017780304,1.9838624000549316,0.8010468482971191,0.0026739162858575583,0.7208244204521179,1.9948614835739136,1.1067304611206055,0.0013499668566510081,0.509801983833313,2.050147294998169,0.8449389338493347,0.003896892536431551,0.7151072025299072,2.074369192123413,0.7011919617652893,0.0025831584352999926,0.573403537273407,2.137608289718628,0.37253931164741516,0.005323802120983601
0.458240270614624,0.23636487126350403,-1.2780280113220215,0.9997542500495911,0.4794609546661377,0.17819304764270782,-1.221769094467163,0.9994992017745972,0.4950491786003113,0.17515401542186737,-1.2217999696731567,0.9994640946388245,0.5079042911529541,0.17357496917247772,-1.2217398881912231,0.9992387890815735,0.42436376214027405,0.19037781655788422,-1.2344450950622559,0.9996707439422607,0.408501535654068,0.19442859292030334,-1.2345551252365112,0.9997155666351318,0.3960292935371399,0.19883538782596588,-1.2351657152175903,0.9997082948684692,0.5295488834381104,0.18948711454868317,-0.8291326761245728,0.9989749193191528,0.3864547908306122,0.22230055928230286,-0.8767150640487671,0.9998828172683716,0.49631595611572266,0.2806538939476013,-1.1280224323272705,0.9998005032539368,0.4392020106315613,0.29912325739860535,-1.1411305665969849,0.9999287724494934,0.6321523785591125,0.44474175572395325,-0.47764667868614197,0.9972069263458252,0.3142978549003601,0.525428831577301,-0.6651684641838074,0.9996515512466431,0.7140898108482361,0.7628485560417175,-0.3709777295589447,0.19858002662658691,0.16613458096981049,0.9155546426773071,-0.6529291868209839,0.9317584037780762,0.7273186445236206,0.9184896349906921,-0.7631332874298096,0.11084283143281937,0.0996246263384819,1.217706561088562,-0.9377686381340027,0.5815190672874451,0.7348668575286865,0.931480348110199,-0.8483314514160156,0.12607550621032715,0.06504367291927338,1.3013916015625,-1.0237135887145996,0.4606316387653351,0.7272618412971497,0.9019541144371033,-0.9072490930557251,0.16481097042560577,0.08890976756811142,1.2850590944290161,-1.1101375818252563,0.5461499691009521,0.7090383768081665,0.9096047282218933,-0.7983900308609009,0.16376395523548126,0.1131228655576706,1.2572909593582153,-0.9796723127365112,0.5731614828109741,0.6491989493370056,1.0147924423217773,0.044919174164533615,0.04553796723484993,0.4373069703578949,1.1080451011657715,-0.04220438376069069,0.06658880412578583,0.6840595006942749,1.540390133857727,0.3490147292613983,0.020008793100714684,0.4840761721134186,1.5993906259536743,0.20404961705207825,0.018208889290690422,0.7157028913497925,1.9372364282608032,1.1423277854919434,0.002061321632936597,0.5157223343849182,2.0000922679901123,0.8673076629638672,0.002432123990729451,0.7239857912063599,2.0125317573547363,1.1935862302780151,0.001259049866348505,0.5079549551010132,2.0701658725738525,0.9153871536254883,0.0035578927490860224,0.7201610803604126,2.086796760559082,0.7640559673309326,0.002385735511779785,0.5779634714126587,2.1494669914245605,0.41270318627357483,0.004859699867665768
0.45668911933898926,0.23640316724777222,-1.3647477626800537,0.9997569918632507,0.47817564010620117,0.17686152458190918,-1.3075904846191406,0.9994874000549316,0.49417662620544434,0.173834890127182,-1.3075705766677856,0.9994447827339172,0.5074056386947632,0.17245514690876007,-1.3075547218322754,0.9991966485977173,0.4206339716911316,0.1892222762107849,-1.3196892738342285,0.9996683597564697,0.4045685827732086,0.1930667906999588,-1.3197963237762451,0.9997126460075378,0.3921215832233429,0.19718489050865173,-1.3204084634780884,0.9997040629386902,0.5286566615104675,0.18874768912792206,-0.9062556028366089,0.9988937973976135,0.38237857818603516,0.2209210842847824,-0.952256977558136,0.9998812675476074,0.4960917830467224,0.28045177459716797,-1.212526798248291,0.999796450138092,0.43637123703956604,0.29895174503326416,-1.225228190422058,0.9999286532402039,0.6321238279342651,0.4413982927799225,-0.5371254682540894,0.9971893429756165,0.30511921644210815,0.5365287065505981,-0.7243166565895081,0.9996304512023926,0.7140313386917114,0.7658678889274597,-0.33769115805625916,0.21870066225528717,0.1604578197002411,0.9312453866004944,-0.724197268486023,0.9360160827636719,0.7275763750076294,0.9157775640487671,-0.625747561454773,0.12039417028427124,0.10408184677362442,1.2188280820846558,-1.0372569561004639,0.594983696937561,0.7341293096542358,0.9231259822845459,-0.6928812861442566,0.132124662399292,0.07187993824481964,1.3007627725601196,-1.1284873485565186,0.4710962474346161,0.7213637828826904,0.88626629114151,-0.7481560111045837,0.17084193229675293,0.09539984911680222,1.2806785106658936,-1.2130391597747803,0.5565921068191528,0.7054236531257629,0.8939215540885925,-0.6569625735282898,0.1703633964061737,0.11836407333612442,1.2534129619598389,-1.0786243677139282,0.5842913389205933,0.6474798321723938,1.0051666498184204,0.04154063016176224,0.04856057092547417,0.4279462397098541,1.1073728799819946,-0.03896245360374451,0.06746894121170044,0.6802173852920532,1.5446041822433472,0.3499017357826233,0.018501656129956245,0.48291015625,1.5987907648086548,0.23144063353538513,0.016666792333126068,0.7102720141410828,1.9421550035476685,1.1852972507476807,0.0018828239990398288,0.5126656889915466,1.9990136623382568,0.9414992332458496,0.0022047897800803185,0.7178243398666382,2.016369581222534,1.2404414415359497,0.001155613106675446,0.5039759874343872,2.0688116550445557,0.9946563839912415,0.003234496805816889,0.7144742608070374,2.0920722484588623,0.8010438084602356,0.0021922513842582703,0.5736624002456665,2.1495349407196045,0.4810219705104828,0.0044248225167393684
0.45516496896743774,0.23473213613033295,-1.3548378944396973,0.9997309446334839,0.4779265820980072,0.17331665754318237,-1.30879545211792,0.9993430972099304,0.49387258291244507,0.17049814760684967,-1.3086637258529663,0.9992923140525818,0.5071498155593872,0.16917255520820618,-1.3086415529251099,0.9989028573036194,0.41746440529823303,0.18529237806797028,-1.3198106288909912,0.9996025562286377,0.4006231427192688,0.18881915509700775,-1.319922924041748,0.9996607899665833,0.38771456480026245,0.19257332384586334,-1.3204710483551025,0.999638557434082,0.5284678339958191,0.18475575745105743,-0.9431982040405273,0.9984225034713745,0.37696945667266846,0.2149696946144104,-0.9864436984062195,0.9998558163642883,0.4948224425315857,0.2794904112815857,-1.2115379571914673,0.9997066259384155,0.43359312415122986,0.29727187752723694,-1.2232506275177002,0.9999057650566101,0.631191611289978,0.42704254388809204,-0.5471096038818359,0.9967057704925537,0.29866868257522583,0.5390883684158325,-0.7742382884025574,0.9995512366294861,0.7124111652374268,0.7400532364845276,-0.20513901114463806,0.23028072714805603,0.15468613803386688,0.9304330945014954,-0.7728511095046997,0.9387034773826599,0.7228266596794128,0.8952277898788452,-0.2291254699230194,0.13433930277824402,0.10256464779376984,1.217524766921997,-1.021343469619751,0.6083722710609436,0.7338458299636841,0.9081920385360718,-0.24093642830848694,0.14522315561771393,0.07101662456989288,1.2977867126464844,-1.1057261228561401,0.4855386018753052,0.7292460203170776,0.8755577802658081,-0.3044968545436859,0.1841699182987213,0.09635996073484421,1.27876615524292,-1.1799739599227905,0.5692938566207886,0.7047187685966492,0.8747072219848633,-0.2535245418548584,0.18562066555023193,0.11930043995380402,1.2523365020751953,-1.058298110961914,0.5981809496879578,0.6471447944641113,0.9944919943809509,0.053602851927280426,0.05630699172616005,0.42303743958473206,1.1051768064498901,-0.051476042717695236,0.07276388257741928,0.6754454970359802,1.5423280000686646,0.46741852164268494,0.017648208886384964,0.4746825098991394,1.5957828760147095,0.2544826567173004,0.015884455293416977,0.7071200609207153,1.935187578201294,1.2961939573287964,0.0017694908892735839,0.5048108696937561,1.9951794147491455,0.9671027064323425,0.002049501519650221,0.7156205773353577,2.0096986293792725,1.3523085117340088,0.0011040951358154416,0.4973914623260498,2.064422130584717,1.0197744369506836,0.003003654070198536,0.7097612619400024,2.0831823348999023,0.9646785855293274,0.0021619743201881647,0.571803092956543,2.148197650909424,0.5499785542488098,0.004150399472564459
0.4551053047180176,0.22946028411388397,-1.2208293676376343,0.9995832443237305,0.4783244729042053,0.16753460466861725,-1.1742744445800781,0.9988753795623779,0.49418559670448303,0.16458478569984436,-1.1742908954620361,0.9988813996315002,0.50728839635849,0.16301846504211426,-1.174355149269104,0.9981059432029724,0.41796714067459106,0.18006759881973267,-1.1884291172027588,0.9993219375610352,0.40043848752975464,0.18383923172950745,-1.1885701417922974,0.9994627833366394,0.387248694896698,0.18758149445056915,-1.1891615390777588,0.9993792176246643,0.5281093716621399,0.1788843721151352,-0.8195499181747437,0.9974303245544434,0.37502121925354004,0.2109961360692978,-0.8750172853469849,0.9997686147689819,0.4941493570804596,0.2749682366847992,-1.0812925100326538,0.9995130300521851,0.432995080947876,0.2936866879463196,-1.09666109085083,0.9998458027839661,0.6311672925949097,0.42284518480300903,-0.47314780950546265,0.9962877035140991,0.29852622747421265,0.5384647250175476,-0.6799421906471252,0.9994480013847351,0.7089166045188904,0.7388715744018555,-0.15732385218143463,0.2350955605506897,0.16061432659626007,0.9204031229019165,-0.6688879132270813,0.9364002346992493,0.7331236004829407,0.8994296789169312,-0.30011340975761414,0.13528601825237274,0.09903065860271454,1.2145066261291504,-0.9146839380264282,0.6030623912811279,0.7384718656539917,0.9167090058326721,-0.33845245838165283,0.14566899836063385,0.06768156588077545,1.2957632541656494,-0.9942015409469604,0.4816567897796631,0.735020101070404,0.8865630030632019,-0.40453052520751953,0.18426811695098877,0.08993682265281677,1.2711697816848755,-1.077378749847412,0.5653011202812195,0.7062557935714722,0.8679169416427612,-0.33106526732444763,0.18657837808132172,0.11280179023742676,1.2445729970932007,-0.954975426197052,0.5957333445549011,0.6466192007064819,0.9860697984695435,0.07640666514635086,0.06381870806217194,0.4216398596763611,1.10471773147583,-0.07459186017513275,0.07844872027635574,0.6725286841392517,1.5386948585510254,0.40794819593429565,0.01774420775473118,0.4678213596343994,1.5897070169448853,0.21267923712730408,0.015456264838576317,0.7066224813461304,1.9324524402618408,1.1767055988311768,0.001768156187608838,0.49948954582214355,1.9935396909713745,0.8556459546089172,0.0019638915546238422,0.7145934700965881,2.0070009231567383,1.2274677753448486,0.0011715758591890335,0.49077653884887695,2.0661818981170654,0.9024461507797241,0.0029079453088343143,0.7069904208183289,2.079457998275757,0.8347985148429871,0.002257981803268194,0.5687650442123413,2.14111328125,0.4373403489589691,0.0039832196198403835
0.4510461390018463,0.2236502319574356,-1.2109739780426025,0.9993715286254883,0.4767112731933594,0.16058485209941864,-1.172616958618164,0.998088002204895,0.4930230677127838,0.15816575288772583,-1.1726473569869995,0.9981092214584351,0.5064682364463806,0.15720662474632263,-1.172836184501648,0.996832549571991,0.41319745779037476,0.17213626205921173,-1.1797995567321777,0.9988434910774231,0.3952442705631256,0.1755971759557724,-1.1800646781921387,0.9990872740745544,0.38161009550094604,0.1791885942220688,-1.1805849075317383,0.9989455938339233,0.5283673405647278,0.17538787424564362,-0.8536474108695984,0.9955421686172485,0.3691575229167938,0.205095574259758,-0.8771069645881653,0.99955815076828,0.4913908839225769,0.27220338582992554,-1.0814602375030518,0.9991599321365356,0.42651286721229553,0.29020386934280396,-1.0881497859954834,0.9997356534004211,0.6313995122909546,0.4186062812805176,-0.5125395059585571,0.9953123927116394,0.29222699999809265,0.5364943146705627,-0.6676508784294128,0.9992765784263611,0.7080240845680237,0.7304038405418396,-0.2178228199481964,0.2442484349012375,0.15813866257667542,0.9212726354598999,-0.6464241743087769,0.9379470944404602,0.7385894060134888,0.9026286602020264,-0.3361625671386719,0.14436303079128265,0.07443815469741821,1.2167327404022217,-0.8801712989807129,0.619387686252594,0.7441859245300293,0.9203352332115173,-0.3723621964454651,0.1522328406572342,0.03275474160909653,1.2957170009613037,-0.9581731557846069,0.49536752700805664,0.7428913116455078,0.8765189051628113,-0.42666095495224,0.18994911015033722,0.055357057601213455,1.2785518169403076,-1.0418140888214111,0.5760853886604309,0.7123095393180847,0.8697175979614258,-0.3609471321105957,0.19433662295341492,0.08563293516635895,1.2535771131515503,-0.9209182858467102,0.6078732013702393,0.6463667750358582,0.989112913608551,0.06856103241443634,0.09197277575731277,0.43871569633483887,1.0291739702224731,-0.06740469485521317,0.1043471097946167,0.6674908399581909,1.511391520500183,0.5092788934707642,0.02325741946697235,0.4658636152744293,1.5765119791030884,0.36496302485466003,0.021124454215168953,0.7040359973907471,1.912509799003601,1.3584928512573242,0.0021849805489182472,0.4992837905883789,1.9887974262237549,1.097118616104126,0.002616197569295764,0.7122660279273987,1.9921324253082275,1.4236699342727661,0.00160271767526865,0.4913271963596344,2.060199022293091,1.1546318531036377,0.0035844428930431604,0.7092700004577637,2.0616531372070312,1.106448769569397,0.0030008333269506693,0.5733665823936462,2.13350248336792,0.7504684925079346,0.004621356725692749
0.4493502676486969,0.22120219469070435,-1.236756443977356,0.9989280104637146,0.4749094545841217,0.156064972281456,-1.2084400653839111,0.995907723903656,0.4913788437843323,0.1535896211862564,-1.2084662914276123,0.9962480664253235,0.5049595832824707,0.15254858136177063,-1.2086035013198853,0.9931725263595581,0.411485493183136,0.16829968988895416,-1.2174365520477295,0.9977083802223206,0.3933425545692444,0.17207035422325134,-1.217780351638794,0.9984744787216187,0.37948158383369446,0.17574812471866608,-1.2182279825210571,0.998045802116394,0.5270669460296631,0.1699349284172058,-0.9136015176773071,0.9899091124534607,0.36581915616989136,0.2020750492811203,-0.9562624096870422,0.9991995096206665,0.4897535443305969,0.26868149638175964,-1.1122337579727173,0.9977793097496033,0.4234064519405365,0.28729772567749023,-1.123572587966919,0.9994058609008789,0.6284493803977966,0.39823248982429504,-0.5727981328964233,0.9942468404769897,0.28418871760368347,0.5350492000579834,-0.7567093968391418,0.9991793632507324,0.6811661124229431,0.7061657309532166,-0.2119024693965912,0.2580520212650299,0.1476207971572876,0.9316670894622803,-0.7305907011032104,0.9410958290100098,0.7065266370773315,0.9043305516242981,-0.1704702228307724,0.17866021394729614,0.062334757298231125,1.250229001045227,-0.8948045969009399,0.6179519295692444,0.7258404493331909,0.9420893788337708,-0.18769142031669617,0.18202781677246094,0.017512213438749313,1.3423973321914673,-0.9709957838058472,0.4947248697280884,0.7275842428207397,0.9195263385772705,-0.23758825659751892,0.21718670427799225,0.04043561965227127,1.3323630094528198,-1.051531434059143,0.5716270804405212,0.6919724941253662,0.9222000241279602,-0.18987509608268738,0.22184692323207855,0.0733322873711586,1.299853801727295,-0.9355141520500183,0.6052261590957642,0.6435564160346985,0.9806720614433289,0.0685550644993782,0.14054538309574127,0.44777020812034607,1.0031460523605347,-0.0674716904759407,0.15368634462356567,0.6558892130851746,1.393141508102417,0.6229667663574219,0.04077203944325447,0.4585444927215576,1.4748188257217407,0.43028420209884644,0.04346513748168945,0.6708076000213623,1.7404519319534302,1.4543278217315674,0.00641584862023592,0.4948194921016693,1.8344217538833618,1.1606671810150146,0.011402074247598648,0.6648775339126587,1.7986094951629639,1.524219274520874,0.005326543934643269,0.4895983636379242,1.88817298412323,1.219530701637268,0.012347486801445484,0.70405113697052,1.894672155380249,1.3134486675262451,0.010490119457244873,0.572418749332428,1.9847344160079956,0.8893786668777466,0.012022909708321095
0.4416354298591614,0.2201104611158371,-1.164663553237915,0.998557984828949,0.46971216797828674,0.1521977335214615,-1.1600525379180908,0.9944229125976562,0.48764437437057495,0.14980445802211761,-1.1599109172821045,0.9950185418128967,0.5021765232086182,0.14891068637371063,-1.1601028442382812,0.9906080961227417,0.40306657552719116,0.16433079540729523,-1.1599372625350952,0.9969300627708435,0.38514724373817444,0.1680368036031723,-1.1603484153747559,0.9979833364486694,0.37126198410987854,0.1715550273656845,-1.1608394384384155,0.9973894953727722,0.5261913537979126,0.16700707376003265,-0.8491546511650085,0.9870070219039917,0.3595871329307556,0.1983577460050583,-0.8981793522834778,0.9989690184593201,0.4833495020866394,0.2664862871170044,-1.0607033967971802,0.9970859289169312,0.4141005873680115,0.2856837511062622,-1.0626462697982788,0.9992555975914001,0.6273090243339539,0.3976791501045227,-0.5126129984855652,0.9931721687316895,0.279838502407074,0.534737229347229,-0.7144068479537964,0.9990880489349365,0.6696913242340088,0.6887285709381104,-0.17649568617343903,0.25802111625671387,0.14432665705680847,0.9282128214836121,-0.7220004200935364,0.938648521900177,0.6970210075378418,0.8730230927467346,-0.1615254133939743,0.17470477521419525,0.06283801794052124,1.2387641668319702,-0.7967461347579956,0.6125953793525696,0.7226101160049438,0.9224339723587036,-0.16845068335533142,0.1786096841096878,0.01894148625433445,1.3265042304992676,-0.8588902354240417,0.49137938022613525,0.7195801734924316,0.9092008471488953,-0.2219737321138382,0.21253693103790283,0.044906482100486755,1.3162257671356201,-0.9337096214294434,0.566724956035614,0.6885073184967041,0.9047685265541077,-0.18227320909500122,0.21782748401165009,0.0761326253414154,1.2856333255767822,-0.8343935012817383,0.6020296812057495,0.6402318477630615,0.9834621548652649,0.06842638552188873,0.1477530598640442,0.4263548254966736,1.0541905164718628,-0.06721501797437668,0.15872152149677277,0.6559543013572693,1.4179377555847168,0.5053664445877075,0.042567700147628784,0.4556525647640228,1.5214859247207642,0.3320642411708832,0.043810516595840454,0.6800001859664917,1.8167840242385864,1.2608144283294678,0.006533377338200808,0.4953741431236267,1.9220126867294312,0.9991568326950073,0.011131156235933304,0.6756284832954407,1.8908236026763916,1.3166996240615845,0.0055235871113836765,0.4907383918762207,1.9850718975067139,1.0514137744903564,0.01211467757821083,0.7123351693153381,1.9829633235931396,1.0124067068099976,0.011162033304572105,0.5746896862983704,2.084397792816162,0.6190773248672485,0.011829102411866188
0.43881234526634216,0.21528124809265137,-1.257319450378418,0.9981067180633545,0.46832194924354553,0.1432720273733139,-1.2307244539260864,0.9925563335418701,0.48665136098861694,0.14130984246730804,-1.230721116065979,0.9934738874435425,0.5016313195228577,0.14074252545833588,-1.2308626174926758,0.9870198965072632,0.3995952010154724,0.15542002022266388,-1.239985466003418,0.9959192276000977,0.38124576210975647,0.1595592349767685,-1.2404072284698486,0.9974442720413208,0.36722955107688904,0.16341449320316315,-1.240822672843933,0.9965139031410217,0.5263141393661499,0.16002841293811798,-0.9263350367546082,0.9826523661613464,0.35548388957977295,0.19150790572166443,-0.9774328470230103,0.9986938834190369,0.48095211386680603,0.26060745120048523,-1.1323225498199463,0.9955775141716003,0.41027742624282837,0.2809353470802307,-1.1447967290878296,0.998887836933136,0.6250127553939819,0.38886186480522156,-0.556823194026947,0.9918971657752991,0.27424049377441406,0.5317744016647339,-0.7552293539047241,0.9989964962005615,0.661988377571106,0.6740721464157104,-0.16830694675445557,0.26009976863861084,0.14031636714935303,0.929246187210083,-0.6979842782020569,0.9399303793907166,0.6865677237510681,0.8573951125144958,-0.12877285480499268,0.1982547491788864,0.04028194025158882,1.2436167001724243,-0.8023067712783813,0.6170674562454224,0.7092079520225525,0.9091711640357971,-0.1409854292869568,0.20080266892910004,-0.009326047264039516,1.3327521085739136,-0.8713920712471008,0.5002920031547546,0.7051547765731812,0.891125500202179,-0.19678929448127747,0.23295803368091583,0.010689553804695606,1.321271538734436,-0.9357646107673645,0.572760283946991,0.6765695810317993,0.8849048018455505,-0.15007071197032928,0.23859861493110657,0.04701345041394234,1.2901191711425781,-0.8348369598388672,0.6088765859603882,0.6339137554168701,0.971889853477478,0.07499021291732788,0.1842561960220337,0.4321865141391754,1.0087085962295532,-0.07403399050235748,0.19794926047325134,0.6520935297012329,1.3903038501739502,0.5727258920669556,0.0513356477022171,0.4534837603569031,1.4657381772994995,0.35164543986320496,0.053323596715927124,0.6648383140563965,1.74918532371521,1.3960431814193726,0.008117037825286388,0.494788259267807,1.850938320159912,1.0777332782745361,0.014556036330759525,0.6556026339530945,1.810891032218933,1.4635199308395386,0.007258172146975994,0.4899109899997711,1.913130283355713,1.1334922313690186,0.015320423059165478,0.7120192646980286,1.9087148904800415,1.2461379766464233,0.01491976622492075,0.574316680431366,2.0046093463897705,0.7966321706771851,0.015140295028686523
0.44039756059646606,0.20700493454933167,-1.2256901264190674,0.99809330701828,0.46918320655822754,0.13873904943466187,-1.192012906074524,0.992663562297821,0.48721247911453247,0.13766811788082123,-1.192075252532959,0.9934995174407959,0.5020373463630676,0.1374233365058899,-1.1921255588531494,0.9870995283126831,0.40228238701820374,0.14917947351932526,-1.200615644454956,0.9959627389907837,0.38384586572647095,0.15398134291172028,-1.2009084224700928,0.9974600672721863,0.3697248697280884,0.15843087434768677,-1.2014415264129639,0.996552586555481,0.5264121294021606,0.15825508534908295,-0.8735215067863464,0.9829290509223938,0.356618195772171,0.1882983297109604,-0.9219573140144348,0.998668372631073,0.4817903935909271,0.25444769859313965,-1.0965576171875,0.9955724477767944,0.4121313989162445,0.2724825143814087,-1.1064174175262451,0.998889148235321,0.6247649192810059,0.38630685210227966,-0.5372025966644287,0.9914458394050598,0.27340248227119446,0.5287996530532837,-0.7128546833992004,0.9988784790039062,0.6635626554489136,0.6765608191490173,-0.17062921822071075,0.2758117616176605,0.14241471886634827,0.9185672402381897,-0.5791276693344116,0.9311165809631348,0.6808497309684753,0.8665996789932251,-0.14778479933738708,0.20648778975009918,0.051453251391649246,1.2088332176208496,-0.7637432813644409,0.6051954030990601,0.7012969851493835,0.9196128845214844,-0.17117421329021454,0.2065831869840622,0.005213170312345028,1.294524908065796,-0.8429683446884155,0.49562641978263855,0.6931552886962891,0.906823456287384,-0.22346770763397217,0.23791904747486115,0.027404120191931725,1.2749592065811157,-0.9265705347061157,0.5663051009178162,0.6679981350898743,0.8930374979972839,-0.16981056332588196,0.2428838163614273,0.06019069626927376,1.2433732748031616,-0.8074296116828918,0.6018152832984924,0.633588433265686,0.962571382522583,0.04094337299466133,0.19583198428153992,0.4163844585418701,1.0389854907989502,-0.03957716375589371,0.20741766691207886,0.6521382927894592,1.4305903911590576,0.5101999044418335,0.0591585598886013,0.4539221227169037,1.4767056703567505,0.3560636639595032,0.052890606224536896,0.6729828119277954,1.818129062652588,1.3027894496917725,0.008262114599347115,0.4948952794075012,1.907364010810852,1.0429548025131226,0.014290996827185154,0.6672018766403198,1.8851267099380493,1.3640081882476807,0.007333564106374979,0.4909573495388031,1.983680009841919,1.093606948852539,0.014878174290060997,0.7106891870498657,1.9847923517227173,1.0700156688690186,0.015711462125182152,0.5734167695045471,2.0552568435668945,0.698861300945282,0.014977668412029743
0.44143733382225037,0.2094077169895172,-1.2229015827178955,0.998012363910675,0.4698198735713959,0.1425158977508545,-1.1946325302124023,0.992567241191864,0.4875749945640564,0.14124654233455658,-1.1946334838867188,0.9932385087013245,0.5023435354232788,0.14079217612743378,-1.194793701171875,0.9867486953735352,0.4037245213985443,0.15278106927871704,-1.2047368288040161,0.9959828853607178,0.3857170045375824,0.1573483794927597,-1.2050397396087646,0.9974600076675415,0.37173783779144287,0.1616310477256775,-1.2054295539855957,0.9966038465499878,0.5261086225509644,0.15968814492225647,-0.90154629945755,0.9827075004577637,0.35812944173812866,0.1895693987607956,-0.953656017780304,0.9986514449119568,0.4823029637336731,0.25639280676841736,-1.0983998775482178,0.9954650402069092,0.41392311453819275,0.27290990948677063,-1.1121617555618286,0.9988850355148315,0.6227768659591675,0.37912842631340027,-0.5862535238265991,0.9909899234771729,0.2692585587501526,0.5271415114402771,-0.696216881275177,0.9988651871681213,0.6628586053848267,0.6663355231285095,-0.16519096493721008,0.30300137400627136,0.1400575041770935,0.9177972078323364,-0.5773199796676636,0.9326955080032349,0.6797360181808472,0.8719743490219116,-0.0312130656093359,0.22351564466953278,0.05738673359155655,1.2205294370651245,-0.7412956953048706,0.6098707318305969,0.6987221837043762,0.940948486328125,-0.0359288789331913,0.21704117953777313,0.013544154353439808,1.3083831071853638,-0.8149458169937134,0.5018858909606934,0.6911402344703674,0.9350804686546326,-0.08533225953578949,0.24633994698524475,0.03641871362924576,1.2909842729568481,-0.8999909162521362,0.5702312588691711,0.6653364300727844,0.9207999110221863,-0.04840543866157532,0.2517271637916565,0.06725136935710907,1.257591962814331,-0.7845293283462524,0.6054841876029968,0.633642315864563,0.9596855044364929,0.017825856804847717,0.21957267820835114,0.42717140913009644,1.001725673675537,-0.01693921722471714,0.23567703366279602,0.6541124582290649,1.435441493988037,0.5059221982955933,0.08264956623315811,0.46570372581481934,1.478280782699585,0.3490055501461029,0.06073063984513283,0.6930464506149292,1.8187785148620605,1.2686225175857544,0.01041644811630249,0.5183809995651245,1.9180091619491577,1.0038893222808838,0.017138859257102013,0.6920130848884583,1.8942267894744873,1.3237265348434448,0.00840004812926054,0.520603597164154,1.989170789718628,1.0515775680541992,0.016820846125483513,0.7217708826065063,1.997106671333313,1.014925241470337,0.02007059007883072,0.5863706469535828,2.070568561553955,0.6584386229515076,0.017273850739002228
0.4395520091056824,0.20772911608219147,-1.1483895778656006,0.9981522560119629,0.4680778384208679,0.14014440774917603,-1.120259165763855,0.9930881261825562,0.4856710433959961,0.13939347863197327,-1.1201879978179932,0.9937166571617126,0.5013137459754944,0.13901114463806152,-1.1203875541687012,0.98768150806427,0.4028860032558441,0.1496172547340393,-1.129439115524292,0.9962680339813232,0.3836901783943176,0.15492317080497742,-1.1297616958618164,0.9976520538330078,0.369032084941864,0.1596549153327942,-1.1299865245819092,0.9968547224998474,0.5261090993881226,0.15835942327976227,-0.8548122644424438,0.9839205145835876,0.35364291071891785,0.1877000480890274,-0.9050483703613281,0.9987476468086243,0.48047780990600586,0.2566729485988617,-1.0322630405426025,0.9957699179649353,0.4117814004421234,0.27160704135894775,-1.0457731485366821,0.9989607930183411,0.6219345331192017,0.3780023753643036,-0.553126335144043,0.9913870692253113,0.2663024961948395,0.5268678665161133,-0.6615047454833984,0.9989341497421265,0.6623961925506592,0.6645781397819519,-0.1279132217168808,0.34163686633110046,0.13775083422660828,0.9170007109642029,-0.5425747036933899,0.936505913734436,0.6749306917190552,0.8748979568481445,-0.008854360319674015,0.2767367959022522,0.05778784677386284,1.22236168384552,-0.6950409412384033,0.6120651364326477,0.6891483068466187,0.9468210935592651,-0.028906648978590965,0.2636983394622803,0.01584175042808056,1.3174558877944946,-0.7751373648643494,0.5075486898422241,0.6827929019927979,0.9386862516403198,-0.07192770391702652,0.2892436981201172,0.03629245609045029,1.294661283493042,-0.8576273918151855,0.5718590021133423,0.6565889716148376,0.923521101474762,-0.025172432884573936,0.2927318811416626,0.06679471582174301,1.2581888437271118,-0.7382432818412781,0.6061391830444336,0.6255573034286499,0.9580078125,0.020664092153310776,0.27781668305397034,0.42779427766799927,0.9901366829872131,-0.019657254219055176,0.2971475124359131,0.6487163305282593,1.3982601165771484,0.5826119184494019,0.1263323277235031,0.461343914270401,1.4646011590957642,0.4697415828704834,0.1024448350071907,0.6840628981590271,1.761240839958191,1.3824212551116943,0.024741198867559433,0.5156814455986023,1.8658946752548218,1.1536328792572021,0.04696010798215866,0.6804080605506897,1.8190271854400635,1.4500553607940674,0.019510863348841667,0.5165244936943054,1.924030065536499,1.2070645093917847,0.04128768667578697,0.721399188041687,1.9179027080535889,1.2408006191253662,0.04725433140993118,0.584620475769043,2.0222408771514893,0.8790196180343628,0.03956787288188934
0.43912291526794434,0.20717228949069977,-1.2365282773971558,0.9981390833854675,0.46763676404953003,0.1386917382478714,-1.205080270767212,0.9927312135696411,0.48516273498535156,0.13835565745830536,-1.205058217048645,0.9935736060142517,0.5011214017868042,0.13815155625343323,-1.2053101062774658,0.9869330525398254,0.40354815125465393,0.14625266194343567,-1.2172454595565796,0.9961417317390442,0.3841709494590759,0.15122006833553314,-1.2175742387771606,0.997674822807312,0.3689301908016205,0.15598425269126892,-1.2179855108261108,0.9967745542526245,0.5260751843452454,0.1579124629497528,-0.9149709939956665,0.9832728505134583,0.352627158164978,0.18480055034160614,-0.9727673530578613,0.9987680912017822,0.47905319929122925,0.25747066736221313,-1.1149842739105225,0.9956682920455933,0.41125065088272095,0.2701956629753113,-1.1318082809448242,0.9989473223686218,0.619969367980957,0.3789590001106262,-0.59535813331604,0.9913580417633057,0.2628500759601593,0.5266832709312439,-0.761611819267273,0.9989599585533142,0.6619106531143188,0.6524633765220642,-0.10697947442531586,0.3672351539134979,0.12814369797706604,0.9417753219604492,-0.7353715300559998,0.9406247735023499,0.6755542159080505,0.8739299774169922,0.10169099271297455,0.32133573293685913,0.059411875903606415,1.3003863096237183,-0.9155759811401367,0.6146771311759949,0.6895548701286316,0.942176103591919,0.11055288463830948,0.30345749855041504,0.018588818609714508,1.4081999063491821,-0.9987810254096985,0.5115989446640015,0.6806512475013733,0.9396177530288696,0.07097258418798447,0.32598188519477844,0.03947338089346886,1.390123724937439,-1.082245945930481,0.5736722946166992,0.6583190560340881,0.9225066304206848,0.09223483502864838,0.3281504809856415,0.06963168829679489,1.3477412462234497,-0.9572864770889282,0.6074051260948181,0.6217709183692932,0.960529625415802,0.02086486481130123,0.3280878961086273,0.4175475239753723,1.0464987754821777,-0.01997096836566925,0.34567832946777344,0.6413034796714783,1.4139440059661865,0.5819506049156189,0.1647368222475052,0.45921698212623596,1.4756988286972046,0.5165669322013855,0.13078968226909637,0.6763685941696167,1.774966835975647,1.441472053527832,0.03235270828008652,0.5148687958717346,1.85757315158844,1.335315465927124,0.05806822329759598,0.6733026504516602,1.8329378366470337,1.5135107040405273,0.02458498440682888,0.5163326263427734,1.9116472005844116,1.4027047157287598,0.05113071948289871,0.7161980271339417,1.9265005588531494,1.2791134119033813,0.060243792831897736,0.584174394607544,2.010859489440918,1.0620225667953491,0.04937628284096718
0.43678027391433716,0.20225906372070312,-1.2212069034576416,0.9982563853263855,0.46543365716934204,0.13243122398853302,-1.1891294717788696,0.9930580258369446,0.4834538996219635,0.1328839361667633,-1.1891545057296753,0.9938935041427612,0.5002667903900146,0.13339532911777496,-1.1893126964569092,0.9874424934387207,0.4028193950653076,0.13791349530220032,-1.2016572952270508,0.9963375926017761,0.38338223099708557,0.14287778735160828,-1.201965570449829,0.997817873954773,0.3676026463508606,0.1481541246175766,-1.2024133205413818,0.9969457983970642,0.5259189009666443,0.1554815173149109,-0.8899718523025513,0.9839290380477905,0.35100582242012024,0.18019071221351624,-0.9457851648330688,0.9988356828689575,0.4769149422645569,0.2562350928783417,-1.0969926118850708,0.9958755373954773,0.40856942534446716,0.2658802568912506,-1.1128579378128052,0.9990052580833435,0.6192924380302429,0.378462016582489,-0.5684128999710083,0.9915682077407837,0.2610026001930237,0.526489794254303,-0.7286949157714844,0.999005138874054,0.6615258455276489,0.655162513256073,-0.08269268274307251,0.3957308828830719,0.1302623450756073,0.9383510947227478,-0.6871167421340942,0.9431719779968262,0.6761974096298218,0.865852415561676,0.10013385117053986,0.3655645549297333,0.0507943257689476,1.3138030767440796,-0.8910037875175476,0.6218512058258057,0.6939713954925537,0.9289357662200928,0.10361931473016739,0.34264418482780457,0.00622852798551321,1.4221889972686768,-0.9759947657585144,0.5216029286384583,0.6865453720092773,0.9141833186149597,0.060393232852220535,0.36304062604904175,0.028930138796567917,1.4068042039871216,-1.063420295715332,0.5813792943954468,0.660768449306488,0.9150329232215881,0.08792315423488617,0.3635200560092926,0.06098204106092453,1.3646397590637207,-0.9349743127822876,0.6141582131385803,0.6218973398208618,0.9620673060417175,0.024027178063988686,0.3602431118488312,0.4134451746940613,1.0806293487548828,-0.023024607449769974,0.3791467845439911,0.6420451998710632,1.4569650888442993,0.5863761901855469,0.18057267367839813,0.4590342938899994,1.5317121744155884,0.44936609268188477,0.1486734300851822,0.6783050894737244,1.8234140872955322,1.425724744796753,0.03485345467925072,0.5144755244255066,1.9241359233856201,1.1952182054519653,0.06551593542098999,0.6754728555679321,1.8838772773742676,1.4923511743545532,0.02574213594198227,0.5142311453819275,1.9833581447601318,1.252417802810669,0.0550563670694828,0.7160345911979675,1.9767354726791382,1.2305498123168945,0.06946391612291336,0.5831443667411804,2.0744709968566895,0.8798061609268188,0.05588826537132263
0.4353531301021576,0.20333704352378845,-1.1314741373062134,0.9982107281684875,0.46348363161087036,0.1329270452260971,-1.0942986011505127,0.9930469393730164,0.48140138387680054,0.13296058773994446,-1.0944526195526123,0.99387526512146,0.49846187233924866,0.13320620357990265,-1.0947961807250977,0.9875202775001526,0.40215760469436646,0.13928383588790894,-1.1150190830230713,0.9963341951370239,0.38212987780570984,0.14400680363178253,-1.115371823310852,0.9978344440460205,0.3655499219894409,0.14893142879009247,-1.115822672843933,0.9969934225082397,0.5247529745101929,0.15385368466377258,-0.7922941446304321,0.983942985534668,0.34778010845184326,0.17976133525371552,-0.8918131589889526,0.9988542795181274,0.4748525619506836,0.2567344307899475,-1.007246732711792,0.9957931637763977,0.40653568506240845,0.2659912109375,-1.034513235092163,0.9990022778511047,0.6172208786010742,0.3780461549758911,-0.5448971390724182,0.9915667772293091,0.2555525004863739,0.5263834595680237,-0.7159608602523804,0.9989839196205139,0.6577942371368408,0.6509445905685425,-0.12586358189582825,0.42177197337150574,0.12377218157052994,0.9456304311752319,-0.6703062057495117,0.9473558068275452,0.6750775575637817,0.8739586472511292,-0.014041481539607048,0.4071407616138458,0.04535265266895294,1.3503108024597168,-0.8477057218551636,0.6330559253692627,0.6926491856575012,0.9398090839385986,-0.06899210065603256,0.37930020689964294,0.0006154744187369943,1.4566779136657715,-0.9446576237678528,0.5330134034156799,0.6833800077438354,0.9312989711761475,-0.09394572675228119,0.3979288339614868,0.025603894144296646,1.449090600013733,-1.0201656818389893,0.5908603072166443,0.6562077403068542,0.9268134236335754,-0.02829088270664215,0.39757320284843445,0.05904528498649597,1.4066799879074097,-0.8887408375740051,0.6231966018676758,0.6171432137489319,0.9627127051353455,0.01811683550477028,0.4092649817466736,0.4094259738922119,1.0777491331100464,-0.01728513464331627,0.4260222613811493,0.6353241801261902,1.3543490171432495,0.6198209524154663,0.20917674899101257,0.4518788754940033,1.436361312866211,0.5155214071273804,0.17694027721881866,0.6584603786468506,1.6685839891433716,1.419194221496582,0.04900307208299637,0.5140957236289978,1.7475756406784058,1.230804443359375,0.08792567253112793,0.6542990207672119,1.710466742515564,1.4894788265228271,0.04045620560646057,0.5134092569351196,1.7836620807647705,1.2898027896881104,0.07741831243038177,0.6937988996505737,1.8148019313812256,1.3134686946868896,0.09218106418848038,0.5745670199394226,1.8916431665420532,0.9998663663864136,0.07084289193153381
0.4349260926246643,0.2037496268749237,-1.2459686994552612,0.9982962012290955,0.46334943175315857,0.12931622564792633,-1.2184772491455078,0.9932193756103516,0.4815674424171448,0.12946848571300507,-1.2184184789657593,0.9941015839576721,0.49861350655555725,0.12996704876422882,-1.218778133392334,0.9878157377243042,0.3999820947647095,0.13659892976284027,-1.231256127357483,0.996451199054718,0.37819093465805054,0.14217478036880493,-1.2315733432769775,0.9979417324066162,0.36067670583724976,0.14788921177387238,-1.232086181640625,0.9971045851707458,0.5248035192489624,0.1520761400461197,-0.9246006011962891,0.9844068884849548,0.3412155508995056,0.17999647557735443,-0.9855847358703613,0.9989175200462341,0.4749360680580139,0.25710776448249817,-1.12325119972229,0.9960231781005859,0.40538865327835083,0.2666684687137604,-1.1407991647720337,0.9990620613098145,0.6152141690254211,0.3796772360801697,-0.607559084892273,0.9916614294052124,0.25198060274124146,0.5253159999847412,-0.7875479459762573,0.9990355968475342,0.6517999768257141,0.6671214699745178,-0.0870945006608963,0.44323527812957764,0.11786502599716187,0.949570894241333,-0.7847403287887573,0.9510603547096252,0.6745851039886475,0.8968951106071472,0.20493049919605255,0.43540269136428833,0.04276375100016594,1.3794174194335938,-0.9469499588012695,0.6338770389556885,0.6923359632492065,0.9605337381362915,0.23833537101745605,0.40325361490249634,-0.0006217779009602964,1.4920178651809692,-1.02238929271698,0.531400203704834,0.6834953427314758,0.9590996503829956,0.1926651895046234,0.42048582434654236,0.023853618651628494,1.4874954223632812,-1.1013623476028442,0.588088870048523,0.6578298807144165,0.9501384496688843,0.19667266309261322,0.41884469985961914,0.05627172440290451,1.442376971244812,-0.9857304692268372,0.6204055547714233,0.61650550365448,0.963066816329956,0.018278885632753372,0.4524161219596863,0.4052884578704834,1.086701512336731,-0.017567168921232224,0.46915704011917114,0.6363914012908936,1.445953130722046,0.581009030342102,0.2559327483177185,0.4520792067050934,1.5216096639633179,0.4785609841346741,0.21615912020206451,0.671442985534668,1.8139824867248535,1.3946928977966309,0.0632329061627388,0.5160181522369385,1.9076688289642334,1.2551534175872803,0.10763628035783768,0.6704849600791931,1.8635847568511963,1.4633632898330688,0.051169201731681824,0.5210049152374268,1.9521522521972656,1.3195114135742188,0.09416551887989044,0.6991308331489563,1.9907928705215454,1.2142913341522217,0.10764893144369125,0.5744951963424683,2.0786423683166504,0.9502192735671997,0.0826360210776329
0.43530362844467163,0.203926220536232,-1.2317254543304443,0.9979241490364075,0.46321266889572144,0.13063347339630127,-1.1980547904968262,0.9918720126152039,0.48142653703689575,0.13059179484844208,-1.1980081796646118,0.9929478764533997,0.49859175086021423,0.13097409904003143,-1.1982471942901611,0.9855993390083313,0.40039458870887756,0.1380985528230667,-1.2100197076797485,0.9958339929580688,0.37877339124679565,0.14336362481117249,-1.2103099822998047,0.9976290464401245,0.3613407611846924,0.1485697478055954,-1.2107852697372437,0.996697187423706,0.5244003534317017,0.1527039259672165,-0.904857337474823,0.9820039868354797,0.34055089950561523,0.18289531767368317,-0.9684796333312988,0.9987697601318359,0.4751729965209961,0.2578409016132355,-1.1045390367507935,0.9955949187278748,0.4058188498020172,0.26714184880256653,-1.120774507522583,0.9989815950393677,0.6151746511459351,0.3801809251308441,-0.606689989566803,0.9910887479782104,0.24989156424999237,0.5250307321548462,-0.7530292272567749,0.9990074038505554,0.6530081033706665,0.6673763990402222,-0.13255037367343903,0.4529215693473816,0.11388411372900009,0.9492509961128235,-0.7422767877578735,0.9528911709785461,0.6754663586616516,0.911311149597168,0.061237335205078125,0.43014469742774963,0.04243575036525726,1.360918402671814,-0.8918272256851196,0.6314233541488647,0.6930937170982361,0.9768024682998657,0.06879445910453796,0.3936956524848938,-0.0005736915627494454,1.466953158378601,-0.9478803873062134,0.526492714881897,0.6846228837966919,0.9751063585281372,0.023531336337327957,0.41081103682518005,0.025980263948440552,1.458640456199646,-1.0252363681793213,0.5833282470703125,0.6589518785476685,0.9627000689506531,0.04801590368151665,0.40958866477012634,0.058051079511642456,1.416336178779602,-0.9272799491882324,0.6156406402587891,0.6167694330215454,0.9638879895210266,0.008220633491873741,0.45968014001846313,0.3972774147987366,1.0875964164733887,-0.007530572824180126,0.47791215777397156,0.6367307305335999,1.4850693941116333,0.44734621047973633,0.2671484053134918,0.4512893259525299,1.5503852367401123,0.42037877440452576,0.21094517409801483,0.6772466897964478,1.874670147895813,1.227469563484192,0.06077571585774422,0.5149555802345276,1.9585344791412354,1.129500150680542,0.10178211331367493,0.6793469190597534,1.9330862760543823,1.2906184196472168,0.048819176852703094,0.5197147130966187,2.0153965950012207,1.1849571466445923,0.08892157673835754,0.6991849541664124,2.0517311096191406,1.0112078189849854,0.1021248996257782,0.5689619779586792,2.124924659729004,0.7925686240196228,0.0778694599866867
0.435524046421051,0.20389841496944427,-1.1029188632965088,0.9977205991744995,0.46185779571533203,0.1308867633342743,-1.0758726596832275,0.9914685487747192,0.47987207770347595,0.1308789700269699,-1.0758392810821533,0.9923691749572754,0.4972384572029114,0.13134202361106873,-1.0761996507644653,0.9849628210067749,0.4007083773612976,0.13808387517929077,-1.0897190570831299,0.995677649974823,0.3792640268802643,0.14336639642715454,-1.0900044441223145,0.9974871277809143,0.362033873796463,0.14872442185878754,-1.0904541015625,0.9966214299201965,0.5223296284675598,0.15312696993350983,-0.8167387247085571,0.9811522364616394,0.34108370542526245,0.18329451978206635,-0.8868163824081421,0.9986978769302368,0.4748478829860687,0.25781935453414917,-0.9932531118392944,0.9955889582633972,0.4063367247581482,0.2665625214576721,-1.012514352798462,0.9989874362945557,0.6152046322822571,0.37903299927711487,-0.5939242839813232,0.9910964965820312,0.24706096947193146,0.5249226689338684,-0.6644386053085327,0.99900883436203,0.6538275480270386,0.6688907742500305,-0.1504129022359848,0.48132362961769104,0.11352881044149399,0.9474283456802368,-0.6029282808303833,0.9550706148147583,0.6734901070594788,0.9359638094902039,0.04818939045071602,0.43887025117874146,0.044113077223300934,1.3458976745605469,-0.7546381950378418,0.6449056267738342,0.6884444952011108,1.0180774927139282,0.05149396136403084,0.3923008441925049,0.001476213103160262,1.4494961500167847,-0.8249044418334961,0.5370380282402039,0.6749526262283325,1.0164954662322998,-0.003808633191511035,0.4083506464958191,0.028647001832723618,1.439412236213684,-0.9007137417793274,0.5922049880027771,0.6495318412780762,0.9993667006492615,0.02196669951081276,0.40870651602745056,0.06109553575515747,1.3983327150344849,-0.7925581932067871,0.6248352527618408,0.6156943440437317,0.9645059108734131,0.0001835795264923945,0.48770618438720703,0.390042245388031,1.0913273096084595,0.0005493232747539878,0.5069039463996887,0.6373934149742126,1.5114506483078003,0.4200465679168701,0.2718210816383362,0.4492664933204651,1.5720465183258057,0.395121306180954,0.20304712653160095,0.6828975081443787,1.9021681547164917,1.2025624513626099,0.05738959088921547,0.5126979947090149,1.9778178930282593,1.091357946395874,0.09471326321363449,0.6867903470993042,1.9609578847885132,1.2658312320709229,0.04603927582502365,0.5185049772262573,2.0361177921295166,1.1459770202636719,0.08251196891069412,0.7005336284637451,2.081036329269409,0.9763895273208618,0.09625007957220078,0.5606805682182312,2.1415090560913086,0.748080313205719,0.07244615256786346
0.43567484617233276,0.20393668115139008,-1.1181528568267822,0.9971722364425659,0.45948082208633423,0.13013525307178497,-1.0928175449371338,0.9899680018424988,0.477241575717926,0.12946949899196625,-1.0928373336791992,0.9908412098884583,0.49491244554519653,0.12947705388069153,-1.093166470527649,0.9825792908668518,0.4005681872367859,0.13878720998764038,-1.1041538715362549,0.9949538111686707,0.3793626129627228,0.14413152635097504,-1.1044503450393677,0.9970248937606812,0.3621169924736023,0.1493651121854782,-1.1049188375473022,0.9961581826210022,0.5205557942390442,0.15170519053936005,-0.8230849504470825,0.9784504175186157,0.33984631299972534,0.18394669890403748,-0.8860863447189331,0.9984760880470276,0.47478532791137695,0.25772035121917725,-1.0064185857772827,0.9951232075691223,0.4064810872077942,0.2668679356575012,-1.021668553352356,0.9988905191421509,0.6152731776237488,0.37760522961616516,-0.5866977572441101,0.9906578660011292,0.24624915421009064,0.523933470249176,-0.6603657007217407,0.99897301197052,0.6549442410469055,0.6700298190116882,-0.21384365856647491,0.4937386214733124,0.1139029860496521,0.9467004537582397,-0.5987828969955444,0.9563997983932495,0.6732118725776672,0.9374923706054688,-0.09639089554548264,0.4324433207511902,0.043078236281871796,1.3385472297668457,-0.7672741413116455,0.6476211547851562,0.6883512735366821,1.012688398361206,-0.11273471266031265,0.3820216655731201,0.00055842159781605,1.4408385753631592,-0.8405576944351196,0.5371012687683105,0.674566388130188,1.0075706243515015,-0.15321719646453857,0.3978596329689026,0.02948937378823757,1.4300768375396729,-0.9203473329544067,0.592334508895874,0.6493666768074036,0.9907830357551575,-0.1125802993774414,0.3992854654788971,0.06180842965841293,1.3893827199935913,-0.8079124689102173,0.6255233287811279,0.6139887571334839,0.9650699496269226,-0.0033298705238848925,0.4878667891025543,0.3867623209953308,1.0908012390136719,0.004239525645971298,0.5100311040878296,0.6379731893539429,1.5179191827774048,0.3758007884025574,0.2750427722930908,0.44801872968673706,1.5757923126220703,0.35544490814208984,0.1946840137243271,0.6854228377342224,1.914870023727417,1.1217083930969238,0.054161377251148224,0.5121492147445679,1.9877115488052368,1.0015889406204224,0.08772701025009155,0.6898682713508606,1.975935697555542,1.18112313747406,0.043276578187942505,0.5178921222686768,2.0481605529785156,1.0518193244934082,0.0767149105668068,0.7014089822769165,2.090672016143799,0.8898210525512695,0.0898967906832695,0.5615271925926208,2.149502754211426,0.6570335626602173,0.06713853776454926
0.43625378608703613,0.20630402863025665,-1.1299493312835693,0.9968065619468689,0.4596450924873352,0.13054925203323364,-1.0960208177566528,0.9889262318611145,0.47729164361953735,0.1298505663871765,-1.0960452556610107,0.9898684024810791,0.49515026807785034,0.12982116639614105,-1.0962423086166382,0.9809884428977966,0.40109944343566895,0.1393454521894455,-1.1073811054229736,0.9944003820419312,0.3794880509376526,0.1446826308965683,-1.1077969074249268,0.9966866970062256,0.3624463975429535,0.1498982310295105,-1.1083135604858398,0.9957733154296875,0.5206267833709717,0.15200074017047882,-0.8426067233085632,0.9767655730247498,0.3397578001022339,0.18337871134281158,-0.901525616645813,0.9983206391334534,0.47481870651245117,0.2606843411922455,-1.0142037868499756,0.9948505759239197,0.40674343705177307,0.268364816904068,-1.029780626296997,0.9988301396369934,0.6153154373168945,0.37704503536224365,-0.5880386829376221,0.990625262260437,0.24449355900287628,0.5238476395606995,-0.6657310724258423,0.9989526271820068,0.6554173231124878,0.6709606647491455,-0.21790054440498352,0.5065146684646606,0.11498359590768814,0.946557879447937,-0.602872908115387,0.9574005603790283,0.6746343970298767,0.9334717988967896,-0.10181500762701035,0.4239532947540283,0.03907366469502449,1.3339260816574097,-0.7662667632102966,0.6411321759223938,0.691970705986023,1.00504732131958,-0.11468560993671417,0.3707678020000458,-0.005458929110318422,1.4370888471603394,-0.8362804651260376,0.5294542908668518,0.6742616891860962,0.9994462132453918,-0.15780723094940186,0.38691920042037964,0.025302786380052567,1.425445556640625,-0.9207345843315125,0.58543860912323,0.6508022546768188,0.9830731153488159,-0.11791343986988068,0.3893163204193115,0.057946644723415375,1.3844211101531982,-0.8088552355766296,0.6195574998855591,0.6143457889556885,0.9653345942497253,-0.0028499627951532602,0.47844377160072327,0.38602563738822937,1.0898915529251099,0.003964868374168873,0.4991573095321655,0.640961229801178,1.5333333015441895,0.3648498058319092,0.27898597717285156,0.44833746552467346,1.579758882522583,0.3200397491455078,0.1850264072418213,0.695271372795105,1.939054012298584,1.0869457721710205,0.050930336117744446,0.512448251247406,2.0047385692596436,0.9239672422409058,0.08087724447250366,0.700404167175293,2.002556800842285,1.1431488990783691,0.04054414480924606,0.5182053446769714,2.0691347122192383,0.9692453145980835,0.07111995667219162,0.708233118057251,2.114380121231079,0.8429633975028992,0.08348605036735535,0.5621827244758606,2.166355848312378,0.5643086433410645,0.061958540230989456
0.43638306856155396,0.20826925337314606,-1.121674656867981,0.9964351058006287,0.45984530448913574,0.13310712575912476,-1.0973892211914062,0.9880329370498657,0.4774875044822693,0.1327480971813202,-1.0973999500274658,0.9889892339706421,0.49519386887550354,0.13305775821208954,-1.0976719856262207,0.9795363545417786,0.4014042913913727,0.1402205526828766,-1.1093733310699463,0.9940246939659119,0.37962886691093445,0.1448153704404831,-1.1096571683883667,0.9964462518692017,0.36263158917427063,0.15027490258216858,-1.1101317405700684,0.9955229163169861,0.5206854939460754,0.15314741432666779,-0.8399295806884766,0.9754670262336731,0.33987873792648315,0.18308953940868378,-0.8980700373649597,0.9982289671897888,0.4741958677768707,0.2634069323539734,-1.0076349973678589,0.9946830868721008,0.4071471095085144,0.2700422406196594,-1.0234601497650146,0.9988043904304504,0.6152607202529907,0.376598984003067,-0.5827087759971619,0.9906404614448547,0.2434622347354889,0.523219883441925,-0.6599849462509155,0.9989691972732544,0.6554986238479614,0.671485960483551,-0.23758606612682343,0.516726016998291,0.1159064993262291,0.9453307390213013,-0.5956286191940308,0.9587277173995972,0.674789547920227,0.9312413930892944,-0.15343719720840454,0.40509387850761414,0.03826729580760002,1.3340117931365967,-0.7473689913749695,0.6353745460510254,0.6918572187423706,1.0005590915679932,-0.16969504952430725,0.3518052101135254,-0.00705143716186285,1.438293218612671,-0.8125945329666138,0.521673858165741,0.6752421259880066,0.9941626191139221,-0.21068325638771057,0.3678043484687805,0.024877002462744713,1.4283300638198853,-0.8992114067077637,0.5780802369117737,0.6518126130104065,0.9784839749336243,-0.16956236958503723,0.3707219660282135,0.05764353275299072,1.38606595993042,-0.790660560131073,0.6133379936218262,0.6169440150260925,0.9656639695167542,-0.0037998054176568985,0.4762575924396515,0.3877605199813843,1.0894200801849365,0.004992123227566481,0.49913719296455383,0.6466382741928101,1.5404174327850342,0.3322489857673645,0.290143221616745,0.4571082592010498,1.5835297107696533,0.3017287254333496,0.17673587799072266,0.707012951374054,1.9464048147201538,1.0125075578689575,0.04939958080649376,0.5256777405738831,2.0094046592712402,0.8814031481742859,0.07514281570911407,0.7129640579223633,2.0093235969543457,1.064860463142395,0.039496444165706635,0.5322198867797852,2.0736749172210693,0.9243448972702026,0.0668114721775055,0.7183363437652588,2.1220269203186035,0.7645522356033325,0.07867294549942017,0.5759361982345581,2.170069456100464,0.5255106687545776,0.057406436651945114
0.4364432692527771,0.2125406712293625,-1.0888104438781738,0.9960649609565735,0.459956556558609,0.14105644822120667,-1.0691696405410767,0.9874832034111023,0.4776056408882141,0.14079423248767853,-1.06913423538208,0.9883167147636414,0.4952370524406433,0.1408204287290573,-1.0694429874420166,0.9788033962249756,0.4017195701599121,0.14578969776630402,-1.0797338485717773,0.9937809109687805,0.3799052834510803,0.1489063948392868,-1.0798879861831665,0.9962297081947327,0.3626927137374878,0.15287713706493378,-1.0803310871124268,0.995379626750946,0.5201989412307739,0.15683886408805847,-0.8118087649345398,0.9748726487159729,0.3401731848716736,0.18342258036136627,-0.8617736101150513,0.9981439113616943,0.4728497564792633,0.26611533761024475,-0.9769285321235657,0.9946315288543701,0.407414048910141,0.2721010744571686,-0.9907377362251282,0.9987959861755371,0.6149255633354187,0.3767450749874115,-0.5823559761047363,0.9908334016799927,0.243928462266922,0.5230506062507629,-0.6193961501121521,0.998989462852478,0.6531722545623779,0.670045793056488,-0.27017924189567566,0.5297690033912659,0.11660762131214142,0.9378267526626587,-0.5597600340843201,0.9600830674171448,0.6680565476417542,0.9295163750648499,-0.21324977278709412,0.3849775493144989,0.03320343419909477,1.3305397033691406,-0.719318151473999,0.6294393539428711,0.6821871399879456,0.9984006881713867,-0.23541037738323212,0.3319007158279419,-0.014095011167228222,1.4348407983779907,-0.7847843170166016,0.513539731502533,0.6671383380889893,0.9921190738677979,-0.2754194140434265,0.34761425852775574,0.019765237346291542,1.4267672300338745,-0.8698989748954773,0.5700085163116455,0.6452661752700806,0.975976288318634,-0.22966203093528748,0.3509151041507721,0.05283205583691597,1.384017825126648,-0.7626436352729797,0.606421172618866,0.6172505617141724,0.9659326672554016,-0.007656114641577005,0.4642793536186218,0.38783079385757446,1.089206337928772,0.00893780030310154,0.48980608582496643,0.6486417055130005,1.5412554740905762,0.30408960580825806,0.28281477093696594,0.45708775520324707,1.5905200242996216,0.247750923037529,0.1654384583234787,0.7113559246063232,1.95558500289917,0.9541152715682983,0.046554043889045715,0.5274165272712708,2.0194942951202393,0.759550929069519,0.06901605427265167,0.7180720567703247,2.0171749591827393,1.0026602745056152,0.0374101921916008,0.5341979265213013,2.0808279514312744,0.7960763573646545,0.062033236026763916,0.7206898927688599,2.1309666633605957,0.6865957975387573,0.07301142811775208,0.5783530473709106,2.1825225353240967,0.3809615969657898,0.05266295373439789
0.434795618057251,0.21257799863815308,-1.0420215129852295,0.9955275654792786,0.4598233103752136,0.14255312085151672,-1.0155222415924072,0.9865371584892273,0.47758230566978455,0.1430772840976715,-1.0154508352279663,0.9871865510940552,0.49521175026893616,0.14378367364406586,-1.0157535076141357,0.9774978756904602,0.40178194642066956,0.14586952328681946,-1.0268290042877197,0.9933308362960815,0.3800813555717468,0.14893420040607452,-1.0269547700881958,0.995856523513794,0.3630415201187134,0.15249750018119812,-1.0274407863616943,0.9951342940330505,0.5199410915374756,0.16033905744552612,-0.7466679215431213,0.9731706976890564,0.342695415019989,0.1825900375843048,-0.7980085015296936,0.9979711174964905,0.4696630537509918,0.2662600576877594,-0.9306325912475586,0.9945521354675293,0.40619581937789917,0.2714810371398926,-0.9450691342353821,0.9987871050834656,0.6146919131278992,0.37683218717575073,-0.55855393409729,0.9909498691558838,0.24357804656028748,0.5226027369499207,-0.5654081106185913,0.999001681804657,0.6526200771331787,0.6702949404716492,-0.33648449182510376,0.5457727909088135,0.11566190421581268,0.9372667670249939,-0.5066916942596436,0.9614586234092712,0.6674954891204834,0.9364311695098877,-0.3850986063480377,0.3598087728023529,0.030119752511382103,1.3200404644012451,-0.7013848423957825,0.6250887513160706,0.6811784505844116,1.0052917003631592,-0.4337157607078552,0.30725976824760437,-0.016668589785695076,1.424898386001587,-0.7710386514663696,0.5040746331214905,0.657336413860321,1.0123333930969238,-0.47030019760131836,0.3223760724067688,0.020437706261873245,1.4167461395263672,-0.8537152409553528,0.5602198243141174,0.6449024677276611,0.9933447241783142,-0.4043053686618805,0.32626500725746155,0.05272615700960159,1.3743079900741577,-0.7435711026191711,0.5982276201248169,0.6175973415374756,0.9661626219749451,-0.014271223917603493,0.44420909881591797,0.3829675316810608,1.0947364568710327,0.015827873721718788,0.4707688093185425,0.6490882635116577,1.5517570972442627,0.2783965468406677,0.2629954516887665,0.44485005736351013,1.6056758165359497,0.24630698561668396,0.1510036587715149,0.7094038128852844,1.9813647270202637,0.9504618644714355,0.04257075861096382,0.5190421342849731,2.0370986461639404,0.7764957547187805,0.062461934983730316,0.7161452770233154,2.0471925735473633,0.9998723268508911,0.03439398482441902,0.5248940587043762,2.1005406379699707,0.8147786855697632,0.05648166313767433,0.7187938690185547,2.1603481769561768,0.6572414636611938,0.06628567725419998,0.5757030248641968,2.204481363296509,0.3769303262233734,0.04765287786722183
0.4343758523464203,0.21294370293617249,-1.0424127578735352,0.9952835440635681,0.4593406319618225,0.14437974989414215,-1.018206000328064,0.9862431287765503,0.4770125448703766,0.14504891633987427,-1.0180838108062744,0.9867390990257263,0.4945980906486511,0.14581353962421417,-1.0183968544006348,0.9772158861160278,0.4019041955471039,0.14701835811138153,-1.0290424823760986,0.9932260513305664,0.3802241086959839,0.14976631104946136,-1.029148817062378,0.9957212209701538,0.3631768226623535,0.15302841365337372,-1.029624104499817,0.9951104521751404,0.5192054510116577,0.16169598698616028,-0.7521030902862549,0.973007321357727,0.3428330421447754,0.18277329206466675,-0.8011640310287476,0.9979537129402161,0.4683983325958252,0.26652103662490845,-0.9314894676208496,0.9947025775909424,0.40591883659362793,0.2715257704257965,-0.945099949836731,0.9988240599632263,0.6146822571754456,0.3769659698009491,-0.5495700240135193,0.9913520216941833,0.24303218722343445,0.5218541622161865,-0.5726324319839478,0.9990531802177429,0.6527704000473022,0.6704663038253784,-0.294262170791626,0.5627418756484985,0.11394181102514267,0.9371011257171631,-0.5131286382675171,0.9632410407066345,0.6671962141990662,0.9430417418479919,-0.28279876708984375,0.33731696009635925,0.030760422348976135,1.3213441371917725,-0.7074791193008423,0.6251634955406189,0.6812453866004944,1.0198487043380737,-0.31746944785118103,0.28543075919151306,-0.015963617712259293,1.426969051361084,-0.7774113416671753,0.4994615316390991,0.6589182615280151,1.0215777158737183,-0.3568478524684906,0.3000457286834717,0.026926228776574135,1.418064832687378,-0.8600543141365051,0.555271327495575,0.6439815759658813,0.9992616772651672,-0.30064141750335693,0.3046090006828308,0.05820614844560623,1.3754723072052002,-0.7493990659713745,0.5950131416320801,0.6178387403488159,0.9676605463027954,-0.013380127027630806,0.429938942193985,0.3814620077610016,1.097232699394226,0.014971606433391571,0.45850422978401184,0.6497635841369629,1.555345058441162,0.27775782346725464,0.2430146336555481,0.43776360154151917,1.615297794342041,0.23085716366767883,0.13760395348072052,0.7087432742118835,1.9897441864013672,0.9536234140396118,0.03877280279994011,0.5151482820510864,2.0463714599609375,0.7606171369552612,0.056421149522066116,0.7157949209213257,2.056612014770508,1.0032662153244019,0.031543079763650894,0.5212157368659973,2.1088850498199463,0.7989329099655151,0.051234569400548935,0.7183963656425476,2.1685380935668945,0.6613298654556274,0.06011567637324333,0.5748488903045654,2.2165544033050537,0.35713469982147217,0.04305826500058174
0.4340399205684662,0.2135242074728012,-1.0336449146270752,0.994926393032074,0.4593541622161865,0.1459132730960846,-1.0079593658447266,0.9858556389808655,0.47707921266555786,0.14661401510238647,-1.00782310962677,0.9861418008804321,0.49464359879493713,0.1473989337682724,-1.0081195831298828,0.9767748117446899,0.40198713541030884,0.14768557250499725,-1.0182313919067383,0.9930059909820557,0.38039228320121765,0.15000763535499573,-1.0182090997695923,0.995469331741333,0.36337023973464966,0.15313908457756042,-1.018660306930542,0.9949830174446106,0.519184410572052,0.16284309327602386,-0.731399655342102,0.9726762771606445,0.3428870737552643,0.18247029185295105,-0.7740333676338196,0.9978967308998108,0.4675265848636627,0.26722192764282227,-0.920301079750061,0.9947999119758606,0.405658096075058,0.2715931832790375,-0.9320076704025269,0.9988478422164917,0.6147056818008423,0.37698841094970703,-0.5409716367721558,0.9916350841522217,0.2432362139225006,0.5200115442276001,-0.5508268475532532,0.9990970492362976,0.6533165574073792,0.6708117723464966,-0.35747164487838745,0.5673304796218872,0.11426834762096405,0.9302903413772583,-0.49803775548934937,0.9640281200408936,0.6688266396522522,0.9426814317703247,-0.4607485830783844,0.31370505690574646,0.02967739664018154,1.3016550540924072,-0.721981406211853,0.6153131723403931,0.6863824129104614,1.018290638923645,-0.518903911113739,0.2640841007232666,-0.01664716750383377,1.4051505327224731,-0.7895852327346802,0.48822298645973206,0.6605802178382874,1.018797516822815,-0.560531497001648,0.2783912420272827,0.025435399264097214,1.3917957544326782,-0.8704409599304199,0.5448955297470093,0.6452981233596802,0.9970188736915588,-0.4849810004234314,0.28370943665504456,0.05628455430269241,1.3516299724578857,-0.7637540102005005,0.5860949158668518,0.6187587976455688,0.9687401056289673,-0.016598988324403763,0.39477473497390747,0.3811647593975067,1.1001609563827515,0.01856302097439766,0.4220796525478363,0.658233642578125,1.5572865009307861,0.2634575366973877,0.21951857209205627,0.43763455748558044,1.6227965354919434,0.22470244765281677,0.12411120533943176,0.7138126492500305,1.998253345489502,0.95243901014328,0.03495877981185913,0.5150288343429565,2.0538198947906494,0.7614948153495789,0.0508045069873333,0.7222821712493896,2.0641214847564697,1.0017918348312378,0.02846454828977585,0.5208406448364258,2.114610195159912,0.8011419177055359,0.04617523029446602,0.7188020944595337,2.1784870624542236,0.6281750798225403,0.05417492985725403,0.5757967233657837,2.225081205368042,0.3263399302959442,0.03878217935562134
0.434039831161499,0.21358032524585724,-1.0778324604034424,0.9949666261672974,0.4593820571899414,0.1471375972032547,-1.0428276062011719,0.986229419708252,0.47711509466171265,0.14810369908809662,-1.0425143241882324,0.9864810109138489,0.4946800768375397,0.1490897238254547,-1.0427191257476807,0.9775288701057434,0.40277332067489624,0.14777138829231262,-1.056196928024292,0.9931593537330627,0.3816342055797577,0.15009893476963043,-1.05597984790802,0.9955243468284607,0.3647947907447815,0.15306095778942108,-1.0563619136810303,0.9950933456420898,0.5187095403671265,0.16494812071323395,-0.7492491602897644,0.9735556840896606,0.3448827266693115,0.18196578323841095,-0.7911235094070435,0.9979350566864014,0.4671907424926758,0.26733115315437317,-0.9542662501335144,0.9949661493301392,0.4057510793209076,0.27144700288772583,-0.9681198000907898,0.9988783001899719,0.6146761178970337,0.37736180424690247,-0.5636394023895264,0.9919684529304504,0.24324655532836914,0.5200422406196594,-0.5540581345558167,0.9991291165351868,0.6550559401512146,0.6849337220191956,-0.4062802195549011,0.5637787580490112,0.11442049592733383,0.9282840490341187,-0.5113242864608765,0.9646043181419373,0.6691527962684631,0.9496850371360779,-0.5194292068481445,0.2909138798713684,0.02331152930855751,1.299436330795288,-0.7483497858047485,0.5994688272476196,0.687687873840332,1.018955945968628,-0.5751307606697083,0.24367164075374603,-0.02414950728416443,1.4004325866699219,-0.8190690279006958,0.47067150473594666,0.6564671993255615,1.0225223302841187,-0.6170246601104736,0.25790634751319885,0.017934370785951614,1.3915282487869263,-0.9036666750907898,0.5294007658958435,0.6455867886543274,0.9977841973304749,-0.5438235402107239,0.26364922523498535,0.04805123805999756,1.3519943952560425,-0.7915213108062744,0.5712805986404419,0.6198965907096863,0.9725053310394287,-0.019802510738372803,0.35922643542289734,0.381206750869751,1.108971118927002,0.022018155083060265,0.3843136727809906,0.6648900508880615,1.5771005153656006,0.27562496066093445,0.1981326937675476,0.43839120864868164,1.6430180072784424,0.24275143444538116,0.11185769736766815,0.7183958888053894,2.027606725692749,0.9886468648910522,0.03150644525885582,0.5149646401405334,2.0831167697906494,0.8037136793136597,0.04573553055524826,0.7286964654922485,2.095200538635254,1.0406348705291748,0.025664707645773888,0.5204508304595947,2.1460843086242676,0.8462006449699402,0.04159547761082649,0.7187309265136719,2.2119882106781006,0.6538670659065247,0.04879869520664215,0.57594895362854,2.257168769836426,0.3561290204524994,0.03491871431469917
0.43330541253089905,0.2135777771472931,-1.0789062976837158,0.9948232173919678,0.45930448174476624,0.14719651639461517,-1.044420599937439,0.9858676791191101,0.47712355852127075,0.1484144628047943,-1.0442148447036743,0.9860818386077881,0.4946914315223694,0.14976471662521362,-1.0444886684417725,0.9767942428588867,0.4025663435459137,0.14747557044029236,-1.0574967861175537,0.9930572509765625,0.3814578950405121,0.14958412945270538,-1.0573631525039673,0.9954673051834106,0.36448967456817627,0.15239599347114563,-1.0576605796813965,0.9950530529022217,0.5186808109283447,0.16623742878437042,-0.7546248435974121,0.9729242920875549,0.344961017370224,0.18135543167591095,-0.7933825850486755,0.997930109500885,0.46680960059165955,0.26742836833000183,-0.958035945892334,0.9949577450752258,0.40484243631362915,0.27121761441230774,-0.9731051325798035,0.9988921284675598,0.6147735118865967,0.3784184157848358,-0.5632673501968384,0.991726815700531,0.2432135045528412,0.5201437473297119,-0.5744736790657043,0.9991600513458252,0.6549180746078491,0.6815496683120728,-0.2812980115413666,0.5589076280593872,0.11505430936813354,0.9233863353729248,-0.5468982458114624,0.9650378823280334,0.6668511033058167,0.9326421618461609,-0.2141510546207428,0.2719353437423706,0.02358068898320198,1.297033667564392,-0.7858789563179016,0.5969630479812622,0.6839312314987183,0.997846782207489,-0.22921235859394073,0.2268369197845459,-0.023486167192459106,1.3978770971298218,-0.862087070941925,0.4672985076904297,0.657859742641449,0.9969227910041809,-0.2714895009994507,0.24045123159885406,0.017193730920553207,1.3883758783340454,-0.9428967237472534,0.5262312889099121,0.6456762552261353,0.9747337102890015,-0.23233135044574738,0.24632829427719116,0.047594837844371796,1.3486782312393188,-0.8285189867019653,0.5686283111572266,0.6210005879402161,0.9740211367607117,-0.017795804888010025,0.3369958996772766,0.3814145028591156,1.1084458827972412,0.019972199574112892,0.36364227533340454,0.6655296087265015,1.5691009759902954,0.2953983247280121,0.1800348460674286,0.43887361884117126,1.6333469152450562,0.23093822598457336,0.10119463503360748,0.7204011082649231,2.006380319595337,1.0130469799041748,0.028484132140874863,0.5162420868873596,2.0656237602233887,0.8254801034927368,0.04122484102845192,0.7294290065765381,2.0724947452545166,1.0665689706802368,0.023247836157679558,0.5218429565429688,2.128056049346924,0.8695065379142761,0.03755943849682808,0.7236288189888,2.1862902641296387,0.7051410675048828,0.044111285358667374,0.5787338018417358,2.2361669540405273,0.40527233481407166,0.0315018892288208
0.43378081917762756,0.2144029140472412,-1.1434757709503174,0.9945700764656067,0.45962730050086975,0.14725463092327118,-1.1184812784194946,0.9849298596382141,0.47759073972702026,0.14846819639205933,-1.1183443069458008,0.9850438833236694,0.4951478838920593,0.14980071783065796,-1.1185990571975708,0.9745723605155945,0.40305575728416443,0.14751285314559937,-1.131024718284607,0.9928204417228699,0.3817485272884369,0.14963971078395844,-1.1311694383621216,0.9953564405441284,0.3645245134830475,0.1524280458688736,-1.1316343545913696,0.9949291348457336,0.51878422498703,0.16624347865581512,-0.8430215120315552,0.9705109000205994,0.3444517254829407,0.180893212556839,-0.8988335728645325,0.9979017972946167,0.4670676290988922,0.26835066080093384,-1.0271528959274292,0.9945645332336426,0.4051101803779602,0.2718700170516968,-1.0438352823257446,0.9988544583320618,0.6153469681739807,0.37857505679130554,-0.5741926431655884,0.9910774230957031,0.24330374598503113,0.5203344225883484,-0.667934238910675,0.9991798996925354,0.6572287678718567,0.6774577498435974,-0.17726188898086548,0.5624589323997498,0.1151992455124855,0.9234197735786438,-0.6325755715370178,0.9659296870231628,0.6749334931373596,0.9047032594680786,-0.006640327163040638,0.2657928168773651,0.03451407700777054,1.3131579160690308,-0.8372572064399719,0.6096158623695374,0.6914392709732056,0.9627810120582581,-0.0013327834894880652,0.21934068202972412,-0.008294975385069847,1.4134994745254517,-0.9098318219184875,0.4794885814189911,0.6792364716529846,0.9554942846298218,-0.043173909187316895,0.23239442706108093,0.03186827152967453,1.4021843671798706,-0.9897569417953491,0.5375891327857971,0.6594990491867065,0.9410885572433472,-0.020359190180897713,0.23875513672828674,0.06282351911067963,1.3624885082244873,-0.8775184750556946,0.579048752784729,0.6255167722702026,0.9745340347290039,-0.012725030072033405,0.33698779344558716,0.385880708694458,1.1079684495925903,0.014322918839752674,0.3682243227958679,0.6663010120391846,1.5693680047988892,0.3346634805202484,0.17302832007408142,0.4524145722389221,1.6285003423690796,0.24324114620685577,0.09433803707361221,0.7223074436187744,1.9968687295913696,1.0992200374603271,0.02631288580596447,0.5238087177276611,2.056643009185791,0.8852584958076477,0.03755280002951622,0.7299565076828003,2.062445640563965,1.1567856073379517,0.021575044840574265,0.5313450694084167,2.1187756061553955,0.9344081878662109,0.03441031649708748,0.7289276719093323,2.1750521659851074,0.8219429850578308,0.040850404649972916,0.5821825265884399,2.2254226207733154,0.5007519721984863,0.028830712661147118
0.4340672492980957,0.21504567563533783,-1.1711385250091553,0.9945877194404602,0.45972681045532227,0.147269144654274,-1.146277666091919,0.9848498702049255,0.47785478830337524,0.14846502244472504,-1.1461725234985352,0.9849785566329956,0.4954063296318054,0.14978064596652985,-1.1464293003082275,0.974396288394928,0.40310901403427124,0.14753203094005585,-1.1583919525146484,0.9928368926048279,0.38176578283309937,0.14966292679309845,-1.1584720611572266,0.9953717589378357,0.3643399178981781,0.15246160328388214,-1.158961534500122,0.9949634075164795,0.5188337564468384,0.16624291241168976,-0.8596318364143372,0.9703859686851501,0.3431990444660187,0.18091221153736115,-0.913074791431427,0.9979109168052673,0.46750718355178833,0.2689604163169861,-1.0508936643600464,0.9945734739303589,0.40518325567245483,0.27288198471069336,-1.0663554668426514,0.9988682866096497,0.6158400774002075,0.37867462635040283,-0.5911641716957092,0.9908795952796936,0.24260970950126648,0.5212896466255188,-0.6784833669662476,0.9991872906684875,0.6575247049331665,0.6773883700370789,-0.2333391010761261,0.5524611473083496,0.11532264947891235,0.9236302971839905,-0.6349815130233765,0.9661173820495605,0.6798474192619324,0.9063058495521545,-0.05653689056634903,0.24777854979038239,0.027719352394342422,1.3238037824630737,-0.8342903852462769,0.6071255803108215,0.6996837854385376,0.9652122855186462,-0.1074460968375206,0.20441597700119019,-0.020812885835766792,1.4246033430099487,-0.9057539105415344,0.4766291677951813,0.685721755027771,0.957541823387146,-0.13563469052314758,0.21754778921604156,0.020999783650040627,1.4194658994674683,-0.9874218702316284,0.5366508364677429,0.6645965576171875,0.9417216777801514,-0.06713573634624481,0.2237340360879898,0.05405266210436821,1.3789571523666382,-0.8757908940315247,0.5774816870689392,0.6288574934005737,0.975368082523346,-0.012236036360263824,0.31186148524284363,0.3860001266002655,1.1096991300582886,0.013816960155963898,0.34174200892448425,0.6705728769302368,1.567588210105896,0.32409027218818665,0.1602572351694107,0.4558301568031311,1.6297249794006348,0.23327532410621643,0.0860508382320404,0.7280351519584656,1.9963454008102417,1.0601098537445068,0.02404124289751053,0.5290514230728149,2.058241844177246,0.8331376910209656,0.03396349027752876,0.7358030080795288,2.0624380111694336,1.1133307218551636,0.01973562128841877,0.5364727973937988,2.1201887130737305,0.8771047592163086,0.03125995397567749,0.7331135869026184,2.176379919052124,0.7477917671203613,0.03722444921731949,0.5863669514656067,2.2276854515075684,0.4220663011074066,0.026126792654395103
0.4340565800666809,0.2150573432445526,-1.203984022140503,0.9945129752159119,0.45974525809288025,0.1473093330860138,-1.1767632961273193,0.9841356873512268,0.4778946340084076,0.14859196543693542,-1.1765799522399902,0.9844480752944946,0.49543899297714233,0.15001162886619568,-1.1768819093704224,0.9729739427566528,0.40298405289649963,0.14754223823547363,-1.189064621925354,0.9925940632820129,0.3816252052783966,0.14968226850032806,-1.1891995668411255,0.995281457901001,0.3641829192638397,0.15249402821063995,-1.1896971464157104,0.994791567325592,0.5186834931373596,0.1665458381175995,-0.8862738609313965,0.9688721895217896,0.3431450128555298,0.18093325197696686,-0.9423792958259583,0.9978795647621155,0.46755656599998474,0.2691425085067749,-1.083053708076477,0.9944111108779907,0.4051714837551117,0.27288809418678284,-1.0989168882369995,0.9988403916358948,0.6158477067947388,0.3787047564983368,-0.5952937602996826,0.9909215569496155,0.24245472252368927,0.5226165056228638,-0.7106515765190125,0.9992123246192932,0.6579838991165161,0.6739757657051086,-0.19901026785373688,0.5581390857696533,0.11509691178798676,0.9272950291633606,-0.6793294548988342,0.966909646987915,0.6807206869125366,0.8866913914680481,-0.04377572983503342,0.24440161883831024,0.02914086915552616,1.3384495973587036,-0.8771551251411438,0.6111181974411011,0.7006939649581909,0.9438628554344177,-0.04319935292005539,0.1992809921503067,-0.018704593181610107,1.4431182146072388,-0.9496533274650574,0.4796559810638428,0.6880909204483032,0.9393706917762756,-0.08640117943286896,0.21221330761909485,0.02211786061525345,1.436715006828308,-1.0324487686157227,0.5394186973571777,0.6665694713592529,0.9252922534942627,-0.058021627366542816,0.2187688648700714,0.05467044189572334,1.3951548337936401,-0.9185651540756226,0.5799786448478699,0.63067626953125,0.9752463102340698,-0.008009303361177444,0.3022370934486389,0.3869880139827728,1.1095489263534546,0.009635234251618385,0.33195731043815613,0.6699924468994141,1.573443055152893,0.34730857610702515,0.1483207494020462,0.45468607544898987,1.636606216430664,0.24031683802604675,0.07889580726623535,0.7268675565719604,2.006300687789917,1.1110315322875977,0.021927224472165108,0.5250390768051147,2.07167649269104,0.8574469685554504,0.030752485617995262,0.7350668907165527,2.0751166343688965,1.1670315265655518,0.018031684681773186,0.5320507884025574,2.1345646381378174,0.9039138555526733,0.02839602902531624,0.7321996688842773,2.1830601692199707,0.8073428869247437,0.03405483812093735,0.5843461751937866,2.2422895431518555,0.43272772431373596,0.0237417109310627
0.4340783953666687,0.21648764610290527,-1.1825330257415771,0.9946286082267761,0.4597655236721039,0.14803434908390045,-1.1555917263031006,0.9842364192008972,0.4779267907142639,0.1492985635995865,-1.1554186344146729,0.9846122860908508,0.4954647123813629,0.15068677067756653,-1.1556880474090576,0.9730406403541565,0.4029647409915924,0.14833423495292664,-1.1675870418548584,0.9927049279212952,0.3816012144088745,0.15048879384994507,-1.167681097984314,0.9953708052635193,0.36410388350486755,0.15333008766174316,-1.1681803464889526,0.9948743581771851,0.5186951756477356,0.16710498929023743,-0.868057906627655,0.9692590236663818,0.3429933786392212,0.18193387985229492,-0.9235919713973999,0.9979480504989624,0.4676194190979004,0.27003780007362366,-1.0630500316619873,0.9945521354675293,0.40521764755249023,0.27441948652267456,-1.0782760381698608,0.9988795518875122,0.6161937713623047,0.37977442145347595,-0.5910908579826355,0.9911300539970398,0.24231338500976562,0.5233858227729797,-0.6953620314598083,0.9992537498474121,0.658492922782898,0.6720231771469116,-0.21082457900047302,0.5556438565254211,0.1147569864988327,0.9279314875602722,-0.6674894690513611,0.9677778482437134,0.685501754283905,0.8817125558853149,-0.10914923250675201,0.23234671354293823,0.025934170931577682,1.3362144231796265,-0.8898352384567261,0.6154968738555908,0.7083553671836853,0.9369851350784302,-0.12007951736450195,0.18867333233356476,-0.02228197641670704,1.4403506517410278,-0.9646393656730652,0.4832404851913452,0.6957986950874329,0.9330406188964844,-0.16319379210472107,0.20173266530036926,0.01789032481610775,1.4331302642822266,-1.0479657649993896,0.5438177585601807,0.6739538908004761,0.9196521639823914,-0.12490185350179672,0.20859621465206146,0.05018767714500427,1.3919798135757446,-0.9320346117019653,0.5844067335128784,0.632880687713623,0.9758082628250122,-0.0035386248491704464,0.27945321798324585,0.3857823610305786,1.113427996635437,0.005402551032602787,0.3074820935726166,0.6707522869110107,1.5774264335632324,0.33231645822525024,0.13440455496311188,0.4524320960044861,1.643959641456604,0.2040547877550125,0.07128704339265823,0.727459728717804,2.016303777694702,1.0851190090179443,0.019794205203652382,0.5235388278961182,2.0788733959198,0.8156941533088684,0.027703342959284782,0.7354196310043335,2.0851495265960693,1.1364449262619019,0.01629066653549671,0.5293922424316406,2.141235828399658,0.8600357174873352,0.025599954649806023,0.7325122952461243,2.1947638988494873,0.7408103942871094,0.03076561726629734,0.5840585827827454,2.249014139175415,0.3716129660606384,0.021408850327134132
0.4342595934867859,0.2197626680135727,-1.1726356744766235,0.9948645234107971,0.45986121892929077,0.1495053768157959,-1.1472584009170532,0.9848385453224182,0.47805675864219666,0.15039601922035217,-1.1471465826034546,0.9852691292762756,0.4955405294895172,0.15151630342006683,-1.147489309310913,0.9740134477615356,0.4029873013496399,0.15059711039066315,-1.1586940288543701,0.9929919242858887,0.38160210847854614,0.15281271934509277,-1.158861517906189,0.9955629706382751,0.36402827501296997,0.1557222455739975,-1.1593430042266846,0.9950669407844543,0.5187161564826965,0.16767488420009613,-0.8459236025810242,0.970543622970581,0.3429625332355499,0.18417789041996002,-0.9024912118911743,0.9980493187904358,0.4678870737552643,0.27220800518989563,-1.0576497316360474,0.9947521686553955,0.40551620721817017,0.2785564959049225,-1.0723968744277954,0.9989261031150818,0.6172558069229126,0.3862549066543579,-0.5571538209915161,0.9913631677627563,0.24239540100097656,0.5247442126274109,-0.6907091736793518,0.999287486076355,0.6604815721511841,0.6727094650268555,-0.21721211075782776,0.5346395373344421,0.11510376632213593,0.9269110560417175,-0.6524481177330017,0.9669293165206909,0.6860825419425964,0.8679433465003967,-0.17126396298408508,0.21774134039878845,0.026297276839613914,1.3300284147262573,-0.8782826662063599,0.6080794334411621,0.709679901599884,0.915824294090271,-0.18068930506706238,0.1773950457572937,-0.02163068763911724,1.4321333169937134,-0.950596034526825,0.4773434102535248,0.6970028281211853,0.9079866409301758,-0.23037762939929962,0.1907210350036621,0.018084872514009476,1.424691081047058,-1.0336214303970337,0.539726972579956,0.6757369041442871,0.8957864046096802,-0.19311559200286865,0.19727174937725067,0.050057362765073776,1.3848097324371338,-0.9203132390975952,0.5798071026802063,0.635784924030304,0.9776023030281067,-0.00181711302138865,0.25460973381996155,0.3859896659851074,1.1199123859405518,0.0038899946957826614,0.28039929270744324,0.6778451204299927,1.5809723138809204,0.3121349513530731,0.12155569344758987,0.45612582564353943,1.6504241228103638,0.18458203971385956,0.06433271616697311,0.7348389029502869,2.0238583087921143,1.0392874479293823,0.017869144678115845,0.5279535055160522,2.087224006652832,0.7790853977203369,0.024949198588728905,0.7433024644851685,2.092339515686035,1.0877381563186646,0.014717885293066502,0.532598078250885,2.14963436126709,0.8215659260749817,0.023074151948094368,0.7374891042709351,2.203141689300537,0.6827565431594849,0.027783751487731934,0.5913413763046265,2.2554574012756348,0.3229770064353943,0.01929849199950695
0.436800092458725,0.22319062054157257,-1.2391116619110107,0.9952649474143982,0.4613189697265625,0.15027876198291779,-1.2103216648101807,0.9858490228652954,0.4795168936252594,0.15063169598579407,-1.2099971771240234,0.9862828254699707,0.4966509938240051,0.151521697640419,-1.2101173400878906,0.9755966067314148,0.4041920304298401,0.15263815224170685,-1.2221964597702026,0.9934905171394348,0.3824729919433594,0.1548101305961609,-1.2222042083740234,0.9958951473236084,0.3644980788230896,0.15752550959587097,-1.2226965427398682,0.9954113364219666,0.5188504457473755,0.16747352480888367,-0.8996734619140625,0.9723374843597412,0.34286612272262573,0.18485113978385925,-0.9525516629219055,0.9982041120529175,0.4703946113586426,0.274784117937088,-1.11394464969635,0.9951180219650269,0.40842023491859436,0.2823997437953949,-1.1286815404891968,0.9990067481994629,0.6175844073295593,0.3872998356819153,-0.57294762134552,0.9917179942131042,0.242427259683609,0.5295934677124023,-0.7368707060813904,0.9993377923965454,0.6607837677001953,0.6738437414169312,-0.14309115707874298,0.5278798341751099,0.11536796391010284,0.9292536973953247,-0.7307843565940857,0.9675703048706055,0.692995011806488,0.8685272932052612,0.031210917979478836,0.21660934388637543,0.032064586877822876,1.3416649103164673,-0.9538723826408386,0.6073245406150818,0.7191884517669678,0.9128758311271667,0.05058954283595085,0.17726142704486847,-0.013037021271884441,1.4507704973220825,-1.0219184160232544,0.47903555631637573,0.7134848833084106,0.9078848958015442,0.001435723970644176,0.19137932360172272,0.02263079769909382,1.4363845586776733,-1.1054025888442993,0.5423448085784912,0.6891188621520996,0.8983045816421509,0.015149245969951153,0.19820234179496765,0.0532580129802227,1.3943523168563843,-0.9948383569717407,0.5821918845176697,0.6365824937820435,0.9789727330207825,0.005547777749598026,0.23526625335216522,0.38927334547042847,1.1221967935562134,-0.0033455197699368,0.25948289036750793,0.679322361946106,1.5830007791519165,0.31476908922195435,0.11021008342504501,0.4578542709350586,1.6555246114730835,0.17711620032787323,0.05817786976695061,0.7353610396385193,2.025916814804077,1.0562572479248047,0.01614619977772236,0.5288678407669067,2.0880661010742188,0.7960817813873291,0.022479994222521782,0.742891252040863,2.09440541267395,1.104626178741455,0.013302510604262352,0.5329861640930176,2.148716926574707,0.8404793739318848,0.020808899775147438,0.7410470843315125,2.201653480529785,0.706264317035675,0.025161536410450935,0.5944582223892212,2.2560372352600098,0.35192710161209106,0.017427872866392136
0.4402253031730652,0.22674189507961273,-1.2552546262741089,0.9955102205276489,0.46320071816444397,0.15292350947856903,-1.2290724515914917,0.9864823222160339,0.48107433319091797,0.15266336500644684,-1.2287622690200806,0.9869083166122437,0.49767279624938965,0.15305356681346893,-1.2288610935211182,0.9764683842658997,0.4066099226474762,0.1563340723514557,-1.2397313117980957,0.9938223958015442,0.38491180539131165,0.15847676992416382,-1.2397053241729736,0.9961184859275818,0.36659860610961914,0.16109472513198853,-1.2401856184005737,0.9956411123275757,0.5188577771186829,0.1684202402830124,-0.9213504791259766,0.9734925627708435,0.34331053495407104,0.1870366930961609,-0.9684878587722778,0.9983109831809998,0.47290998697280884,0.27780500054359436,-1.1287965774536133,0.9953144788742065,0.4120875895023346,0.28606289625167847,-1.1420257091522217,0.9990534782409668,0.6183785796165466,0.3875688314437866,-0.5927690863609314,0.9919539093971252,0.24368003010749817,0.5295794606208801,-0.7365031838417053,0.999377429485321,0.6607927083969116,0.673902690410614,-0.15372410416603088,0.5229841470718384,0.11555685102939606,0.9271870255470276,-0.7253240346908569,0.9684904217720032,0.6924017667770386,0.8682568073272705,0.011197300627827644,0.21028274297714233,0.03618872910737991,1.3369823694229126,-0.9558959007263184,0.6130445003509521,0.717724621295929,0.9146261811256409,0.027503693476319313,0.17130059003829956,-0.007072479929775,1.443738579750061,-1.0264861583709717,0.4838947355747223,0.7114492058753967,0.9102265238761902,-0.02345162257552147,0.18543939292430878,0.028963347896933556,1.4284559488296509,-1.109826922416687,0.5476238131523132,0.6877393126487732,0.899785041809082,-0.006082751788198948,0.19274961948394775,0.05853148177266121,1.3873927593231201,-0.9972078204154968,0.5874196887016296,0.6365575194358826,0.9791775941848755,0.00548382755368948,0.22047241032123566,0.38968902826309204,1.1215158700942993,-0.0033289704006165266,0.2440636157989502,0.678895115852356,1.5813698768615723,0.31006938219070435,0.10042164474725723,0.4578927159309387,1.652201533317566,0.1872851550579071,0.05270249769091606,0.7350045442581177,2.0215883255004883,1.045762538909912,0.014637458138167858,0.5299420356750488,2.083841562271118,0.7996436357498169,0.02026764117181301,0.7425099611282349,2.089712619781494,1.0943726301193237,0.01207386888563633,0.5339623689651489,2.1450741291046143,0.8437199592590332,0.018798664212226868,0.7409385442733765,2.197418451309204,0.7004236578941345,0.022838173434138298,0.5966718196868896,2.251417398452759,0.35828036069869995,0.015750760212540627
0.4401853084564209,0.23027043044567108,-1.0935008525848389,0.9957222938537598,0.4632163643836975,0.15781764686107635,-1.0707480907440186,0.9872297048568726,0.4810769557952881,0.15686753392219543,-1.0703856945037842,0.9875729084014893,0.49766749143600464,0.15656210482120514,-1.0705424547195435,0.9778148531913757,0.40671104192733765,0.16188320517539978,-1.0788670778274536,0.9941545128822327,0.3851635456085205,0.16394788026809692,-1.0785847902297974,0.9963029026985168,0.3670293390750885,0.16646498441696167,-1.0789564847946167,0.995873212814331,0.5188449025154114,0.1710173636674881,-0.793128252029419,0.9750248193740845,0.3442169427871704,0.1916678249835968,-0.827862560749054,0.9984039068222046,0.472899854183197,0.2820499539375305,-0.9804971814155579,0.9955911040306091,0.41214555501937866,0.2898591160774231,-0.9895232319831848,0.9991081357002258,0.6184731721878052,0.38796108961105347,-0.5214688181877136,0.9923046231269836,0.24458210170269012,0.5299679636955261,-0.634804368019104,0.9994133710861206,0.6577786207199097,0.6732266545295715,-0.12112061679363251,0.5195981860160828,0.11801246553659439,0.9209244251251221,-0.6262034773826599,0.9681665897369385,0.6921548247337341,0.8700544834136963,0.02499125897884369,0.2045450508594513,0.035539157688617706,1.3152388334274292,-0.8765000104904175,0.6101909875869751,0.7166492938995361,0.9198476076126099,0.030371403321623802,0.1667761355638504,-0.00907219760119915,1.4157017469406128,-0.9543851017951965,0.4830704927444458,0.7090691924095154,0.9148638248443604,-0.02028554305434227,0.18145525455474854,0.027152786031365395,1.3996940851211548,-1.0368531942367554,0.5477328896522522,0.686007559299469,0.9020837545394897,0.005191977135837078,0.18929769098758698,0.0572190098464489,1.3618526458740234,-0.9207196235656738,0.5876032710075378,0.635737419128418,1.0501925945281982,0.0058801425620913506,0.20240283012390137,0.38940802216529846,1.1220630407333374,-0.0036890185438096523,0.224217489361763,0.6786712408065796,1.583883285522461,0.27208277583122253,0.09085328876972198,0.4568551182746887,1.653629183769226,0.14879469573497772,0.047608379274606705,0.7342859506607056,2.029331922531128,0.9465007781982422,0.013210929930210114,0.5295742750167847,2.0874059200286865,0.685318648815155,0.018251709640026093,0.7417839169502258,2.0958762168884277,0.9900200963020325,0.010902754962444305,0.5337311029434204,2.1467955112457275,0.7230128049850464,0.01693972572684288,0.7403832674026489,2.2006943225860596,0.5952903032302856,0.020631788298487663,0.5965372920036316,2.252260446548462,0.22369830310344696,0.014198705554008484
0.44159799814224243,0.23100441694259644,-1.0983799695968628,0.9960523247718811,0.46452435851097107,0.15803954005241394,-1.0753543376922607,0.9882428050041199,0.48216161131858826,0.15692511200904846,-1.0749791860580444,0.9885390996932983,0.4984637200832367,0.156540185213089,-1.0751495361328125,0.9796112775802612,0.4088488519191742,0.16271597146987915,-1.086793065071106,0.9946130514144897,0.3876017928123474,0.164906308054924,-1.0865662097930908,0.9965826869010925,0.3692817986011505,0.16745805740356445,-1.086930513381958,0.9961939454078674,0.5188800692558289,0.17102429270744324,-0.7934093475341797,0.9770610332489014,0.3448506295681,0.19263340532779694,-0.8434993624687195,0.9985321760177612,0.47402602434158325,0.28319472074508667,-0.9822367429733276,0.9959573149681091,0.4138947129249573,0.29094991087913513,-0.9960514903068542,0.9991819262504578,0.6184872984886169,0.3879503011703491,-0.5170642137527466,0.9928807020187378,0.24526777863502502,0.5300318002700806,-0.644927978515625,0.9994571208953857,0.6568537950515747,0.6732283234596252,-0.11056260019540787,0.5270438194274902,0.11855949461460114,0.9208526015281677,-0.6295678019523621,0.9684849977493286,0.6888335943222046,0.8953511118888855,0.03571789339184761,0.20271576941013336,0.03888529911637306,1.3150744438171387,-0.8552168011665344,0.6055938601493835,0.7136157751083374,0.95423424243927,0.039605431258678436,0.1658061146736145,-0.0035685603506863117,1.4159985780715942,-0.9308503270149231,0.48062485456466675,0.7034668922424316,0.955315887928009,-0.01132415235042572,0.1817660629749298,0.03347756713628769,1.400680661201477,-1.0101134777069092,0.545935332775116,0.6807307004928589,0.9406129717826843,0.016464821994304657,0.18961240351200104,0.0622858889400959,1.3625129461288452,-0.8971160650253296,0.5855453610420227,0.6335467100143433,1.0627802610397339,0.012839490547776222,0.18724402785301208,0.3888535499572754,1.1226060390472412,-0.010569633916020393,0.2071439027786255,0.6784300208091736,1.5847517251968384,0.2827618718147278,0.08242570608854294,0.4567534327507019,1.655626893043518,0.14942114055156708,0.043131232261657715,0.7338690757751465,2.0313193798065186,0.9633102416992188,0.011939669959247112,0.5294615030288696,2.091865062713623,0.6802111864089966,0.016445280984044075,0.7412102818489075,2.0978827476501465,1.0088485479354858,0.009853290393948555,0.5335123538970947,2.151689291000366,0.7183355093002319,0.015274303033947945,0.7425531148910522,2.2002062797546387,0.6266833543777466,0.01870117336511612,0.5982533693313599,2.2531464099884033,0.2253272831439972,0.012814611196517944
0.4417305588722229,0.23444652557373047,-1.0763581991195679,0.996350109577179,0.4647488594055176,0.16313569247722626,-1.0530097484588623,0.989193320274353,0.48230433464050293,0.16154725849628448,-1.0526764392852783,0.9894254803657532,0.4985681474208832,0.16068924963474274,-1.0529056787490845,0.9812982082366943,0.4094476103782654,0.16717545688152313,-1.063141107559204,0.9950403571128845,0.3885098695755005,0.16886867582798004,-1.0629216432571411,0.9968346357345581,0.370517373085022,0.17106576263904572,-1.0632444620132446,0.9964931607246399,0.5188736319541931,0.174112468957901,-0.7751147747039795,0.9789620637893677,0.34623152017593384,0.19565436244010925,-0.8226281404495239,0.9986461400985718,0.47403234243392944,0.2875460386276245,-0.9617288708686829,0.9962970018386841,0.4141687750816345,0.29318100214004517,-0.9743577837944031,0.9992496967315674,0.6183385252952576,0.3881005644798279,-0.5259605050086975,0.9934122562408447,0.24652059376239777,0.5306071639060974,-0.6121228933334351,0.9994904398918152,0.6544240713119507,0.6722395420074463,-0.19983331859111786,0.5411849021911621,0.11915984004735947,0.9215452671051025,-0.570256769657135,0.9688034653663635,0.6830166578292847,0.9376112818717957,-0.14639517664909363,0.2020474076271057,0.03970731049776077,1.3190767765045166,-0.7748545408248901,0.6068547964096069,0.7053478956222534,1.0100041627883911,-0.1747402399778366,0.16466592252254486,-0.002632156480103731,1.4219175577163696,-0.8532823324203491,0.48249363899230957,0.6884952783584595,1.0131070613861084,-0.22321946918964386,0.1817481517791748,0.03747183084487915,1.4092652797698975,-0.9325833320617676,0.5480705499649048,0.6674294471740723,0.9942962527275085,-0.16873383522033691,0.1898258477449417,0.0665425956249237,1.3701996803283691,-0.8173352479934692,0.5880119204521179,0.6240494847297668,1.014382004737854,0.009866914711892605,0.17525248229503632,0.3845508396625519,1.1223963499069214,-0.007480357773602009,0.1939820945262909,0.6695030927658081,1.5838634967803955,0.271375834941864,0.07504235953092575,0.44723406434059143,1.6546032428741455,0.16144034266471863,0.039113420993089676,0.7236994504928589,2.029191255569458,0.9265543818473816,0.0108163021504879,0.5216595530509949,2.09065842628479,0.6721538305282593,0.01482369750738144,0.7303440570831299,2.095526933670044,0.9716030359268188,0.00893778819590807,0.5261491537094116,2.150228977203369,0.7075267434120178,0.013784971088171005,0.7325483560562134,2.199035167694092,0.5981934666633606,0.016955478116869926,0.5874024033546448,2.253011465072632,0.22041268646717072,0.011568349786102772
0.4429747462272644,0.23659099638462067,-1.0887250900268555,0.99662184715271,0.4659584164619446,0.16669796407222748,-1.0666135549545288,0.9899719953536987,0.48353099822998047,0.16463835537433624,-1.0662856101989746,0.9902051687240601,0.49978432059288025,0.16321328282356262,-1.0665032863616943,0.9826879501342773,0.4102958142757416,0.17096053063869476,-1.076344609260559,0.995389461517334,0.38929909467697144,0.1724843680858612,-1.0761785507202148,0.9970607757568359,0.37142518162727356,0.17449715733528137,-1.0765341520309448,0.9967368841171265,0.5194678902626038,0.1754141002893448,-0.7889471650123596,0.9805669188499451,0.3466399013996124,0.19895558059215546,-0.8346490859985352,0.9987505078315735,0.4749324321746826,0.2901442348957062,-0.9740846753120422,0.9965908527374268,0.4156981110572815,0.2952333986759186,-0.9858726263046265,0.9993080496788025,0.6183033585548401,0.38779956102371216,-0.5293605923652649,0.9939161539077759,0.2487085610628128,0.5323578715324402,-0.6242459416389465,0.999527096748352,0.6533727645874023,0.6718429327011108,-0.16393354535102844,0.5541330575942993,0.11870640516281128,0.9261142015457153,-0.5885122418403625,0.9696542620658875,0.6780017614364624,0.9323557019233704,-0.04346257075667381,0.20590472221374512,0.04197802022099495,1.3309417963027954,-0.7988384366035461,0.5970197916030884,0.6978316307067871,1.0014592409133911,-0.05027507618069649,0.16717849671840668,0.0001998494117287919,1.4431828260421753,-0.8747924566268921,0.4741343557834625,0.68449866771698,1.0036993026733398,-0.09710598737001419,0.18468965590000153,0.038604602217674255,1.4270552396774292,-0.9553146362304688,0.5393841862678528,0.663013756275177,0.9857924580574036,-0.06183899566531181,0.19292043149471283,0.06722346693277359,1.383149266242981,-0.8410472869873047,0.580608069896698,0.6240153312683105,0.9938992261886597,0.00976842362433672,0.17024941742420197,0.38528814911842346,1.1221145391464233,-0.007385413162410259,0.18785636126995087,0.6695547699928284,1.5837643146514893,0.26920533180236816,0.06873197853565216,0.4477326273918152,1.654358148574829,0.15767432749271393,0.03558698296546936,0.7258195877075195,2.027737855911255,0.9221035242080688,0.009817831218242645,0.5253479480743408,2.087374448776245,0.6662363409996033,0.013373232446610928,0.7325595021247864,2.0932998657226562,0.9664157032966614,0.008130519650876522,0.5305138826370239,2.1453769207000732,0.7015798091888428,0.012460445053875446,0.7355307340621948,2.1948139667510986,0.5977479815483093,0.015416979789733887,0.5909437537193298,2.24935245513916,0.22342267632484436,0.010462267324328423
0.4426545202732086,0.23771175742149353,-1.0959665775299072,0.9968932867050171,0.46606168150901794,0.16953201591968536,-1.0724598169326782,0.9907968044281006,0.48377251625061035,0.1673438549041748,-1.0720798969268799,0.9909879565238953,0.5002962946891785,0.1657702624797821,-1.0722345113754272,0.9840993285179138,0.4102460443973541,0.17391261458396912,-1.082617998123169,0.9957740902900696,0.38910797238349915,0.17533272504806519,-1.0824220180511475,0.9973021149635315,0.37118545174598694,0.17719322443008423,-1.0827562808990479,0.9970099925994873,0.5211099982261658,0.17790088057518005,-0.7925900220870972,0.9821467399597168,0.34663331508636475,0.20125402510166168,-0.8407295346260071,0.9988564848899841,0.47490912675857544,0.29282480478286743,-0.9809076189994812,0.9968641996383667,0.41507488489151,0.29695379734039307,-0.9936424493789673,0.9993645548820496,0.6185252070426941,0.38955673575401306,-0.5148851275444031,0.9942243695259094,0.250091552734375,0.5332311987876892,-0.6307523250579834,0.9995592832565308,0.652586042881012,0.6740034818649292,-0.06592491269111633,0.552705705165863,0.11918234825134277,0.9264103174209595,-0.5956230759620667,0.9692375659942627,0.6780605316162109,0.9318453669548035,0.1451689898967743,0.20525194704532623,0.04723135009407997,1.3229362964630127,-0.8145817518234253,0.5973884463310242,0.6980128288269043,0.9930974841117859,0.16045503318309784,0.16703572869300842,0.0061575849540531635,1.4330554008483887,-0.8984163403511047,0.4768954813480377,0.686240553855896,0.9973369836807251,0.11075910180807114,0.18498285114765167,0.048911627382040024,1.4153310060501099,-0.9687641263008118,0.5426663160324097,0.6639395952224731,0.9828415513038635,0.12718725204467773,0.19364744424819946,0.07690034806728363,1.372385859489441,-0.8544355630874634,0.5835874080657959,0.6241915822029114,1.0493873357772827,0.015162037685513496,0.16004018485546112,0.38498133420944214,1.1218682527542114,-0.012732980772852898,0.17744776606559753,0.6665071249008179,1.586160659790039,0.27372217178344727,0.06259575486183167,0.4464280605316162,1.65535306930542,0.1233094185590744,0.03224242851138115,0.7213426232337952,2.029366970062256,0.9187583923339844,0.00888790376484394,0.5192896723747253,2.087759494781494,0.6213933229446411,0.012048921547830105,0.7274693250656128,2.095665693283081,0.9602052569389343,0.007369375787675381,0.523938775062561,2.1459195613861084,0.6538088321685791,0.011233729310333729,0.7298435568809509,2.196465253829956,0.5874517560005188,0.01400996744632721,0.5847801566123962,2.250851631164551,0.16766959428787231,0.009449083358049393
0.44292229413986206,0.2375442385673523,-1.1017072200775146,0.997114896774292,0.467212051153183,0.16941200196743011,-1.0775493383407593,0.9914703369140625,0.48520374298095703,0.1673719733953476,-1.0771887302398682,0.9916160106658936,0.501899242401123,0.16592493653297424,-1.0773214101791382,0.9852350354194641,0.411182165145874,0.17355960607528687,-1.0878205299377441,0.9960876703262329,0.3898766338825226,0.17498546838760376,-1.0876346826553345,0.9974957704544067,0.3718035817146301,0.17688050866127014,-1.087989330291748,0.9972309470176697,0.5225412845611572,0.17859601974487305,-0.7953078746795654,0.9834083914756775,0.3470839858055115,0.2011691927909851,-0.8436598777770996,0.9989450573921204,0.47516244649887085,0.29319337010383606,-0.9860221743583679,0.9970942735671997,0.41521376371383667,0.2968228757381439,-0.9989289045333862,0.999412477016449,0.6188376545906067,0.3923514783382416,-0.5193074941635132,0.9945163726806641,0.2507595717906952,0.5334259271621704,-0.6342965364456177,0.9995884299278259,0.6528044939041138,0.6767022013664246,-0.09852438420057297,0.5498060584068298,0.11911120265722275,0.9267618060112,-0.6088277101516724,0.9701005220413208,0.6785122752189636,0.9284066557884216,0.13718749582767487,0.20097748935222626,0.04730413109064102,1.322824478149414,-0.8488540649414062,0.6051726341247559,0.6992097496986389,0.9903405904769897,0.15381355583667755,0.16369396448135376,0.005918080918490887,1.4321284294128418,-0.9310861825942993,0.48395058512687683,0.6882359385490417,0.9948670268058777,0.1069001778960228,0.18192826211452484,0.04825590178370476,1.4147511720657349,-1.005172610282898,0.5501453876495361,0.6657485961914062,0.9792774319648743,0.12075088173151016,0.19088569283485413,0.07668519020080566,1.372321367263794,-0.8891585469245911,0.5912110209465027,0.6259869337081909,1.0668601989746094,0.014853693544864655,0.1495118886232376,0.38514503836631775,1.1237868070602417,-0.012382923625409603,0.1663915067911148,0.668819785118103,1.5876051187515259,0.26034510135650635,0.0569043792784214,0.4491058886051178,1.6587327718734741,0.13049980998039246,0.029196936637163162,0.7256103754043579,2.0317206382751465,0.9244821667671204,0.008047927170991898,0.5238804221153259,2.0906083583831787,0.6543519496917725,0.010856591165065765,0.7324832081794739,2.097877025604248,0.9677091836929321,0.006675591692328453,0.5278865098953247,2.148697853088379,0.6903256177902222,0.010133271105587482,0.7337867021560669,2.2019970417022705,0.5857342481613159,0.012697722762823105,0.5914563536643982,2.2546355724334717,0.19841456413269043,0.00853111781179905
0.4451982080936432,0.2374085932970047,-1.1721749305725098,0.9973419308662415,0.4701952040195465,0.16926603019237518,-1.1437110900878906,0.9921482801437378,0.4882950782775879,0.16730870306491852,-1.1432826519012451,0.9922480583190918,0.5049481987953186,0.16591612994670868,-1.1433101892471313,0.9863549470901489,0.41282254457473755,0.1732618808746338,-1.1542580127716064,0.9964065551757812,0.39078301191329956,0.17472554743289948,-1.1540141105651855,0.9976941347122192,0.37220317125320435,0.17670521140098572,-1.1543214321136475,0.9974545240402222,0.5245882272720337,0.1788911372423172,-0.8411518931388855,0.9846422672271729,0.34712037444114685,0.20103737711906433,-0.8923158645629883,0.9990307688713074,0.47760897874832153,0.2932390868663788,-1.0495610237121582,0.9973043203353882,0.41695594787597656,0.29672130942344666,-1.063339352607727,0.9994566440582275,0.618994414806366,0.39254534244537354,-0.5383093953132629,0.994684100151062,0.25227248668670654,0.5353016257286072,-0.6824095845222473,0.9996119141578674,0.6525883078575134,0.6797336339950562,-0.09870950877666473,0.545764684677124,0.11911553144454956,0.9287152886390686,-0.6783678531646729,0.9706393480300903,0.6778825521469116,0.9259955883026123,0.10992051661014557,0.19920289516448975,0.04913278669118881,1.3215515613555908,-0.9218554496765137,0.6139999628067017,0.6990330815315247,0.9883356094360352,0.12525038421154022,0.16255336999893188,0.008745038881897926,1.4289250373840332,-1.0063536167144775,0.4935581386089325,0.6881836652755737,0.9914582371711731,0.07827623188495636,0.18110337853431702,0.05199715495109558,1.4117525815963745,-1.080399751663208,0.5597904324531555,0.66561359167099,0.9753594994544983,0.09366680681705475,0.19041666388511658,0.08035152405500412,1.3708149194717407,-0.9616149663925171,0.5998557209968567,0.626233696937561,1.0753446817398071,0.01475021243095398,0.14057418704032898,0.385086327791214,1.1251322031021118,-0.012237237766385078,0.156960129737854,0.668556809425354,1.5917612314224243,0.2748629152774811,0.05185628682374954,0.4491289258003235,1.661312460899353,0.13382713496685028,0.026486452668905258,0.7243506908416748,2.0328586101531982,0.9738094210624695,0.007291157264262438,0.5224176049232483,2.0919370651245117,0.6936659216880798,0.009787427261471748,0.7308474779129028,2.098771810531616,1.0186108350753784,0.006046092603355646,0.5260692834854126,2.1503610610961914,0.7328997850418091,0.009145466610789299,0.731381356716156,2.205268144607544,0.6262208223342896,0.011544381268322468,0.5894458889961243,2.257793664932251,0.22682687640190125,0.0077162557281553745
0.4455552101135254,0.2402087152004242,-1.1466395854949951,0.9975566267967224,0.47101277112960815,0.17378917336463928,-1.116216778755188,0.9927929639816284,0.4892588257789612,0.17196625471115112,-1.1157739162445068,0.9928638935089111,0.5063844323158264,0.1707049161195755,-1.115721583366394,0.9874536395072937,0.4135464131832123,0.17647504806518555,-1.126500129699707,0.9967071413993835,0.39142292737960815,0.1772005558013916,-1.1262688636779785,0.9978837370872498,0.37280935049057007,0.17839178442955017,-1.1266165971755981,0.9976683259010315,0.5272380113601685,0.1826896369457245,-0.8137308359146118,0.9858610033988953,0.34768396615982056,0.20137400925159454,-0.8642321825027466,0.9991135001182556,0.4785493016242981,0.29819831252098083,-1.0255892276763916,0.9975191950798035,0.41692739725112915,0.2985397279262543,-1.039016604423523,0.9995014667510986,0.6200193166732788,0.39828985929489136,-0.5145857930183411,0.9949038028717041,0.25391438603401184,0.536493182182312,-0.6801857948303223,0.9996376633644104,0.6557894945144653,0.6968650221824646,-0.09105852246284485,0.5395146012306213,0.12039929628372192,0.9302643537521362,-0.6688672304153442,0.971182107925415,0.6779218912124634,0.9245288372039795,0.06555879861116409,0.19496768712997437,0.054188717156648636,1.3215711116790771,-0.9051437377929688,0.6219080686569214,0.6991115212440491,0.985638439655304,0.07276488840579987,0.1599290370941162,0.014406581409275532,1.4287854433059692,-0.9857013821601868,0.5016515254974365,0.6882171630859375,0.9881845116615295,0.02467389963567257,0.17889930307865143,0.058250993490219116,1.4117188453674316,-1.0614502429962158,0.5680826902389526,0.6656907200813293,0.9724104404449463,0.04762359336018562,0.18821381032466888,0.08623972535133362,1.370884656906128,-0.9451387524604797,0.6077717542648315,0.6270345449447632,1.0808987617492676,0.017503047361969948,0.13256122171878815,0.3854438066482544,1.1277254819869995,-0.01505181472748518,0.14868520200252533,0.6685676574707031,1.5953644514083862,0.2752937376499176,0.04733293876051903,0.44920068979263306,1.6638519763946533,0.1263153851032257,0.024044901132583618,0.7243453860282898,2.038512945175171,0.9384528398513794,0.006622756365686655,0.5221744775772095,2.096904993057251,0.6498379707336426,0.00882415845990181,0.7308523058891296,2.105618476867676,0.9800313711166382,0.005501371808350086,0.5247160196304321,2.1570465564727783,0.6852692365646362,0.008256596513092518,0.7314571738243103,2.209608554840088,0.5981413125991821,0.010511248372495174,0.5902334451675415,2.2606146335601807,0.1924005001783371,0.00697816489264369
0.44963717460632324,0.2409166395664215,-1.2142621278762817,0.9977394342422485,0.4757251739501953,0.17400357127189636,-1.1859163045883179,0.9933342933654785,0.4943705201148987,0.1720852106809616,-1.185590147972107,0.9933818578720093,0.5117963552474976,0.1708541214466095,-1.1856658458709717,0.9883586168289185,0.4174385964870453,0.17693495750427246,-1.1952555179595947,0.9969541430473328,0.39452436566352844,0.1775001734495163,-1.1951171159744263,0.998038113117218,0.3747278153896332,0.17855453491210938,-1.1955173015594482,0.997839093208313,0.5320860147476196,0.1828867793083191,-0.8773208856582642,0.986872136592865,0.34815123677253723,0.2012992799282074,-0.920904815196991,0.9991814494132996,0.48305946588516235,0.30021992325782776,-1.089302897453308,0.9977074861526489,0.4201762080192566,0.30002859234809875,-1.101041555404663,0.9995399117469788,0.6225670576095581,0.40171918272972107,-0.5744489431381226,0.9951257705688477,0.25492745637893677,0.5412374138832092,-0.697117030620575,0.9996556043624878,0.6629353761672974,0.7092660069465637,-0.1718587577342987,0.5447960495948792,0.12020981311798096,0.9354169964790344,-0.68254554271698,0.9721039533615112,0.6863688230514526,0.924362301826477,-0.08646856993436813,0.196040540933609,0.05434294790029526,1.3202621936798096,-0.9320871233940125,0.6322278380393982,0.7082780599594116,0.984682023525238,-0.09409746527671814,0.16067945957183838,0.01583477295935154,1.42599618434906,-1.0142745971679688,0.5106658935546875,0.6959238052368164,0.9853348135948181,-0.14512434601783752,0.1801973581314087,0.05812641233205795,1.40644109249115,-1.0886876583099365,0.5765922665596008,0.6742744445800781,0.970358669757843,-0.10604765266180038,0.18936114013195038,0.0858527421951294,1.3667036294937134,-0.9708606004714966,0.6157529950141907,0.6266850829124451,1.0047760009765625,0.012686142697930336,0.12991966307163239,0.3854629397392273,1.126609444618225,-0.010363634675741196,0.14598919451236725,0.667667031288147,1.5938804149627686,0.29158103466033936,0.04373064264655113,0.4477827548980713,1.6607551574707031,0.1910339891910553,0.021938472986221313,0.7219530344009399,2.03414249420166,1.0157634019851685,0.006076805759221315,0.5198748111724854,2.0896666049957275,0.8041747808456421,0.007977169938385487,0.7286864519119263,2.1011457443237305,1.0646684169769287,0.005054885987192392,0.522887110710144,2.149505853652954,0.8489168882369995,0.0074912807904183865,0.726788341999054,2.208200693130493,0.6726309061050415,0.009622449986636639,0.5867816209793091,2.2561304569244385,0.3558754324913025,0.006341133266687393
0.4579835534095764,0.2434755116701126,-1.1864826679229736,0.9979133009910583,0.483208566904068,0.17640161514282227,-1.1570789813995361,0.9938675761222839,0.5013886094093323,0.17412880063056946,-1.1566622257232666,0.9938886761665344,0.5184705257415771,0.1727675497531891,-1.1567198038101196,0.9892536401748657,0.4284769594669342,0.18005110323429108,-1.1715524196624756,0.9972010254859924,0.4071769714355469,0.18078939616680145,-1.1712610721588135,0.9981935620307922,0.3868643343448639,0.18210095167160034,-1.1715720891952515,0.9980141520500183,0.5369523763656616,0.18494804203510284,-0.8369048237800598,0.9878814220428467,0.3572670817375183,0.20299291610717773,-0.899683952331543,0.9992488622665405,0.4891316294670105,0.30242082476615906,-1.0549299716949463,0.9978843927383423,0.43018269538879395,0.3021593391895294,-1.073140025138855,0.9995770454406738,0.6246551275253296,0.40529587864875793,-0.5338290333747864,0.995352566242218,0.2586926519870758,0.5411867499351501,-0.685369610786438,0.9996790885925293,0.665607213973999,0.7109105587005615,-0.10381340980529785,0.5470508337020874,0.12247683852910995,0.9351213574409485,-0.6755075454711914,0.9726855754852295,0.6865155696868896,0.9151934385299683,0.019834207370877266,0.19910173118114471,0.063857302069664,1.3010616302490234,-0.9334637522697449,0.6433972716331482,0.7084078788757324,0.9687224626541138,0.01953236572444439,0.16291260719299316,0.028246518224477768,1.4023035764694214,-1.018783450126648,0.5228865742683411,0.6975973844528198,0.9641184210777283,-0.03194243833422661,0.182753786444664,0.06925754994153976,1.3786171674728394,-1.0931698083877563,0.5879436731338501,0.6756306886672974,0.9502362608909607,-0.00036580770392902195,0.19201120734214783,0.09536942094564438,1.340383768081665,-0.9724677801132202,0.6256117224693298,0.6267288327217102,1.058759093284607,0.012928065843880177,0.12570779025554657,0.38530588150024414,1.1265504360198975,-0.01060703955590725,0.14207953214645386,0.6644465327262878,1.5950263738632202,0.2917012870311737,0.040328770875930786,0.44577139616012573,1.6604883670806885,0.18196982145309448,0.020014092326164246,0.7164162397384644,2.036858320236206,0.9893258213996887,0.0055601634085178375,0.5153656005859375,2.0910990238189697,0.7491020560264587,0.007203574292361736,0.7227386236190796,2.103598117828369,1.0337713956832886,0.004636304918676615,0.5168139338493347,2.15126633644104,0.788357138633728,0.006782397627830505,0.7203674912452698,2.210649013519287,0.6415292620658875,0.008823344483971596,0.5835072994232178,2.2571609020233154,0.2874945104122162,0.005757287610322237
0.46546468138694763,0.2520168125629425,-1.2547283172607422,0.9980872869491577,0.4886418282985687,0.18140096962451935,-1.2246582508087158,0.9943746328353882,0.5067592859268188,0.17823182046413422,-1.224263310432434,0.994388222694397,0.5236615538597107,0.175955668091774,-1.224350094795227,0.9901076555252075,0.43469157814979553,0.1850620061159134,-1.2361974716186523,0.9974326491355896,0.41401392221450806,0.18525150418281555,-1.235933780670166,0.9983406066894531,0.3938867449760437,0.18628303706645966,-1.2362841367721558,0.9981725811958313,0.5408045649528503,0.18562036752700806,-0.8845990896224976,0.9888536930084229,0.3621479570865631,0.20410273969173431,-0.9354066848754883,0.9993118047714233,0.49549609422683716,0.3074227571487427,-1.115928292274475,0.9980534911155701,0.4385811686515808,0.306406706571579,-1.1295725107192993,0.9996111989021301,0.6281589865684509,0.40625742077827454,-0.5392529368400574,0.9956499338150024,0.26258087158203125,0.5427754521369934,-0.698604941368103,0.999701976776123,0.6721705198287964,0.7187613844871521,-0.10766025632619858,0.5476687550544739,0.12474372237920761,0.9362829327583313,-0.6908760070800781,0.9734679460525513,0.6949995756149292,0.9104206562042236,-0.008959151804447174,0.20117846131324768,0.06273587048053741,1.301668643951416,-0.9580173492431641,0.6510838866233826,0.719976544380188,0.959106981754303,-0.00982537493109703,0.16447199881076813,0.026104416698217392,1.4024263620376587,-1.038616418838501,0.5296984910964966,0.701290488243103,0.940222442150116,-0.06644383072853088,0.18539099395275116,0.0682687759399414,1.3815044164657593,-1.1222214698791504,0.5949064493179321,0.6887974739074707,0.9428227543830872,-0.03156295791268349,0.19381755590438843,0.09519915282726288,1.3433418273925781,-0.9995346069335938,0.6313728094100952,0.6333117485046387,1.076683759689331,0.012861671857535839,0.11835554987192154,0.38871854543685913,1.1273176670074463,-0.0104875722900033,0.13350901007652283,0.6695390939712524,1.5955506563186646,0.2913661003112793,0.036828842014074326,0.4519132077693939,1.6602197885513306,0.20654186606407166,0.018160365521907806,0.719937264919281,2.038980484008789,1.0104272365570068,0.00505463732406497,0.5192149877548218,2.092231273651123,0.8403143882751465,0.006495637819170952,0.7264631986618042,2.1068785190582275,1.057407259941101,0.004215048160403967,0.5189216732978821,2.1536710262298584,0.8872823715209961,0.006130521651357412,0.7226493954658508,2.21159029006958,0.642814576625824,0.008029939606785774,0.5888475775718689,2.257735252380371,0.3633831739425659,0.005208163056522608
0.4643208980560303,0.2600649297237396,-1.1835088729858398,0.9982273578643799,0.48822298645973206,0.18690362572669983,-1.1614574193954468,0.9947942495346069,0.5065860152244568,0.18359331786632538,-1.1609039306640625,0.9947826266288757,0.523844838142395,0.18091513216495514,-1.1608339548110962,0.9908057451248169,0.43357405066490173,0.18909429013729095,-1.1683145761489868,0.9976274371147156,0.41281867027282715,0.18856443464756012,-1.167758584022522,0.9984594583511353,0.39306551218032837,0.18887130916118622,-1.1680099964141846,0.9983062148094177,0.5429962873458862,0.18758991360664368,-0.8466169238090515,0.9896397590637207,0.3641584515571594,0.20427456498146057,-0.8786821365356445,0.9993650913238525,0.49489766359329224,0.3156794607639313,-1.0545799732208252,0.9981814026832581,0.43705305457115173,0.31247395277023315,-1.0616376399993896,0.9996382594108582,0.6314709186553955,0.41121259331703186,-0.5017229318618774,0.9957984685897827,0.26390424370765686,0.5442458987236023,-0.688092827796936,0.9997197389602661,0.6719603538513184,0.7223520278930664,-0.0405050665140152,0.5272744297981262,0.12499953806400299,0.9376688003540039,-0.6953682899475098,0.9726784229278564,0.6956862211227417,0.9027368426322937,0.13503135740756989,0.19590912759304047,0.0627211257815361,1.3021190166473389,-0.948427677154541,0.6488613486289978,0.7221757769584656,0.9420284032821655,0.15519441664218903,0.16281330585479736,0.026319393888115883,1.403478741645813,-1.0249435901641846,0.5302925109863281,0.7014684081077576,0.8973694443702698,0.11132559925317764,0.18474823236465454,0.06839115172624588,1.3836194276809692,-1.103163480758667,0.5970762372016907,0.690462589263916,0.931418776512146,0.11893054097890854,0.1931687742471695,0.09514781087636948,1.3446323871612549,-0.9877759218215942,0.6328763961791992,0.6332613229751587,1.0963462591171265,0.014189457520842552,0.10776237398386002,0.38830459117889404,1.1371338367462158,-0.011644482612609863,0.12149065732955933,0.6695104837417603,1.6136152744293213,0.2595011591911316,0.033321261405944824,0.4541539251804352,1.6766815185546875,0.14722861349582672,0.016411729156970978,0.7199757695198059,2.069694757461548,0.9397185444831848,0.004563968162983656,0.5199834704399109,2.123563289642334,0.6904035806655884,0.005849325098097324,0.7264894247055054,2.1391401290893555,0.981505274772644,0.0038054422475397587,0.5190367698669434,2.189087390899658,0.7290538549423218,0.005524171516299248,0.723764181137085,2.238107442855835,0.5788191556930542,0.0072691855020821095,0.5922509431838989,2.282592535018921,0.21017441153526306,0.004698010627180338
0.4696730077266693,0.2765960693359375,-1.0909920930862427,0.99832683801651,0.4920622706413269,0.20042771100997925,-1.0729151964187622,0.9951403141021729,0.5094857811927795,0.19632568955421448,-1.0725213289260864,0.9951026439666748,0.526025652885437,0.1927083432674408,-1.0725829601287842,0.991412341594696,0.4402434229850769,0.20273855328559875,-1.0863233804702759,0.9977802038192749,0.4201589524745941,0.20118239521980286,-1.0859743356704712,0.9985494613647461,0.4007043242454529,0.20075511932373047,-1.0862435102462769,0.9984126091003418,0.5447752475738525,0.19434040784835815,-0.7755013704299927,0.9903645515441895,0.3695761561393738,0.2092713713645935,-0.8342264294624329,0.9994075894355774,0.49768954515457153,0.32577571272850037,-0.9660158157348633,0.9982920289039612,0.44172388315200806,0.3239806592464447,-0.9817242622375488,0.9996603727340698,0.6322015523910522,0.4165596067905426,-0.47550898790359497,0.9960254430770874,0.2683168351650238,0.5456754565238953,-0.6385108828544617,0.9997333288192749,0.6735048294067383,0.7438779473304749,-0.06494306027889252,0.5174218416213989,0.12859314680099487,0.9370652437210083,-0.6381784081459045,0.9721165299415588,0.6951450705528259,0.9108569025993347,0.04557221755385399,0.18723218142986298,0.06593846529722214,1.292887806892395,-0.869214653968811,0.6354061365127563,0.7214429974555969,0.9557859897613525,0.048162005841732025,0.15672239661216736,0.0291723795235157,1.3891208171844482,-0.9403476715087891,0.5185642242431641,0.7013697624206543,0.9054200649261475,-0.0036457423120737076,0.17886099219322205,0.06891022622585297,1.372443675994873,-1.0147027969360352,0.586617112159729,0.6893313527107239,0.9424464702606201,0.020414603874087334,0.18734247982501984,0.09539813548326492,1.3356889486312866,-0.9087077379226685,0.6230984330177307,0.6307231187820435,1.0136587619781494,0.014536085538566113,0.09915813058614731,0.3883742392063141,1.1368321180343628,-0.01198889221996069,0.11180970817804337,0.6676376461982727,1.6116316318511963,0.22152113914489746,0.03036388009786606,0.4540533423423767,1.674261212348938,0.1093033105134964,0.014898216351866722,0.7153673768043518,2.06474232673645,0.8025943040847778,0.004145008511841297,0.5177193880081177,2.120712995529175,0.5359500646591187,0.005275169853121042,0.7215791344642639,2.133355140686035,0.8382580876350403,0.0034624431282281876,0.5161706805229187,2.1860861778259277,0.5623849630355835,0.004992572590708733,0.7192136645317078,2.234504461288452,0.4626518785953522,0.006623454391956329,0.5868474245071411,2.2798664569854736,0.06547824293375015,0.004251057747751474
0.4724482595920563,0.2793235182762146,-1.0604430437088013,0.998420774936676,0.4954920709133148,0.20370374619960785,-1.0400935411453247,0.9954694509506226,0.512607753276825,0.20048336684703827,-1.039764642715454,0.9954103231430054,0.5288746953010559,0.19755734503269196,-1.0398386716842651,0.992000162601471,0.44417768716812134,0.20395299792289734,-1.050152063369751,0.9979211091995239,0.4244788587093353,0.20202021300792694,-1.0498136281967163,0.9986288547515869,0.4056706428527832,0.20140506327152252,-1.0501267910003662,0.9985089898109436,0.5475616455078125,0.19997045397758484,-0.7444599866867065,0.9910141229629517,0.3780399560928345,0.20995669066905975,-0.7886006236076355,0.9994436502456665,0.4999421536922455,0.3291935622692108,-0.9381372332572937,0.998390793800354,0.44367146492004395,0.326225221157074,-0.9494608640670776,0.999678909778595,0.6332007646560669,0.42469924688339233,-0.46809640526771545,0.9961941242218018,0.2723042368888855,0.546707808971405,-0.5955376029014587,0.9997432231903076,0.6742706894874573,0.7681747078895569,-0.11783164739608765,0.5041983723640442,0.13159672915935516,0.9367179274559021,-0.6064276695251465,0.9712885022163391,0.6995273232460022,0.9132717251777649,-0.10740096867084503,0.1792224496603012,0.06565441191196442,1.2857871055603027,-0.84437096118927,0.6227808594703674,0.7273727655410767,0.9568570852279663,-0.11988826096057892,0.15130525827407837,0.028826232999563217,1.377597689628601,-0.9129549264907837,0.506911039352417,0.7029355764389038,0.9130685329437256,-0.17279358208179474,0.17375192046165466,0.06789231300354004,1.3611704111099243,-0.9882656335830688,0.5762617588043213,0.6980153322219849,0.9428473114967346,-0.1338515281677246,0.18218281865119934,0.09488080441951752,1.3276896476745605,-0.8842552304267883,0.6135923266410828,0.6289049983024597,1.0843199491500854,0.012220188044011593,0.09114888310432434,0.3880921006202698,1.1436340808868408,-0.009586570784449577,0.10275629907846451,0.6617401838302612,1.6223348379135132,0.20599985122680664,0.02767844684422016,0.44848141074180603,1.679773211479187,0.11268677562475204,0.013530144467949867,0.7074040770530701,2.0814809799194336,0.7904872298240662,0.003763312939554453,0.5090561509132385,2.1339662075042725,0.5553431510925293,0.004755131434649229,0.714618444442749,2.1482760906219482,0.8261554837226868,0.0031477503944188356,0.5054149031639099,2.1992905139923096,0.5846718549728394,0.004510309547185898,0.7073830366134644,2.2516257762908936,0.4353245794773102,0.006014105398207903,0.5767737627029419,2.2916946411132812,0.07965357601642609,0.0038420245982706547
0.4790695309638977,0.2807728946208954,-1.0741181373596191,0.9985532760620117,0.5010465383529663,0.20647557079792023,-1.0613420009613037,0.9958677291870117,0.5178782343864441,0.20341961085796356,-1.0609409809112549,0.9958072900772095,0.5337122678756714,0.2005467265844345,-1.0610082149505615,0.9927039742469788,0.4499000608921051,0.2072131633758545,-1.071565866470337,0.9980961680412292,0.42964857816696167,0.20582261681556702,-1.0712977647781372,0.9987377524375916,0.41040921211242676,0.20592327415943146,-1.0716196298599243,0.9986298084259033,0.5504509806632996,0.20342715084552765,-0.7457853555679321,0.9917926788330078,0.38083919882774353,0.21424968540668488,-0.7918739914894104,0.9994889497756958,0.5046839118003845,0.33156833052635193,-0.9628149271011353,0.9985273480415344,0.4488550126552582,0.33013635873794556,-0.9749738574028015,0.9997053146362305,0.6352272033691406,0.4350176453590393,-0.45727935433387756,0.9964849948883057,0.2787341773509979,0.5467193126678467,-0.5691641569137573,0.9997605085372925,0.6826867461204529,0.8018026947975159,-0.25768595933914185,0.5017951726913452,0.1352514624595642,0.9334179162979126,-0.5763223767280579,0.9709712862968445,0.7001705765724182,0.9104862213134766,-0.5014373064041138,0.1760217547416687,0.06527889519929886,1.2736690044403076,-0.8553171157836914,0.6165757179260254,0.743339478969574,0.9671919345855713,-0.566594660282135,0.14982648193836212,0.02810797654092312,1.3639332056045532,-0.9285319447517395,0.5005053281784058,0.7215471267700195,0.9153052568435669,-0.6214656233787537,0.17368444800376892,0.06624956429004669,1.3476923704147339,-0.9986602663993835,0.5707892179489136,0.7073743939399719,0.9496020078659058,-0.5349940061569214,0.180769145488739,0.09134899079799652,1.3170413970947266,-0.8966397047042847,0.6067302227020264,0.6290574669837952,1.1230884790420532,0.010517355054616928,0.08400770276784897,0.38809365034103394,1.1590825319290161,-0.0076674968004226685,0.0943918228149414,0.6590457558631897,1.6529539823532104,0.22088325023651123,0.02518647536635399,0.44356781244277954,1.7026290893554688,0.15277335047721863,0.01229762751609087,0.6950610876083374,2.1195826530456543,0.8060113191604614,0.0034099917393177748,0.49384480714797974,2.1714820861816406,0.6368707418441772,0.004286314360797405,0.7011269330978394,2.1915252208709717,0.8420464396476746,0.0028503723442554474,0.4846580922603607,2.243511199951172,0.6709867715835571,0.004075775388628244,0.6937894821166992,2.283836841583252,0.49934911727905273,0.00545145757496357,0.5692938566207886,2.3255133628845215,0.13186587393283844,0.0034710951149463654
0.4858497977256775,0.2796713411808014,-1.1196458339691162,0.9986860156059265,0.508730411529541,0.2049730271100998,-1.0929731130599976,0.9962531328201294,0.5264050960540771,0.20200563967227936,-1.0926029682159424,0.9961919784545898,0.542449951171875,0.1993824541568756,-1.0926209688186646,0.9933863282203674,0.4529295861721039,0.20606708526611328,-1.1005221605300903,0.9982704520225525,0.4311538636684418,0.20497439801692963,-1.1001721620559692,0.9988484382629395,0.41097766160964966,0.20524126291275024,-1.1004528999328613,0.9987526535987854,0.5574009418487549,0.2034168690443039,-0.7586044073104858,0.9925519227981567,0.38027453422546387,0.2144157737493515,-0.8080897331237793,0.9995352625846863,0.5122243762016296,0.3332131803035736,-0.9870951771736145,0.9986631870269775,0.4534795880317688,0.33146828413009644,-0.9936040639877319,0.9997321367263794,0.6396870017051697,0.43984657526016235,-0.455475389957428,0.9967396855354309,0.28196579217910767,0.5534536242485046,-0.5915797352790833,0.9997751712799072,0.704918384552002,0.8123366236686707,-0.2076764553785324,0.4924302101135254,0.1350962221622467,0.9461585879325867,-0.6054085493087769,0.9692676663398743,0.7255828380584717,0.9123021960258484,-0.3371049463748932,0.18181294202804565,0.06286194920539856,1.2767720222473145,-0.9215887784957886,0.6198757886886597,0.7587513327598572,0.9528616666793823,-0.3830412030220032,0.15945520997047424,0.0272492878139019,1.3690577745437622,-1.0022672414779663,0.5068303942680359,0.7511605024337769,0.9156826138496399,-0.4364929795265198,0.18654726445674896,0.06424153596162796,1.3521358966827393,-1.089020013809204,0.5778534412384033,0.72540283203125,0.9002893567085266,-0.36700326204299927,0.19257168471813202,0.0884818285703659,1.3211876153945923,-0.9670626521110535,0.6127597093582153,0.6320452690124512,1.1462587118148804,0.028427064418792725,0.07662734389305115,0.38850948214530945,1.1791530847549438,-0.0253091249614954,0.08575461059808731,0.6574109792709351,1.6937804222106934,0.3297591805458069,0.02279488556087017,0.4353325366973877,1.7477136850357056,0.19941672682762146,0.011154280975461006,0.6897014379501343,2.1752424240112305,1.0535129308700562,0.0030769642908126116,0.48163193464279175,2.2315292358398438,0.771067202091217,0.003859926713630557,0.6937244534492493,2.258051633834839,1.10098397731781,0.0025705168955028057,0.46471476554870605,2.310760974884033,0.8153826594352722,0.0036728354170918465,0.6977494359016418,2.325808525085449,0.6781872510910034,0.004928427282720804,0.5723236203193665,2.3811285495758057,0.25248774886131287,0.003131045261397958
0.49563685059547424,0.28018057346343994,-1.1827644109725952,0.9988034963607788,0.5192148685455322,0.20536047220230103,-1.1543548107147217,0.9965808391571045,0.5368066430091858,0.20237554609775543,-1.1538869142532349,0.9965202212333679,0.5521327257156372,0.19984498620033264,-1.1539318561553955,0.9939581751823425,0.4615798890590668,0.20650629699230194,-1.1628601551055908,0.9984210729598999,0.43841132521629333,0.20529654622077942,-1.162476658821106,0.998945951461792,0.41704806685447693,0.2053091675043106,-1.1627471446990967,0.9988588690757751,0.5645171403884888,0.20447993278503418,-0.8238986134529114,0.9931983351707458,0.3823876976966858,0.21431942284107208,-0.8619661331176758,0.9995770454406738,0.5198941230773926,0.33661699295043945,-1.0481692552566528,0.9987778067588806,0.4625757336616516,0.3340884745121002,-1.0562212467193604,0.9997555613517761,0.6418007612228394,0.44779616594314575,-0.4592830240726471,0.9969221353530884,0.28188779950141907,0.5571966171264648,-0.6773436069488525,0.999791145324707,0.702470600605011,0.8010109066963196,-0.03642458841204643,0.47633427381515503,0.1313864290714264,0.9623313546180725,-0.7155023217201233,0.9687181115150452,0.7322582006454468,0.9156161546707153,0.01978641003370285,0.18207666277885437,0.0604606568813324,1.3106532096862793,-0.9761538505554199,0.6287326216697693,0.7741075754165649,0.9536420702934265,0.015851056203246117,0.16488319635391235,0.024051520973443985,1.4051291942596436,-1.0563894510269165,0.521141529083252,0.7455002665519714,0.9094159007072449,-0.04597199335694313,0.19402240216732025,0.06315343081951141,1.3891409635543823,-1.1408231258392334,0.5916359424591064,0.7340829372406006,0.9220327138900757,-0.007765666581690311,0.20003360509872437,0.0878182128071785,1.3601288795471191,-1.0192657709121704,0.6256976127624512,0.6311361193656921,1.1534721851348877,0.0695866271853447,0.06979069113731384,0.3864574432373047,1.1827638149261475,-0.06640273332595825,0.07782920449972153,0.6536993980407715,1.711876630783081,0.3694743514060974,0.02060318924486637,0.42896050214767456,1.7673667669296265,0.16516107320785522,0.01011999137699604,0.686622142791748,2.196195363998413,1.0900352001190186,0.0027751184534281492,0.4746352732181549,2.2562172412872314,0.7677587866783142,0.003476271405816078,0.687239944934845,2.2822773456573486,1.1351500749588013,0.0023169012274593115,0.4518730044364929,2.337477922439575,0.8071810603141785,0.0033092177473008633,0.7050904035568237,2.3431179523468018,0.7230743765830994,0.004462990444153547,0.5834300518035889,2.406766414642334,0.21261540055274963,0.00282531906850636
0.5081532597541809,0.27934131026268005,-1.126267433166504,0.9989047050476074,0.5308096408843994,0.20462629199028015,-1.090570330619812,0.996872067451477,0.5469017028808594,0.2016194760799408,-1.0902175903320312,0.9968116879463196,0.5601507425308228,0.1990925371646881,-1.090306043624878,0.9944760203361511,0.47292524576187134,0.20578356087207794,-1.105372667312622,0.9985517859458923,0.4490002691745758,0.2046791911125183,-1.1050828695297241,0.9990282654762268,0.4264625608921051,0.2048463076353073,-1.1053775548934937,0.9989500641822815,0.5694924592971802,0.20453187823295593,-0.7540220022201538,0.993772029876709,0.3874755799770355,0.21421362459659576,-0.8169929385185242,0.9996124505996704,0.531586766242981,0.3353150188922882,-0.9903944134712219,0.9988790154457092,0.4749070107936859,0.3330661356449127,-1.0067740678787231,0.9997760057449341,0.6458524465560913,0.4575992226600647,-0.41990652680397034,0.9971188306808472,0.2840316891670227,0.55682373046875,-0.6521395444869995,0.9998055696487427,0.6994378566741943,0.7949139475822449,-0.13209398090839386,0.4719705581665039,0.13128326833248138,0.9612849354743958,-0.6966859102249146,0.9688969850540161,0.7623535990715027,0.9195126295089722,-0.33386436104774475,0.18684157729148865,0.036666158586740494,1.3059183359146118,-0.9573663473129272,0.6414087414741516,0.8148019909858704,0.9565839767456055,-0.3814534544944763,0.17304536700248718,-0.009393725544214249,1.3970080614089966,-1.0389540195465088,0.5372665524482727,0.7959211468696594,0.9394572973251343,-0.44970670342445374,0.20418590307235718,0.02624048851430416,1.3814852237701416,-1.1264526844024658,0.6063628196716309,0.7681809663772583,0.9369427561759949,-0.37252601981163025,0.21087875962257385,0.05547983571887016,1.3553165197372437,-1.0016705989837646,0.639452338218689,0.631928026676178,1.1566975116729736,0.07766859233379364,0.0648425817489624,0.3870420753955841,1.1850260496139526,-0.0746348649263382,0.07169735431671143,0.6537774801254272,1.7161483764648438,0.37982839345932007,0.018679071217775345,0.42883381247520447,1.769819974899292,0.1517210304737091,0.0092540318146348,0.6829147934913635,2.2049012184143066,1.0766499042510986,0.0025076812598854303,0.4710701107978821,2.2673518657684326,0.6969881057739258,0.00313417031429708,0.681800365447998,2.2897093296051025,1.1215788125991821,0.002093851799145341,0.44776982069015503,2.3487548828125,0.7327640652656555,0.0029874492902308702,0.706080973148346,2.3550803661346436,0.72176593542099,0.004058004356920719,0.5836648941040039,2.420454740524292,0.1704399287700653,0.0025556760374456644
0.5140066146850586,0.2783942222595215,-1.0987298488616943,0.9989897608757019,0.5364229679107666,0.20411185920238495,-1.0592272281646729,0.9971393942832947,0.5520264506340027,0.20115183293819427,-1.0590181350708008,0.9970776438713074,0.5648221969604492,0.19870319962501526,-1.0591366291046143,0.994964063167572,0.47956523299217224,0.20540636777877808,-1.076730489730835,0.9986645579338074,0.4562308192253113,0.2042768895626068,-1.0765202045440674,0.999092161655426,0.43409913778305054,0.2043430358171463,-1.0768312215805054,0.9990245699882507,0.5722905397415161,0.2044352889060974,-0.704236626625061,0.9943135380744934,0.3940097689628601,0.21414217352867126,-0.7778406739234924,0.9996404051780701,0.5352188944816589,0.3344223201274872,-0.9556873440742493,0.9989731907844543,0.4813101887702942,0.3324059545993805,-0.9751824140548706,0.9997937083244324,0.6544634103775024,0.46455907821655273,-0.3925965428352356,0.9973225593566895,0.2881411612033844,0.5563821792602539,-0.5773906111717224,0.9998076558113098,0.6998461484909058,0.7983051538467407,-0.3177013695240021,0.47405099868774414,0.13121125102043152,0.9583876729011536,-0.5840561389923096,0.9660137891769409,0.7818816900253296,0.9204751253128052,-0.7766625285148621,0.20621469616889954,0.026044398546218872,1.275125503540039,-0.8861469030380249,0.6411120295524597,0.8226370811462402,0.9402908086776733,-0.8831220865249634,0.19470039010047913,-0.01858104206621647,1.3606785535812378,-0.9706848859786987,0.539949893951416,0.79399174451828,0.8989978432655334,-0.942285418510437,0.22900529205799103,0.013574768789112568,1.3413293361663818,-1.0805784463882446,0.6090962886810303,0.7656961679458618,0.8977931141853333,-0.819595217704773,0.23527313768863678,0.04211682826280594,1.3181827068328857,-0.9405361413955688,0.642017662525177,0.6365958452224731,1.1644399166107178,0.07065851986408234,0.059957485646009445,0.38764044642448425,1.1954944133758545,-0.06748898327350616,0.0655924528837204,0.6540228724479675,1.7290472984313965,0.38634979724884033,0.016933690756559372,0.42152875661849976,1.781554102897644,0.19611354172229767,0.008454968221485615,0.6778031587600708,2.2305688858032227,1.0916029214859009,0.0022654400672763586,0.4563519358634949,2.290630578994751,0.7288845777511597,0.0028246818110346794,0.6765657663345337,2.320312738418579,1.1392160654067993,0.0018917472334578633,0.4313689172267914,2.376877784729004,0.7674574255943298,0.00269648851826787,0.7049094438552856,2.3757455348968506,0.7318862676620483,0.003680476453155279,0.5812646150588989,2.440267324447632,0.20690970122814178,0.0023102289997041225
0.5311685800552368,0.27140727639198303,-1.0984137058258057,0.9990768432617188,0.5480785965919495,0.20143955945968628,-1.0477014780044556,0.9973976612091064,0.5611516237258911,0.1986258327960968,-1.0475269556045532,0.9973387718200684,0.5721206665039062,0.19618955254554749,-1.0474668741226196,0.9954251050949097,0.4940491318702698,0.20298247039318085,-1.0778807401657104,0.998778223991394,0.4717331528663635,0.20166748762130737,-1.0777100324630737,0.9991627335548401,0.448652446269989,0.20152999460697174,-1.0780749320983887,0.9991010427474976,0.5742995738983154,0.20368051528930664,-0.6446730494499207,0.9948235154151917,0.40355268120765686,0.21323424577713013,-0.7873427867889404,0.9996702075004578,0.5480100512504578,0.32793888449668884,-0.9421871900558472,0.9990602135658264,0.49788475036621094,0.327413946390152,-0.9787355661392212,0.999810516834259,0.6539398431777954,0.4641347825527191,-0.2778715193271637,0.9975283741950989,0.29084542393684387,0.5556606650352478,-0.5967844128608704,0.9998096227645874,0.6979898810386658,0.8061155676841736,-0.27803415060043335,0.4527362287044525,0.13022495806217194,0.9557886719703674,-0.6989089250564575,0.963020920753479,0.810385525226593,0.924332857131958,-0.6888023614883423,0.225576251745224,0.016259457916021347,1.2532747983932495,-1.0118465423583984,0.6441343426704407,0.8718928098678589,0.948338508605957,-0.7852784395217896,0.2237166166305542,-0.023704906925559044,1.3372856378555298,-1.1048518419265747,0.5485517978668213,0.8175910711288452,0.902046263217926,-0.8718625903129578,0.26199090480804443,0.007046966813504696,1.3170145750045776,-1.2031290531158447,0.6179101467132568,0.8190366625785828,0.9140297174453735,-0.7442988157272339,0.26675403118133545,0.033118050545454025,1.2951427698135376,-1.0616217851638794,0.6495155692100525,0.6387029886245728,1.1888149976730347,0.13228756189346313,0.05572342500090599,0.39108806848526,1.2222782373428345,-0.12892210483551025,0.06001066416501999,0.6571749448776245,1.7538954019546509,0.4658713936805725,0.015396392904222012,0.42303019762039185,1.8181824684143066,0.15989629924297333,0.007846945896744728,0.680337131023407,2.258765697479248,1.1939963102340698,0.0020541667472571135,0.4584124684333801,2.3276398181915283,0.7177776098251343,0.0025514934677630663,0.6791630983352661,2.3526618480682373,1.240475058555603,0.0017126980237662792,0.43044090270996094,2.414815664291382,0.757614254951477,0.0024414577055722475,0.7238261103630066,2.4001076221466064,0.8219202756881714,0.003389140358194709,0.5871905088424683,2.476431369781494,0.18030720949172974,0.0021076372358947992
0.5350554585456848,0.265779972076416,-1.102637529373169,0.9991318583488464,0.5517897009849548,0.19892941415309906,-1.0493324995040894,0.9975935220718384,0.5644189119338989,0.19666199386119843,-1.0492136478424072,0.9975278973579407,0.5750554203987122,0.19460463523864746,-1.0492208003997803,0.9957773685455322,0.49901333451271057,0.19905398786067963,-1.08201003074646,0.9988579154014587,0.477402925491333,0.19718699157238007,-1.0818591117858887,0.9992055892944336,0.4550127387046814,0.19667387008666992,-1.0822465419769287,0.999150276184082,0.5764685273170471,0.20356044173240662,-0.6389625072479248,0.9952070116996765,0.4108201861381531,0.21133647859096527,-0.7944631576538086,0.9996894598007202,0.5513144135475159,0.3226873576641083,-0.9450313448905945,0.999107837677002,0.501421332359314,0.32174965739250183,-0.9842482805252075,0.9998190999031067,0.6528840661048889,0.46623000502586365,-0.28480789065361023,0.9975574612617493,0.2907036244869232,0.553310215473175,-0.6045845150947571,0.9997924566268921,0.6944077610969543,0.8008918166160583,-0.13712292909622192,0.42251479625701904,0.13419188559055328,0.9414318799972534,-0.6925597786903381,0.9552779793739319,0.7884306311607361,0.927230715751648,-0.48801764845848083,0.2239566445350647,0.02735407091677189,1.2024284601211548,-0.9942137598991394,0.6292192339897156,0.8387781977653503,0.9555975794792175,-0.5596795082092285,0.2297256588935852,0.0006069267983548343,1.2819724082946777,-1.086381435394287,0.5409634113311768,0.7998833656311035,0.900745153427124,-0.6383545398712158,0.2693014144897461,0.022822625935077667,1.2552533149719238,-1.1769144535064697,0.6109540462493896,0.7922466993331909,0.9224847555160522,-0.5349063873291016,0.27294039726257324,0.040778908878564835,1.232957363128662,-1.0405622720718384,0.6408039927482605,0.6412035226821899,1.1928775310516357,0.11584898084402084,0.05124903842806816,0.39412933588027954,1.2287863492965698,-0.11268717050552368,0.054801568388938904,0.6573779582977295,1.7591476440429688,0.4429207742214203,0.013965776190161705,0.42265868186950684,1.824594497680664,0.15979380905628204,0.0072070020250976086,0.6775687336921692,2.2623367309570312,1.2040868997573853,0.0018620048649609089,0.4565986096858978,2.3325350284576416,0.7319885492324829,0.002304989146068692,0.6724641919136047,2.352870464324951,1.2556238174438477,0.001549551379866898,0.4291068911552429,2.4171454906463623,0.774516224861145,0.0022103688679635525,0.7241493463516235,2.404759645462036,0.8363929986953735,0.003119951579719782,0.5871641039848328,2.4812188148498535,0.19102364778518677,0.0019216106738895178
0.5399761199951172,0.25373584032058716,-1.0252649784088135,0.9992014169692993,0.5562415719032288,0.18988412618637085,-0.9573943018913269,0.9978099465370178,0.5683382153511047,0.18839535117149353,-0.9573630094528198,0.9977426528930664,0.5786582827568054,0.18706484138965607,-0.9574483036994934,0.9961626529693604,0.5068424940109253,0.18992377817630768,-1.0003037452697754,0.9989543557167053,0.4865826964378357,0.18840943276882172,-1.0002093315124512,0.9992652535438538,0.46566563844680786,0.18804658949375153,-1.00067138671875,0.9992180466651917,0.5787796974182129,0.20137591660022736,-0.533912718296051,0.9956289529800415,0.4217150807380676,0.20617611706256866,-0.7271734476089478,0.9997135400772095,0.5554758310317993,0.30971428751945496,-0.8635594248771667,0.9991807341575623,0.5065997242927551,0.3107854723930359,-0.9174927473068237,0.9998330473899841,0.6519250273704529,0.48353108763694763,-0.20162954926490784,0.9976725578308105,0.2901269793510437,0.5518630743026733,-0.5942808985710144,0.9997879862785339,0.6937557458877563,0.8318385481834412,-0.03877094388008118,0.39921852946281433,0.1386275589466095,0.9378030896186829,-0.6862852573394775,0.9438375234603882,0.8290807008743286,0.9807807207107544,-0.42574986815452576,0.22512482106685638,0.03360805660486221,1.217911958694458,-1.0374237298965454,0.6216512322425842,0.8956783413887024,1.016669511795044,-0.49565261602401733,0.2385217547416687,0.005643635522574186,1.3000534772872925,-1.1421034336090088,0.5410727262496948,0.8826935887336731,1.0041333436965942,-0.5929754972457886,0.28158628940582275,0.03067982755601406,1.2770854234695435,-1.236728549003601,0.6124511361122131,0.8502069711685181,1.0005377531051636,-0.4790429174900055,0.2843106687068939,0.046866826713085175,1.2529079914093018,-1.0872411727905273,0.6398427486419678,0.6413866877555847,1.2208881378173828,0.1321517825126648,0.04746291786432266,0.3951055407524109,1.2527443170547485,-0.12904568016529083,0.05029323324561119,0.6558247804641724,1.7975085973739624,0.4506922662258148,0.012712442316114902,0.416695773601532,1.8621901273727417,0.1316799819469452,0.006675174925476313,0.6641879081726074,2.3144333362579346,1.1905131340026855,0.001695155049674213,0.4396076202392578,2.3804123401641846,0.6989414691925049,0.002086579566821456,0.6553816199302673,2.4103851318359375,1.2382928133010864,0.0014071009354665875,0.4096769690513611,2.4682326316833496,0.7400168776512146,0.0020062250550836325,0.7199515700340271,2.4529311656951904,0.8186424970626831,0.002899387152865529,0.5704347491264343,2.5284979343414307,0.1600513756275177,0.0017657952848821878
0.5477473735809326,0.24893955886363983,-0.9360138177871704,0.9992595911026001,0.5642409324645996,0.1874145120382309,-0.8782699704170227,0.9979968667030334,0.5762192010879517,0.18637140095233917,-0.8781663775444031,0.9979237914085388,0.5863091349601746,0.18544144928455353,-0.8783718943595886,0.996492862701416,0.5156950950622559,0.18594121932983398,-0.9133987426757812,0.9990399479866028,0.495990127325058,0.1838723123073578,-0.9132291078567505,0.9993186593055725,0.4760466516017914,0.18292205035686493,-0.9136411547660828,0.9992797374725342,0.5850057601928711,0.20115265250205994,-0.5014678239822388,0.9960023164749146,0.43115416169166565,0.20091025531291962,-0.6610304117202759,0.9997358322143555,0.5613952875137329,0.3049149513244629,-0.7907435297966003,0.9992400407791138,0.5118707418441772,0.3054018020629883,-0.8354144096374512,0.9998454451560974,0.6518124938011169,0.48981326818466187,-0.20254400372505188,0.9976679086685181,0.29004865884780884,0.5474645495414734,-0.5181636810302734,0.9997828602790833,0.6933420896530151,0.8231598138809204,0.07618929445743561,0.37837478518486023,0.1397469937801361,0.9337919354438782,-0.5870221257209778,0.9361903667449951,0.8088927268981934,0.9649437069892883,-0.10257228463888168,0.2343723624944687,0.08385688066482544,1.2149766683578491,-0.9345322847366333,0.6146310567855835,0.8648226857185364,0.9758636355400085,-0.15423770248889923,0.254530668258667,0.06820572912693024,1.2989751100540161,-1.0292303562164307,0.5419579148292542,0.8432596921920776,0.9247357249259949,-0.23247289657592773,0.29901444911956787,0.10159043967723846,1.2687383890151978,-1.1106183528900146,0.6139688491821289,0.8216043710708618,0.9603213667869568,-0.147007554769516,0.3004363477230072,0.11464430391788483,1.243257999420166,-0.9776274561882019,0.639573335647583,0.6416113376617432,1.2128043174743652,0.11764463037252426,0.04345884546637535,0.3957325518131256,1.2462794780731201,-0.11463306099176407,0.045938726514577866,0.6556203365325928,1.7930982112884521,0.3466074466705322,0.01152955275028944,0.4159278869628906,1.8577841520309448,0.08870096504688263,0.006110791582614183,0.665919840335846,2.3116509914398193,1.0014798641204834,0.0015352134360000491,0.4436372220516205,2.3764424324035645,0.5620952844619751,0.0018831861671060324,0.657697856426239,2.404022455215454,1.0414278507232666,0.0012726447312161326,0.416077196598053,2.463338613510132,0.5937036871910095,0.0018133906414732337,0.7208576202392578,2.448198080062866,0.6376791596412659,0.002668523695319891,0.5714871883392334,2.519251585006714,0.04262927919626236,0.0016072276048362255
0.5555239915847778,0.24514226615428925,-0.8047474026679993,0.9993177652359009,0.5691114664077759,0.1851961463689804,-0.745965838432312,0.9981796145439148,0.5800012946128845,0.1846817284822464,-0.7459551692008972,0.9981056451797485,0.5891682505607605,0.18427029252052307,-0.7461885809898376,0.9968183040618896,0.5256999731063843,0.18220025300979614,-0.7859562635421753,0.9991228580474854,0.5076755285263062,0.18003739416599274,-0.785757303237915,0.9993712306022644,0.48980769515037537,0.17908531427383423,-0.7861407995223999,0.9993402361869812,0.5856195092201233,0.2008741796016693,-0.3808388411998749,0.9963676929473877,0.44499772787094116,0.19747863709926605,-0.5594006180763245,0.9997562170028687,0.5657405257225037,0.2998320758342743,-0.6660090684890747,0.9993027448654175,0.5199790596961975,0.2995718717575073,-0.7160016298294067,0.9998576641082764,0.6493157148361206,0.4959392249584198,-0.1299736499786377,0.9977143406867981,0.290553480386734,0.527528703212738,-0.45989054441452026,0.999775767326355,0.6928365230560303,0.8390074372291565,0.013086499646306038,0.357649564743042,0.14659669995307922,0.9203542470932007,-0.5435677766799927,0.9218249320983887,0.7975510358810425,0.9607756733894348,-0.18001143634319305,0.2334458827972412,0.07841409742832184,1.2177598476409912,-0.9208742380142212,0.6022184491157532,0.8601190447807312,0.9762217998504639,-0.29330843687057495,0.2596805691719055,0.06212473660707474,1.30451238155365,-1.0187923908233643,0.5393589735031128,0.8261834383010864,0.9166247844696045,-0.3885304927825928,0.3066210448741913,0.09270121157169342,1.2803359031677246,-1.1018846035003662,0.6127739548683167,0.8183180689811707,0.9607488512992859,-0.26201218366622925,0.3058539032936096,0.10704822838306427,1.253877878189087,-0.9670562744140625,0.6356775164604187,0.6388248801231384,1.211685299873352,0.10910109430551529,0.03971189260482788,0.39549651741981506,1.2423499822616577,-0.10612326860427856,0.041840869933366776,0.6536149978637695,1.7922184467315674,0.2446969747543335,0.010582727380096912,0.41537946462631226,1.8493645191192627,0.03837528079748154,0.005731601268053055,0.6666139364242554,2.319425106048584,0.7959671020507812,0.0014046600554138422,0.44559645652770996,2.372614622116089,0.38408559560775757,0.0017073237104341388,0.6588964462280273,2.41300106048584,0.8259175419807434,0.001160917803645134,0.41804832220077515,2.462578296661377,0.4022536873817444,0.0016516087343916297,0.721545398235321,2.4492881298065186,0.4394422471523285,0.002502875868231058,0.5721551179885864,2.5074658393859863,-0.12141367048025131,0.0014801147626712918
0.5573684573173523,0.23568765819072723,-0.6968249678611755,0.9993726015090942,0.5704125165939331,0.17946238815784454,-0.6359617114067078,0.9983476996421814,0.5810657143592834,0.1800106316804886,-0.6359443068504333,0.9982744455337524,0.5898534059524536,0.18086685240268707,-0.636259913444519,0.9971172213554382,0.5292888879776001,0.17522381246089935,-0.6795516610145569,0.9992004036903381,0.5121790170669556,0.1731427013874054,-0.6793855428695679,0.9994221329689026,0.495161771774292,0.17201988399028778,-0.6797693967819214,0.9993976354598999,0.5847920179367065,0.2002151608467102,-0.28648820519447327,0.9967015981674194,0.452528715133667,0.1904684454202652,-0.484984815120697,0.9997754693031311,0.5653709173202515,0.2910047173500061,-0.5667685270309448,0.9993619322776794,0.5217304825782776,0.289631187915802,-0.621954083442688,0.9998693466186523,0.6425254940986633,0.4987964332103729,-0.07987673580646515,0.9977817535400391,0.2911302447319031,0.5096256732940674,-0.4123063087463379,0.9997752904891968,0.680057942867279,0.8473142981529236,0.04061063006520271,0.34419846534729004,0.16020530462265015,0.9073593616485596,-0.496429979801178,0.9119749069213867,0.7960926294326782,0.9821814298629761,-0.22697874903678894,0.22666847705841064,0.0785352885723114,1.2120722532272339,-0.8803328275680542,0.59067302942276,0.8552891612052917,1.015906572341919,-0.3104588985443115,0.2560289800167084,0.05150609463453293,1.302570104598999,-0.9784544110298157,0.5358630418777466,0.8214432001113892,0.9940518736839294,-0.3995591104030609,0.30421561002731323,0.08895096182823181,1.2831350564956665,-1.0506181716918945,0.6097462773323059,0.8109353184700012,0.9941157698631287,-0.28751522302627563,0.3015816807746887,0.10714051872491837,1.2545249462127686,-0.9220080375671387,0.6300057768821716,0.6219179034233093,1.2171658277511597,0.10514487326145172,0.03660397231578827,0.3842443823814392,1.2408562898635864,-0.10214662551879883,0.03849831596016884,0.6315009593963623,1.8021565675735474,0.16536521911621094,0.009853827767074108,0.3935268521308899,1.8489460945129395,-0.008838621899485588,0.005478409118950367,0.6433326005935669,2.336402416229248,0.6480402946472168,0.0013049739645794034,0.41512975096702576,2.379910945892334,0.2596418559551239,0.0015607844106853008,0.6342477202415466,2.429917097091675,0.6710971593856812,0.001071635982953012,0.3850204050540924,2.4726319313049316,0.2689119577407837,0.0015201515052467585,0.6998614072799683,2.465545654296875,0.3014635443687439,0.0023980000987648964,0.536397397518158,2.510582447052002,-0.23750483989715576,0.001381739042699337
0.5560521483421326,0.22524584829807281,-0.6933601498603821,0.999426543712616,0.5687628388404846,0.17170366644859314,-0.6322804093360901,0.9985032677650452,0.5795284509658813,0.17248983681201935,-0.6323325037956238,0.9984342455863953,0.5885173082351685,0.17366823554039001,-0.6325228214263916,0.9973915815353394,0.5289437174797058,0.1680946797132492,-0.6770344972610474,0.9992729425430298,0.5125840902328491,0.16651026904582977,-0.6768975257873535,0.9994720220565796,0.49597302079200745,0.1658063381910324,-0.6772690415382385,0.999451220035553,0.5839186906814575,0.1964094042778015,-0.2735925018787384,0.9970136284828186,0.45511412620544434,0.18592779338359833,-0.4764070510864258,0.9997946619987488,0.5639954805374146,0.28102752566337585,-0.5593446493148804,0.9994177222251892,0.5215708017349243,0.2789298892021179,-0.6157406568527222,0.9998801350593567,0.6352387070655823,0.5032860040664673,-0.023461706936359406,0.9977882504463196,0.29601389169692993,0.48352324962615967,-0.4304874837398529,0.9997761249542236,0.6611189246177673,0.8508073687553406,0.11494328081607819,0.3254256248474121,0.1699315756559372,0.8731568455696106,-0.5262285470962524,0.9034183621406555,0.7797594666481018,1.0123378038406372,-0.1626354306936264,0.2188872992992401,0.07877427339553833,1.2066313028335571,-0.8914781808853149,0.5915437340736389,0.8333395719528198,1.0543489456176758,-0.2326875627040863,0.2525065541267395,0.045689474791288376,1.3019664287567139,-0.9883025288581848,0.5447040796279907,0.8162981867790222,1.041642665863037,-0.33066457509994507,0.3012659549713135,0.08572745323181152,1.287297010421753,-1.065126657485962,0.617257833480835,0.8012139201164246,1.0306705236434937,-0.2222824990749359,0.29763755202293396,0.10675795376300812,1.2575812339782715,-0.9361886978149414,0.6350043416023254,0.6034587621688843,1.2200417518615723,0.11201648414134979,0.03415554016828537,0.3704911172389984,1.237989902496338,-0.10901142656803131,0.03588408604264259,0.6040944457054138,1.8017882108688354,0.1900818645954132,0.009372025728225708,0.37405556440353394,1.844588041305542,-0.033830322325229645,0.005638883914798498,0.6109894514083862,2.3317995071411133,0.6768656969070435,0.0012484166072681546,0.39073288440704346,2.3726089000701904,0.24186304211616516,0.0014601388247683644,0.6002249717712402,2.424372911453247,0.698517918586731,0.0010066647082567215,0.3584533929824829,2.463996648788452,0.2521681487560272,0.001439070445485413,0.6696600317955017,2.46437668800354,0.3288753628730774,0.00237641972489655,0.5099681615829468,2.507106304168701,-0.2592003345489502,0.0013465514639392495
0.5528976917266846,0.22427521646022797,-0.6235624551773071,0.9994810223579407,0.566367506980896,0.1711762547492981,-0.5661318898200989,0.9986497759819031,0.577499270439148,0.1721101701259613,-0.5662686824798584,0.9985867738723755,0.5869362950325012,0.17335525155067444,-0.5663662552833557,0.9976478815078735,0.5265572667121887,0.16745281219482422,-0.6077777743339539,0.9993430972099304,0.5104001760482788,0.1659816950559616,-0.6075459718704224,0.9995220899581909,0.49374404549598694,0.16532064974308014,-0.6078700423240662,0.9995037317276001,0.5837879776954651,0.19634665548801422,-0.22552840411663055,0.997307538986206,0.4551452696323395,0.18517780303955078,-0.4119892716407776,0.9998142123222351,0.5622602701187134,0.2791273891925812,-0.49546295404434204,0.9994735717773438,0.5189286470413208,0.2769465744495392,-0.5473275780677795,0.9998913407325745,0.6230757236480713,0.5001197457313538,0.03149048984050751,0.9979530572891235,0.3022518754005432,0.46335285902023315,-0.38551074266433716,0.9997889399528503,0.6481709480285645,0.8448225259780884,0.12034402787685394,0.33180081844329834,0.18466399610042572,0.8568964600563049,-0.48811882734298706,0.9053919315338135,0.7557644248008728,0.9773310422897339,-0.2058052271604538,0.25398924946784973,0.10964813083410263,1.2049624919891357,-0.8804834485054016,0.613709032535553,0.7963274717330933,1.0225826501846313,-0.255412757396698,0.2904564142227173,0.07396768033504486,1.305071473121643,-0.987095057964325,0.5718756914138794,0.7896369695663452,0.9423652291297913,-0.3360663056373596,0.33973944187164307,0.12297622114419937,1.289846420288086,-1.0554484128952026,0.6409853100776672,0.7588797807693481,0.9343565106391907,-0.258056640625,0.33385491371154785,0.1431027352809906,1.2591512203216553,-0.9208548665046692,0.656988799571991,0.5802644491195679,1.2191163301467896,0.11200357973575592,0.03289278969168663,0.35423535108566284,1.2189674377441406,-0.10877398401498795,0.034515637904405594,0.5747784972190857,1.7940986156463623,0.15296393632888794,0.009067687205970287,0.3550059199333191,1.8324605226516724,-0.05736410617828369,0.00608628848567605,0.5796903967857361,2.315176486968994,0.5659202337265015,0.0011849506990984082,0.37111034989356995,2.3683829307556152,0.15206220746040344,0.0013620646204799414,0.568536639213562,2.4061529636383057,0.5816759467124939,0.0009390097693540156,0.33902764320373535,2.462646007537842,0.15790899097919464,0.00136645941529423,0.64143967628479,2.4521234035491943,0.23095902800559998,0.002358990954235196,0.49321627616882324,2.494638204574585,-0.33189424872398376,0.0013201613910496235
0.550768256187439,0.22577477991580963,-0.5450068712234497,0.9995303153991699,0.5647884607315063,0.1718543916940689,-0.49260133504867554,0.9987817406654358,0.5767179727554321,0.1732640415430069,-0.49261370301246643,0.9987242221832275,0.5865079164505005,0.17501875758171082,-0.492725133895874,0.9978788495063782,0.5253820419311523,0.16773240268230438,-0.533835232257843,0.9994064569473267,0.5100197792053223,0.16633577644824982,-0.5335124135017395,0.999567449092865,0.4938548505306244,0.1657867729663849,-0.5337419509887695,0.9995511770248413,0.5805714130401611,0.19918912649154663,-0.1806950867176056,0.997572124004364,0.4565349221229553,0.18544985353946686,-0.3702297508716583,0.9998317360877991,0.5617362260818481,0.28041160106658936,-0.42837414145469666,0.9995239973068237,0.517082929611206,0.27782830595970154,-0.48103076219558716,0.9999014139175415,0.6063191890716553,0.4982087314128876,0.06174974516034126,0.9981021881103516,0.30894735455513,0.4517301619052887,-0.3726315200328827,0.9998021125793457,0.637667715549469,0.8404373526573181,0.250702440738678,0.3293336033821106,0.1981477588415146,0.84364914894104,-0.4756169319152832,0.9062787294387817,0.7430766224861145,0.9582858681678772,0.05767267197370529,0.26701804995536804,0.1453506350517273,1.1972965002059937,-0.814409613609314,0.6245048642158508,0.7947560548782349,1.0193593502044678,-0.006888783071190119,0.3081020414829254,0.10792617499828339,1.3021472692489624,-0.9097377061843872,0.5893104076385498,0.7896672487258911,0.9621148705482483,-0.09925730526447296,0.3592405915260315,0.15934690833091736,1.2915914058685303,-0.971847653388977,0.6562017798423767,0.7588420510292053,0.9476851224899292,0.0018001506105065346,0.35144633054733276,0.18116624653339386,1.2590821981430054,-0.8510714769363403,0.6707098484039307,0.5696213245391846,1.2091484069824219,0.1184699535369873,0.03200555220246315,0.35541561245918274,1.2001421451568604,-0.11519332230091095,0.033639516681432724,0.5649393200874329,1.7835924625396729,0.11187002807855606,0.008784561417996883,0.3600066006183624,1.8044005632400513,-0.11467672884464264,0.006611889228224754,0.5745307207107544,2.311663866043091,0.46077480912208557,0.0011282468913123012,0.3758798837661743,2.338397979736328,0.023585503920912743,0.0012786329025402665,0.5626125335693359,2.4005722999572754,0.4694229066371918,0.0008791009895503521,0.34122830629348755,2.430034637451172,0.02242574468255043,0.0013014175929129124,0.6388653516769409,2.4343905448913574,0.13611024618148804,0.002361876657232642,0.4968246817588806,2.4613521099090576,-0.4500959515571594,0.0013112738961353898
0.5495234727859497,0.2267986685037613,-0.5526560544967651,0.999574601650238,0.563685953617096,0.1723465770483017,-0.501062273979187,0.9989005327224731,0.5758192539215088,0.17414610087871552,-0.5010960102081299,0.9988479018211365,0.5861290693283081,0.1762920767068863,-0.5012020468711853,0.9980867505073547,0.5250458717346191,0.16810794174671173,-0.5421251654624939,0.9994633793830872,0.5101370811462402,0.16677433252334595,-0.5417643189430237,0.9996079802513123,0.4942825734615326,0.16629913449287415,-0.541997492313385,0.9995935559272766,0.5790936350822449,0.20092548429965973,-0.18925143778324127,0.9978103637695312,0.4572226107120514,0.18576763570308685,-0.37805262207984924,0.9998473525047302,0.5608829855918884,0.2810949683189392,-0.4352414011955261,0.999569296836853,0.5162016153335571,0.278094619512558,-0.48765355348587036,0.9999104142189026,0.6009033918380737,0.4970487058162689,0.05301979184150696,0.9982505440711975,0.3108164370059967,0.4481569826602936,-0.3715617060661316,0.9998129606246948,0.6309639811515808,0.8361172080039978,0.22200438380241394,0.33510059118270874,0.2009160965681076,0.8389930725097656,-0.4769514203071594,0.9070528149604797,0.7364648580551147,0.9435836672782898,-0.006840127054601908,0.29855018854141235,0.14853999018669128,1.1974647045135498,-0.8153300285339355,0.6390493512153625,0.7782318592071533,0.970576822757721,-0.07887788116931915,0.3413271903991699,0.11049006134271622,1.303645372390747,-0.9128583073616028,0.609075665473938,0.7806231379508972,0.923615574836731,-0.16712181270122528,0.39299023151397705,0.16207441687583923,1.291770577430725,-0.9755762219429016,0.6734259724617004,0.7596937417984009,0.9488325119018555,-0.06132113188505173,0.38383761048316956,0.1843658983707428,1.260366439819336,-0.8526247143745422,0.6868276000022888,0.5648692846298218,1.203204870223999,0.11782397329807281,0.0314553864300251,0.35295623540878296,1.192693829536438,-0.11446956545114517,0.03293748199939728,0.562251627445221,1.7763445377349854,0.12380906194448471,0.008419987745583057,0.3595011234283447,1.791332721710205,-0.10295087099075317,0.006825689692050219,0.5730587840080261,2.3067901134490967,0.49229925870895386,0.0010615370701998472,0.37596189975738525,2.319139003753662,0.05706298351287842,0.001190098817460239,0.5612415075302124,2.3921902179718018,0.503618597984314,0.0008164768805727363,0.34176185727119446,2.4064011573791504,0.05907291918992996,0.0012263476382941008,0.635424017906189,2.426286458969116,0.1698579639196396,0.002316671423614025,0.49393510818481445,2.446871519088745,-0.4105548858642578,0.0012765938881784678
0.5460656881332397,0.2298925369977951,-0.5232885479927063,0.99961256980896,0.560219407081604,0.18233448266983032,-0.4674188494682312,0.9990044832229614,0.570708155632019,0.18462291359901428,-0.46752840280532837,0.9989565014839172,0.5795255303382874,0.18684901297092438,-0.46764302253723145,0.9982700943946838,0.5248851776123047,0.175265371799469,-0.5100753307342529,0.9995123744010925,0.509107232093811,0.17331434786319733,-0.5097428560256958,0.9996429681777954,0.4923802316188812,0.17247509956359863,-0.509990394115448,0.9996299147605896,0.5747305154800415,0.2087145447731018,-0.1314530074596405,0.9980207681655884,0.45474115014076233,0.19637367129325867,-0.3280894160270691,0.9998605847358704,0.5549430251121521,0.2824387848377228,-0.39598843455314636,0.9996078014373779,0.514386773109436,0.2783385217189789,-0.4508432447910309,0.9999173879623413,0.5956152677536011,0.4959689676761627,0.16490516066551208,0.9983505010604858,0.3164108097553253,0.4489058554172516,-0.33311590552330017,0.9998177886009216,0.6304389238357544,0.8338199853897095,0.4278987944126129,0.33737361431121826,0.21523582935333252,0.8169817328453064,-0.4291473925113678,0.91167813539505,0.7377788424491882,0.9413205981254578,0.28504008054733276,0.3209332823753357,0.17757990956306458,1.1404820680618286,-0.7448725700378418,0.6588237881660461,0.7818201780319214,0.9646861553192139,0.23825259506702423,0.365421324968338,0.14931625127792358,1.241326928138733,-0.8369261622428894,0.63088059425354,0.7838712930679321,0.9263237714767456,0.13819947838783264,0.4176671802997589,0.1920054852962494,1.2314125299453735,-0.8841719627380371,0.6920382380485535,0.760452389717102,0.9389066100120544,0.22857005894184113,0.4079243242740631,0.21147844195365906,1.1972495317459106,-0.7733293771743774,0.703500509262085,0.5608505606651306,1.1885663270950317,0.12801501154899597,0.03451632335782051,0.3540414869785309,1.171791911125183,-0.12490004301071167,0.03585261106491089,0.5492104887962341,1.7486354112625122,0.08361072093248367,0.009136868640780449,0.35082176327705383,1.7561365365982056,-0.1747705638408661,0.008878068067133427,0.5555130839347839,2.2643473148345947,0.40460890531539917,0.0011432601604610682,0.362371027469635,2.2739040851593018,-0.05952770262956619,0.0012687608832493424,0.5440681576728821,2.3410933017730713,0.4104003310203552,0.0008229145896621048,0.33085498213768005,2.350708484649658,-0.061095088720321655,0.0013056203024461865,0.6043494939804077,2.401794672012329,0.06736864149570465,0.00251286244019866,0.4618294835090637,2.4180703163146973,-0.5288991928100586,0.0015484365867450833
0.5378016233444214,0.23767317831516266,-0.48845967650413513,0.9996469616889954,0.554175615310669,0.19675405323505402,-0.4346681535243988,0.9990978837013245,0.5644400119781494,0.19882628321647644,-0.4348301887512207,0.9990543723106384,0.5725244879722595,0.200883686542511,-0.4349304139614105,0.9984351396560669,0.5197245478630066,0.19072182476520538,-0.471517413854599,0.9995564222335815,0.5043110251426697,0.18947477638721466,-0.4713258743286133,0.9996748566627502,0.48912137746810913,0.18940049409866333,-0.47158828377723694,0.9996629953384399,0.5712963938713074,0.21969442069530487,-0.11119093745946884,0.9982101917266846,0.4537549614906311,0.21274343132972717,-0.28045567870140076,0.9998725056648254,0.5464796423912048,0.28873127698898315,-0.36593928933143616,0.9996424913406372,0.5079531073570251,0.2834978699684143,-0.4132820665836334,0.999923586845398,0.5933891534805298,0.5013372898101807,0.16647331416606903,0.9984255433082581,0.32084983587265015,0.45054593682289124,-0.2858171761035919,0.9998239278793335,0.6262814998626709,0.8320923447608948,0.38320595026016235,0.3457058370113373,0.23561520874500275,0.8129770159721375,-0.36747151613235474,0.9169641137123108,0.7253628969192505,0.9718576669692993,0.2239358127117157,0.32819366455078125,0.18615010380744934,1.1292046308517456,-0.6650418639183044,0.6744434833526611,0.7638533115386963,1.0053963661193848,0.16918250918388367,0.3719426989555359,0.1573318988084793,1.2286431789398193,-0.7532932162284851,0.6467517018318176,0.766779899597168,0.9839073419570923,0.07794275879859924,0.4248019754886627,0.1973523199558258,1.2212824821472168,-0.8020288348197937,0.7055267095565796,0.7408164143562317,0.9756101965904236,0.17068132758140564,0.4146616458892822,0.2170097529888153,1.1872740983963013,-0.6936746835708618,0.7153419256210327,0.5495091676712036,1.1722148656845093,0.12508930265903473,0.04486057162284851,0.3500277101993561,1.1498470306396484,-0.12205459177494049,0.0469265840947628,0.5307487845420837,1.715008020401001,0.014112070202827454,0.01235366240143776,0.33885201811790466,1.715203881263733,-0.16208788752555847,0.013772137463092804,0.5374562740325928,2.2239937782287598,0.2770180404186249,0.0015576592413708568,0.35051029920578003,2.234565258026123,-0.10426314920186996,0.0016673288773745298,0.5274960994720459,2.299819231033325,0.27998918294906616,0.001025201054289937,0.32008272409439087,2.3127031326293945,-0.11208315193653107,0.0017661091405898333,0.5756925344467163,2.367645025253296,-0.05394477769732475,0.0031316829845309258,0.44394320249557495,2.382236957550049,-0.5600946545600891,0.002182201249524951
0.5308235883712769,0.25823265314102173,-0.4075498580932617,0.9996798038482666,0.5470060110092163,0.21938283741474152,-0.35997477173805237,0.9991841912269592,0.5571392774581909,0.2208212912082672,-0.36015230417251587,0.9991450309753418,0.5654424428939819,0.22283358871936798,-0.36020949482917786,0.9985866546630859,0.5127886533737183,0.21567286550998688,-0.40306147933006287,0.9995979070663452,0.49723634123802185,0.21512076258659363,-0.4028902053833008,0.9997050762176514,0.48181596398353577,0.21562202274799347,-0.403068870306015,0.9996942281723022,0.5639750361442566,0.23927251994609833,-0.04847879707813263,0.9983835816383362,0.45148786902427673,0.23428790271282196,-0.24372701346874237,0.9998840093612671,0.5372681021690369,0.30866754055023193,-0.28536736965179443,0.9996755719184875,0.5020421743392944,0.3037995398044586,-0.34074142575263977,0.9999300241470337,0.57347172498703,0.5036377906799316,0.23172275722026825,0.998501181602478,0.3298496901988983,0.45344942808151245,-0.27374929189682007,0.999833881855011,0.5745490789413452,0.8280620574951172,0.4157811105251312,0.3611690402030945,0.251790314912796,0.8022763133049011,-0.3519313931465149,0.9236185550689697,0.6517712473869324,1.0386942625045776,0.23941779136657715,0.33415713906288147,0.25753265619277954,1.1224346160888672,-0.5781217813491821,0.6948816776275635,0.6761767268180847,1.1013028621673584,0.17788715660572052,0.3779079020023346,0.22771649062633514,1.201657772064209,-0.661316454410553,0.6680047512054443,0.6724681258201599,1.093215823173523,0.08678936213254929,0.4301884174346924,0.266106516122818,1.193518877029419,-0.6934627294540405,0.7233735918998718,0.6499737501144409,1.0708461999893188,0.18684855103492737,0.42070189118385315,0.27807164192199707,1.1577186584472656,-0.5963509678840637,0.7319714426994324,0.5370025038719177,1.1580811738967896,0.14925596117973328,0.07710418850183487,0.35128504037857056,1.1317477226257324,-0.14707985520362854,0.08643058687448502,0.5080525875091553,1.676071286201477,0.0629330426454544,0.02763100154697895,0.33743181824684143,1.6766284704208374,-0.14887122809886932,0.03624219819903374,0.5216264724731445,2.1679277420043945,0.3072817623615265,0.0037589825224131346,0.3529297113418579,2.1914141178131104,-0.08983276784420013,0.0049631427973508835,0.5136047005653381,2.239271879196167,0.30962079763412476,0.002336083445698023,0.32422393560409546,2.2665531635284424,-0.09895629435777664,0.004744003061205149,0.5588423013687134,2.3153374195098877,0.0012203571386635303,0.00627091433852911,0.4388057589530945,2.343658208847046,-0.5179412961006165,0.006836737040430307
0.5208830237388611,0.2890735864639282,-0.3427792191505432,0.9997113943099976,0.5366910696029663,0.2510524392127991,-0.29772669076919556,0.9992649555206299,0.5463426113128662,0.2517324984073639,-0.29794004559516907,0.9992297887802124,0.5549904704093933,0.25252848863601685,-0.2979442775249481,0.9987269639968872,0.5035839080810547,0.2489221692085266,-0.33698251843452454,0.9996374845504761,0.488644540309906,0.24855531752109528,-0.33668190240859985,0.999734103679657,0.4738588333129883,0.2482016384601593,-0.3367442488670349,0.9997242093086243,0.5532290935516357,0.26521411538124084,-0.008878313936293125,0.9985442161560059,0.44829756021499634,0.25988146662712097,-0.1838982254266739,0.9998953342437744,0.5278698205947876,0.33595818281173706,-0.2309151440858841,0.9997074604034424,0.49507635831832886,0.3317347466945648,-0.2808000445365906,0.9999367594718933,0.564846396446228,0.5203482508659363,0.24842610955238342,0.9986184239387512,0.3346586227416992,0.45470917224884033,-0.22703364491462708,0.9998475313186646,0.5666235685348511,0.8613488078117371,0.4366798400878906,0.39778411388397217,0.2596040368080139,0.8024523258209229,-0.3005666732788086,0.9295752048492432,0.6283478736877441,1.030007004737854,0.2860540747642517,0.3456351161003113,0.290264755487442,1.0958153009414673,-0.5147741436958313,0.7152434587478638,0.6522015929222107,1.0884290933609009,0.22431382536888123,0.395835816860199,0.24297893047332764,1.1968353986740112,-0.5895153284072876,0.6918931603431702,0.6477966904640198,1.077988862991333,0.13372761011123657,0.44765540957450867,0.2791855037212372,1.1884913444519043,-0.6183356046676636,0.7435014247894287,0.6264868974685669,1.0580546855926514,0.23413541913032532,0.4398494362831116,0.2905600368976593,1.1487997770309448,-0.5327267050743103,0.7520387172698975,0.5350333452224731,1.1429976224899292,0.16292181611061096,0.10333777964115143,0.3532952070236206,1.1155978441238403,-0.16067953407764435,0.12002138793468475,0.5117082595825195,1.6609917879104614,0.08961525559425354,0.04521510750055313,0.3421269655227661,1.6642100811004639,-0.12304741144180298,0.0648689940571785,0.5200620889663696,2.145655632019043,0.28050780296325684,0.005311998538672924,0.3583744168281555,2.1721813678741455,-0.06772322952747345,0.00824245996773243,0.5100580453872681,2.2126126289367676,0.2774520814418793,0.003753401106223464,0.3288115859031677,2.2455356121063232,-0.07854112982749939,0.007440715096890926,0.5617934465408325,2.2899930477142334,-0.014848753809928894,0.010260193608701229,0.443881094455719,2.317531108856201,-0.4834267497062683,0.013017441146075726
0.5216138958930969,0.31496888399124146,-0.34845513105392456,0.9997373223304749,0.5352553725242615,0.27266618609428406,-0.30305951833724976,0.9993336796760559,0.5436328649520874,0.2728615701198578,-0.30334463715553284,0.9993018507957458,0.551059365272522,0.273393452167511,-0.3034095764160156,0.9988480806350708,0.5033190250396729,0.2719745934009552,-0.35173264145851135,0.9996704459190369,0.48855501413345337,0.2716415524482727,-0.3515399694442749,0.9997581243515015,0.4737582802772522,0.2714245617389679,-0.3517540693283081,0.9997490644454956,0.5427645444869995,0.2853904664516449,-0.005214093718677759,0.9986829161643982,0.4481920599937439,0.27817395329475403,-0.21780332922935486,0.9999043941497803,0.5285711288452148,0.35802823305130005,-0.23040875792503357,0.9997333884239197,0.4951325058937073,0.3544745147228241,-0.29194846749305725,0.9999415278434753,0.5572024583816528,0.5324074625968933,0.2824786603450775,0.998656153678894,0.339440256357193,0.46770352125167847,-0.2623034715652466,0.9998549818992615,0.5759369730949402,0.8399989604949951,0.4867844581604004,0.41009438037872314,0.2695472240447998,0.8062669634819031,-0.344869464635849,0.9349101781845093,0.6328276991844177,1.0077147483825684,0.32195988297462463,0.35557320713996887,0.29706281423568726,1.108686923980713,-0.5596696138381958,0.7353569269180298,0.6513320207595825,1.0748546123504639,0.2632133364677429,0.4080659747123718,0.2651049494743347,1.2039695978164673,-0.641040027141571,0.7137787342071533,0.6465373039245605,1.0687321424484253,0.1737663745880127,0.4596881568431854,0.3023819029331207,1.1920982599258423,-0.6677671670913696,0.7619662880897522,0.6296898126602173,1.026038408279419,0.2699489891529083,0.45290249586105347,0.3123916685581207,1.1521053314208984,-0.5759450197219849,0.7696058750152588,0.5400837659835815,1.1416329145431519,0.16678443551063538,0.11349276453256607,0.36040785908699036,1.120885968208313,-0.1644814908504486,0.13487736880779266,0.5208854675292969,1.6379228830337524,0.04717669263482094,0.050262145698070526,0.3427232503890991,1.6465637683868408,-0.134306401014328,0.07437794655561447,0.5322953462600708,2.126685619354248,0.23705151677131653,0.005559008568525314,0.36093834042549133,2.16101336479187,-0.08926256000995636,0.009345228783786297,0.5230616331100464,2.190884828567505,0.23684167861938477,0.004019796382635832,0.32994475960731506,2.235400915145874,-0.09897767007350922,0.008544174954295158,0.571531355381012,2.2773947715759277,-0.06214739754796028,0.011800567619502544,0.4502650797367096,2.308089017868042,-0.4954296946525574,0.01651139184832573
0.5219384431838989,0.32719147205352783,-0.3461146056652069,0.9997594952583313,0.5346471071243286,0.2900833785533905,-0.2988341748714447,0.999393880367279,0.5427011847496033,0.29106345772743225,-0.2990877330303192,0.9993648529052734,0.5499889254570007,0.2923114001750946,-0.2992384433746338,0.9989551901817322,0.5030010342597961,0.2868303060531616,-0.3473840653896332,0.9996993541717529,0.48834770917892456,0.2855340242385864,-0.34724727272987366,0.9997791647911072,0.4734281599521637,0.2843337059020996,-0.34748485684394836,0.9997709393501282,0.5408164262771606,0.3057408332824707,-0.00021821935661137104,0.9988051652908325,0.44800129532814026,0.29233303666114807,-0.21288295090198517,0.9999122023582458,0.5289309024810791,0.36937758326530457,-0.22828571498394012,0.9997555017471313,0.49522876739501953,0.36339160799980164,-0.289400190114975,0.9999454021453857,0.5550535917282104,0.5494341254234314,0.30107539892196655,0.9986600279808044,0.3442138731479645,0.4889584481716156,-0.27115562558174133,0.9998584985733032,0.584245502948761,0.8375080227851868,0.5115041136741638,0.41417384147644043,0.2889941930770874,0.8096727132797241,-0.36060526967048645,0.938251256942749,0.6522576212882996,0.972173273563385,0.3859812021255493,0.3527337610721588,0.313740998506546,1.1179842948913574,-0.5530477166175842,0.7445360422134399,0.6751173734664917,1.0242267847061157,0.3374653458595276,0.4070708155632019,0.3069193661212921,1.2134875059127808,-0.630183756351471,0.7245411276817322,0.670587956905365,1.006598949432373,0.25832730531692505,0.4588176906108856,0.34708601236343384,1.2024480104446411,-0.6496415734291077,0.7709541916847229,0.6536110639572144,0.9782397747039795,0.33932116627693176,0.45225757360458374,0.35357847809791565,1.1637991666793823,-0.5651789307594299,0.7780261635780334,0.5409113168716431,1.143926739692688,0.1777033805847168,0.11680267006158829,0.3836326003074646,1.1275326013565063,-0.17544546723365784,0.14107833802700043,0.536352276802063,1.648948073387146,0.07196883857250214,0.052111707627773285,0.38482147455215454,1.663969874382019,-0.15318509936332703,0.07955706864595413,0.5535780191421509,2.135920286178589,0.2888646721839905,0.005753195844590664,0.4043121933937073,2.1745851039886475,-0.103163942694664,0.010194724425673485,0.5430989861488342,2.203026533126831,0.2897323966026306,0.00422197999432683,0.37100526690483093,2.2508859634399414,-0.11190392076969147,0.0094343526288867,0.6013545393943787,2.2826080322265625,-0.003218611003831029,0.013014357537031174,0.5008945465087891,2.3172545433044434,-0.5038774013519287,0.018746189773082733
0.5224418640136719,0.33736953139305115,-0.3600827753543854,0.9997793436050415,0.5349401235580444,0.30319973826408386,-0.3113692104816437,0.9994482398033142,0.5426770448684692,0.30437275767326355,-0.3115399181842804,0.9994211196899414,0.5495151281356812,0.3057999312877655,-0.31160470843315125,0.9990510940551758,0.5037736892700195,0.3000776171684265,-0.36517876386642456,0.9997254014015198,0.4898282587528229,0.2989535927772522,-0.3650907278060913,0.9997979402542114,0.47486233711242676,0.29741349816322327,-0.3653249144554138,0.9997905492782593,0.5369978547096252,0.32102862000465393,-0.014357301406562328,0.998914361000061,0.4475862383842468,0.3045963943004608,-0.24938586354255676,0.9999192357063293,0.5292945504188538,0.3802608251571655,-0.24441635608673096,0.9997745156288147,0.4959183633327484,0.3735543191432953,-0.3130316138267517,0.9999487400054932,0.5536067485809326,0.5664775371551514,0.28466618061065674,0.9986467361450195,0.34442490339279175,0.5098882913589478,-0.28681448101997375,0.9998577833175659,0.5819366574287415,0.8368920087814331,0.5342280864715576,0.41184940934181213,0.3005097210407257,0.817290723323822,-0.4019509255886078,0.9399891495704651,0.6524370312690735,0.939406156539917,0.47764262557029724,0.3592967987060547,0.33587056398391724,1.1250022649765015,-0.5900593996047974,0.7508034110069275,0.6729835867881775,0.9745436906814575,0.4486106336116791,0.4146750271320343,0.33335667848587036,1.231373906135559,-0.6636247634887695,0.7334972620010376,0.6705306172370911,0.9510373473167419,0.3777658939361572,0.4662508964538574,0.3748985528945923,1.2184451818466187,-0.6850568056106567,0.7788232564926147,0.6546885371208191,0.9367708563804626,0.43674415349960327,0.4592489004135132,0.37982961535453796,1.175323724746704,-0.6034562587738037,0.7852181196212769,0.5445089340209961,1.1456246376037598,0.17906132340431213,0.11413155496120453,0.3864695727825165,1.1322460174560547,-0.176742285490036,0.13778355717658997,0.5386155843734741,1.6584259271621704,0.09089358896017075,0.04912940040230751,0.38513654470443726,1.6756757497787476,-0.17154020071029663,0.07594717293977737,0.555126428604126,2.1448357105255127,0.33797135949134827,0.005404107738286257,0.40302586555480957,2.1799395084381104,-0.08781766891479492,0.009717728942632675,0.5446778535842896,2.2130966186523438,0.34065335988998413,0.003982305061072111,0.37054306268692017,2.254903554916382,-0.09299784153699875,0.008986014872789383,0.6045060753822327,2.2910046577453613,0.040723513811826706,0.013133934698998928,0.49324336647987366,2.3208425045013428,-0.4943309426307678,0.018665838986635208
0.5233648419380188,0.38185328245162964,-0.25266963243484497,0.9996891021728516,0.5346450805664062,0.348893940448761,-0.2034585177898407,0.9993823766708374,0.5414116382598877,0.35107412934303284,-0.20389124751091003,0.9993657469749451,0.547163188457489,0.3534036874771118,-0.20417645573616028,0.9990326762199402,0.5053110122680664,0.34556230902671814,-0.26645082235336304,0.9996442794799805,0.49299830198287964,0.34582245349884033,-0.2665024399757385,0.999711811542511,0.4791685938835144,0.34643203020095825,-0.26691269874572754,0.9996911883354187,0.5317875146865845,0.372759610414505,0.08038986474275589,0.9988908767700195,0.4484946131706238,0.3637251555919647,-0.20007851719856262,0.9998382925987244,0.5296474695205688,0.42609265446662903,-0.13738422095775604,0.9996451735496521,0.4983965754508972,0.41883179545402527,-0.21968872845172882,0.9998178482055664,0.55693519115448,0.6145442724227905,0.34252434968948364,0.9980893135070801,0.3494359850883484,0.5471540093421936,-0.28157633543014526,0.9993202686309814,0.6397919654846191,0.8389629125595093,0.46113237738609314,0.39474475383758545,0.3598095774650574,0.8210212588310242,-0.43765154480934143,0.9067886471748352,0.6569585800170898,0.8661749362945557,0.14638899266719818,0.36718645691871643,0.5548892021179199,0.9050265550613403,-0.5491278171539307,0.7336586713790894,0.6651883721351624,0.8745370507240295,0.07522425800561905,0.420923113822937,0.6138191819190979,0.9210329651832581,-0.6209229826927185,0.7205776572227478,0.6581062078475952,0.8257745504379272,0.06026002764701843,0.4722291827201843,0.60783451795578,0.9022032022476196,-0.606550931930542,0.7659361362457275,0.6508671045303345,0.8265377879142761,0.12069849669933319,0.46362677216529846,0.5875812768936157,0.8932406902313232,-0.5462756156921387,0.7687064409255981,0.5421241521835327,1.1468219757080078,0.17438600957393646,0.10519369691610336,0.3855017423629761,1.1350479125976562,-0.17201188206672668,0.1258895993232727,0.5399852991104126,1.6374388933181763,0.034737974405288696,0.04586542397737503,0.3912004232406616,1.6418670415878296,-0.21690061688423157,0.07149966061115265,0.5606496930122375,2.122026205062866,0.24428662657737732,0.004998407326638699,0.40675225853919983,2.167595148086548,-0.18514743447303772,0.009211535565555096,0.5458028316497803,2.187244415283203,0.2507016062736511,0.0037252597976475954,0.37534913420677185,2.2480757236480713,-0.1937117874622345,0.008447430096566677,0.6184186339378357,2.268828868865967,-0.027503380551934242,0.012861822731792927,0.4953185021877289,2.298067808151245,-0.5631314516067505,0.017863402143120766
0.5230048894882202,0.3952275216579437,-0.20033279061317444,0.9996904730796814,0.5301172137260437,0.36247503757476807,-0.15970242023468018,0.9994055032730103,0.5349765419960022,0.36438310146331787,-0.16004258394241333,0.9993922710418701,0.5390564203262329,0.36661091446876526,-0.16038601100444794,0.9990932941436768,0.5051425695419312,0.36040982604026794,-0.2152610570192337,0.999649703502655,0.493060827255249,0.3610747158527374,-0.21519748866558075,0.999712347984314,0.479807049036026,0.36220723390579224,-0.21566534042358398,0.9996917843818665,0.5224855542182922,0.38440313935279846,0.085316501557827,0.9989643096923828,0.44868025183677673,0.379721462726593,-0.1630128175020218,0.9998332262039185,0.5274730324745178,0.43827614188194275,-0.10184337198734283,0.9996508955955505,0.49841490387916565,0.43238112330436707,-0.17368385195732117,0.9998120665550232,0.5542542338371277,0.6232547163963318,0.31680113077163696,0.9981078505516052,0.35209015011787415,0.5549805760383606,-0.22021925449371338,0.9992830753326416,0.6452292799949646,0.8379541039466858,0.4499742388725281,0.3979134261608124,0.3391968607902527,0.8229114413261414,-0.32014772295951843,0.8966987133026123,0.6599080562591553,0.8614823818206787,0.2906809449195862,0.3752177655696869,0.4374348223209381,1.000504970550537,-0.4237547814846039,0.7118085622787476,0.6744312644004822,0.8763509392738342,0.23362436890602112,0.4225599765777588,0.45707112550735474,1.0623250007629395,-0.47771167755126953,0.7018594741821289,0.6651145815849304,0.8337770104408264,0.20946243405342102,0.4737858772277832,0.4785262644290924,1.0477505922317505,-0.502677321434021,0.7478798031806946,0.6557513475418091,0.8344323039054871,0.26601463556289673,0.46357962489128113,0.47353440523147583,1.0226765871047974,-0.43538349866867065,0.7498840689659119,0.5438286066055298,1.152012586593628,0.144175723195076,0.09901062399148941,0.38448745012283325,1.1363686323165894,-0.14181864261627197,0.11694008111953735,0.5417477488517761,1.644921064376831,-0.019977260380983353,0.0433664545416832,0.3903023898601532,1.6491119861602783,-0.1956225335597992,0.06763558834791183,0.5604465007781982,2.1315436363220215,0.15060371160507202,0.004641158971935511,0.4032602906227112,2.17181134223938,-0.1877567321062088,0.008547459729015827,0.5455840826034546,2.1977884769439697,0.1511048972606659,0.0034754511434584856,0.3710287809371948,2.2533164024353027,-0.19819536805152893,0.007930549792945385,0.6156677007675171,2.2745769023895264,-0.13142766058444977,0.012349715456366539,0.48973315954208374,2.2998530864715576,-0.5698289275169373,0.016675136983394623
0.5202215909957886,0.40596070885658264,-0.12932735681533813,0.9997206330299377,0.5211725234985352,0.3759101927280426,-0.08409453183412552,0.999463677406311,0.5240813493728638,0.37784573435783386,-0.08440419286489487,0.9994519352912903,0.5264140963554382,0.37984439730644226,-0.0845324769616127,0.9991826415061951,0.5018011331558228,0.37393027544021606,-0.14441698789596558,0.9996836185455322,0.4908512234687805,0.3747623562812805,-0.1442182958126068,0.9997402429580688,0.4788079857826233,0.3758181929588318,-0.14445534348487854,0.9997214674949646,0.5065560936927795,0.3972623646259308,0.15142390131950378,0.9990667700767517,0.4474944472312927,0.3928087055683136,-0.11919988691806793,0.999849259853363,0.5212545990943909,0.4481213688850403,-0.03861691802740097,0.9996845722198486,0.49725642800331116,0.4429616928100586,-0.11766185611486435,0.999829888343811,0.5330373644828796,0.6170268654823303,0.347868412733078,0.9982834458351135,0.3505829870700836,0.5608109831809998,-0.1887231320142746,0.9993438720703125,0.6345059871673584,0.8320466876029968,0.48970937728881836,0.44111818075180054,0.33500707149505615,0.8315316438674927,-0.28014177083969116,0.8997131586074829,0.6620901823043823,0.8273084163665771,0.38198840618133545,0.420695424079895,0.40349531173706055,1.1241490840911865,-0.406049907207489,0.7182372212409973,0.6781740188598633,0.8300234079360962,0.33535057306289673,0.46250057220458984,0.41663360595703125,1.2151076793670654,-0.4482392370700836,0.7140872478485107,0.6708120107650757,0.7965765595436096,0.2918427884578705,0.5116883516311646,0.4657455086708069,1.211475133895874,-0.4921441674232483,0.7592799663543701,0.6595066785812378,0.8009747266769409,0.3485974669456482,0.5015930533409119,0.47115272283554077,1.1788264513015747,-0.4276425838470459,0.7613783478736877,0.5306089520454407,1.1379220485687256,0.13757941126823425,0.10027138143777847,0.3793903589248657,1.1239396333694458,-0.1350201815366745,0.11433364450931549,0.5280311107635498,1.6211130619049072,-0.034212883561849594,0.04220100864768028,0.38273006677627563,1.622119665145874,-0.19352518022060394,0.06686527281999588,0.5467804074287415,2.10233473777771,0.062492161989212036,0.004302874207496643,0.39718887209892273,2.1367757320404053,-0.17758528888225555,0.007983430288732052,0.5319253206253052,2.1610453128814697,0.05647933483123779,0.0033176762517541647,0.3673938810825348,2.2088088989257812,-0.1897210031747818,0.0075066909193992615,0.5961156487464905,2.243781328201294,-0.21071748435497284,0.012541823089122772,0.4746185839176178,2.2704458236694336,-0.545594334602356,0.016355015337467194
0.5158542394638062,0.41460350155830383,-0.09956464916467667,0.9997450113296509,0.5144011974334717,0.3826279938220978,-0.05912082642316818,0.9995121359825134,0.5166615843772888,0.38416391611099243,-0.05938181281089783,0.9995022416114807,0.5186043381690979,0.3858029544353485,-0.05958221107721329,0.9992589950561523,0.4981347620487213,0.38084086775779724,-0.11480368673801422,0.9997109770774841,0.4881584644317627,0.3813132047653198,-0.1146630272269249,0.9997625946998596,0.47726207971572876,0.3819974958896637,-0.11502046883106232,0.9997450113296509,0.49974116683006287,0.4022115468978882,0.16009023785591125,0.999155580997467,0.4457275867462158,0.3968127965927124,-0.09309950470924377,0.9998617768287659,0.5137208104133606,0.45540568232536316,-0.014019732363522053,0.9997103810310364,0.4935038983821869,0.4510572552680969,-0.08739356696605682,0.9998422265052795,0.523051917552948,0.6139835119247437,0.3428768515586853,0.998410701751709,0.3503778874874115,0.5645523071289062,-0.14964766800403595,0.9993839859962463,0.5998949408531189,0.8189922571182251,0.467770516872406,0.45834851264953613,0.3236016631126404,0.8316816687583923,-0.2396913468837738,0.9001321792602539,0.6181369423866272,0.8330413103103638,0.3431154489517212,0.4555591642856598,0.3496549725532532,1.1254328489303589,-0.3912331759929657,0.7255635261535645,0.6651933789253235,0.8237717747688293,0.29221323132514954,0.4903140068054199,0.32938629388809204,1.2266663312911987,-0.4379355311393738,0.7238664031028748,0.653742253780365,0.7888856530189514,0.24608150124549866,0.5384577512741089,0.3808813691139221,1.216274619102478,-0.48182448744773865,0.7680753469467163,0.6431871056556702,0.7930329442024231,0.30849915742874146,0.5270397067070007,0.37488073110580444,1.1944527626037598,-0.41313010454177856,0.7689799070358276,0.5145035982131958,1.1369632482528687,0.11387857049703598,0.10292182862758636,0.38332563638687134,1.024722695350647,-0.1113230437040329,0.11488334089517593,0.509272038936615,1.598721981048584,-0.06939151883125305,0.040314894169569016,0.36330848932266235,1.588807225227356,-0.2033536732196808,0.06467485427856445,0.5323458909988403,2.0725317001342773,0.03134971484541893,0.003997181076556444,0.3733132481575012,2.1016290187835693,-0.2444886714220047,0.007402824237942696,0.5192031860351562,2.1330745220184326,0.026578456163406372,0.003132342593744397,0.3462621867656708,2.1773009300231934,-0.2575226426124573,0.007047207094728947,0.5735945701599121,2.212920665740967,-0.2280784547328949,0.012144828215241432,0.4482066035270691,2.234208106994629,-0.5894710421562195,0.015317896381020546
0.5100492238998413,0.4210071265697479,-0.1280272901058197,0.9997684359550476,0.5099899768829346,0.38790714740753174,-0.08531226217746735,0.999557614326477,0.5126340985298157,0.3895505666732788,-0.08547477424144745,0.9995490908622742,0.5150468945503235,0.39126819372177124,-0.08569645881652832,0.9993295669555664,0.4936707615852356,0.38513708114624023,-0.1336650550365448,0.9997372627258301,0.48392757773399353,0.3850841522216797,-0.13342225551605225,0.9997841715812683,0.4736185669898987,0.38523486256599426,-0.1336703896522522,0.9997679591178894,0.4981875419616699,0.4070358872413635,0.13969680666923523,0.9992372989654541,0.44217124581336975,0.3991248905658722,-0.08083140105009079,0.9998739361763,0.5073350071907043,0.4597530663013458,-0.041991669684648514,0.999735951423645,0.48707088828086853,0.45523855090141296,-0.10555946826934814,0.9998549818992615,0.5228791832923889,0.6210167407989502,0.32915931940078735,0.9985364079475403,0.34575361013412476,0.5660021901130676,-0.14188459515571594,0.9994267225265503,0.5971857905387878,0.817299485206604,0.5103458762168884,0.48156437277793884,0.3183651268482208,0.8325677514076233,-0.23497025668621063,0.900929868221283,0.6318185329437256,0.8267221450805664,0.5097204446792603,0.483147531747818,0.3127900958061218,1.1273384094238281,-0.40060991048812866,0.7274845242500305,0.6645908355712891,0.8299451470375061,0.4805043637752533,0.5099804997444153,0.28238844871520996,1.2393192052841187,-0.4472249448299408,0.7288340926170349,0.6295205354690552,0.8081976175308228,0.4369847774505615,0.5579370260238647,0.32238414883613586,1.2189733982086182,-0.4914062023162842,0.7728967070579529,0.6417778134346008,0.799386739730835,0.47984129190444946,0.5450061559677124,0.32916831970214844,1.211012363433838,-0.42341914772987366,0.7728340029716492,0.5040560960769653,1.1333858966827393,0.10856346786022186,0.11204439401626587,0.3829638659954071,1.0021698474884033,-0.10603469610214233,0.12123381346464157,0.49510279297828674,1.5803492069244385,-0.07871712744235992,0.0398259200155735,0.3560970425605774,1.567060112953186,-0.20905466377735138,0.0654359981417656,0.5147570371627808,2.0432889461517334,0.02130494825541973,0.003809095360338688,0.35883936285972595,2.072373628616333,-0.27613770961761475,0.00699668237939477,0.5004193782806396,2.105069875717163,0.016268786042928696,0.003042625728994608,0.33086663484573364,2.1490516662597656,-0.2914077639579773,0.006746365688741207,0.5567765235900879,2.1812846660614014,-0.23063409328460693,0.012138515710830688,0.4326488971710205,2.2066311836242676,-0.6167372465133667,0.014518288895487785
0.49886012077331543,0.4318987727165222,-0.1369648575782776,0.9997885227203369,0.5032340884208679,0.39793866872787476,-0.09451747685670853,0.9995972514152527,0.5069995522499084,0.3998424708843231,-0.094678595662117,0.9995900988578796,0.5104514956474304,0.40194085240364075,-0.09495019912719727,0.9993919134140015,0.48457106947898865,0.39389318227767944,-0.1418793499469757,0.9997597932815552,0.4745526909828186,0.3931560814380646,-0.141567662358284,0.9998024702072144,0.4647163450717926,0.3925606906414032,-0.14179334044456482,0.9997872114181519,0.49728021025657654,0.41720134019851685,0.13479535281658173,0.9993098378181458,0.435518741607666,0.4044662117958069,-0.08092717826366425,0.9998840093612671,0.49832743406295776,0.4687908887863159,-0.04829550161957741,0.9997576475143433,0.47473734617233276,0.46413564682006836,-0.11054486036300659,0.9998650550842285,0.5228461027145386,0.6254661679267883,0.3249655067920685,0.9986457824707031,0.339756578207016,0.5666952133178711,-0.1370372474193573,0.9994522929191589,0.5944195985794067,0.8072922229766846,0.5113770365715027,0.5018919706344604,0.3151536285877228,0.8325648903846741,-0.23169806599617004,0.8974517583847046,0.6079215407371521,0.8271411061286926,0.5188713669776917,0.5096502900123596,0.29530495405197144,1.1223307847976685,-0.3914431631565094,0.723452091217041,0.66587895154953,0.8320899605751038,0.491452157497406,0.5295314192771912,0.2675420641899109,1.2333015203475952,-0.4382403790950775,0.7290362119674683,0.641394853591919,0.8012669682502747,0.4467644691467285,0.5771024823188782,0.2968900799751282,1.222155213356018,-0.48463067412376404,0.7735452651977539,0.642500102519989,0.8019789457321167,0.4892914295196533,0.5629293918609619,0.3121795356273651,1.2035839557647705,-0.41570550203323364,0.7729140520095825,0.5021594762802124,1.128163456916809,0.11208698898553848,0.11699140816926956,0.3814401626586914,0.9949197769165039,-0.10957908630371094,0.123017318546772,0.48695892095565796,1.5661391019821167,-0.05793258547782898,0.03988208994269371,0.349955677986145,1.5513209104537964,-0.22979140281677246,0.06728631258010864,0.501876711845398,2.021505832672119,0.04228075593709946,0.00367681379429996,0.3484340310096741,2.0515570640563965,-0.30212095379829407,0.006727609317749739,0.486776202917099,2.0825870037078857,0.03682365268468857,0.003021148731932044,0.32038167119026184,2.1258585453033447,-0.31717705726623535,0.006566829048097134,0.5450255274772644,2.1608145236968994,-0.20877060294151306,0.012158028781414032,0.4209027886390686,2.190215826034546,-0.6419113874435425,0.013860977254807949
0.4891210198402405,0.432974249124527,-0.16330519318580627,0.9998062252998352,0.4952555298805237,0.40154358744621277,-0.12032011896371841,0.9996324181556702,0.4999944269657135,0.40380755066871643,-0.12050674855709076,0.999626636505127,0.5044201016426086,0.4062443673610687,-0.1207813024520874,0.9994478821754456,0.47562384605407715,0.39682066440582275,-0.1638045758008957,0.999779224395752,0.46599406003952026,0.3959008753299713,-0.16350975632667542,0.9998179078102112,0.4567953944206238,0.3951109051704407,-0.16369351744651794,0.9998031258583069,0.4949773848056793,0.4235881567001343,0.11186303943395615,0.9993743896484375,0.4297789931297302,0.40872660279273987,-0.0886700376868248,0.9998916387557983,0.4915817379951477,0.4697774648666382,-0.07467243075370789,0.9997758269309998,0.4669034481048584,0.4657253324985504,-0.1325872242450714,0.9998723864555359,0.5231961011886597,0.6352189183235168,0.29181981086730957,0.9987499117851257,0.3369996249675751,0.5698239207267761,-0.12201601266860962,0.9994562268257141,0.597389817237854,0.7978318333625793,0.3794128894805908,0.521376371383667,0.31314465403556824,0.8286389112472534,-0.19722658395767212,0.8863860368728638,0.6554094552993774,0.8174523115158081,0.26991552114486694,0.541754961013794,0.29175660014152527,1.117540717124939,-0.3497293293476105,0.7110565304756165,0.6925759315490723,0.8257246613502502,0.21041257679462433,0.5573115348815918,0.2694479525089264,1.2026585340499878,-0.3985649347305298,0.7212496995925903,0.6720466613769531,0.7945023775100708,0.16585972905158997,0.6038875579833984,0.2955473065376282,1.2063184976577759,-0.4498507082462311,0.7672258019447327,0.6620138883590698,0.7973552942276001,0.2349998950958252,0.5893595814704895,0.3091917037963867,1.1865627765655518,-0.3777247965335846,0.76664137840271,0.49261194467544556,1.1136550903320312,0.10030488669872284,0.11844140291213989,0.3779565691947937,0.9921970963478088,-0.0978308916091919,0.12025954574346542,0.48316454887390137,1.5630028247833252,-0.08545146882534027,0.03766278550028801,0.34669432044029236,1.5478134155273438,-0.23079943656921387,0.06394097208976746,0.497215211391449,2.023574113845825,0.012113472446799278,0.0033909915946424007,0.34055227041244507,2.051737070083618,-0.30586689710617065,0.00618121400475502,0.4827970862388611,2.0851259231567383,0.008977752178907394,0.002817829605191946,0.31333115696907043,2.1276707649230957,-0.3213006854057312,0.006038744933903217,0.5391191840171814,2.1562485694885254,-0.2382034808397293,0.011480812914669514,0.41222649812698364,2.1768698692321777,-0.6565170884132385,0.012746138498187065
0.48430246114730835,0.4394284784793854,-0.15956561267375946,0.9998237490653992,0.4917091727256775,0.40791210532188416,-0.11246088892221451,0.9996663331985474,0.4971395432949066,0.410799503326416,-0.11268484592437744,0.9996614456176758,0.5019747018814087,0.41403019428253174,-0.11297833919525146,0.9995004534721375,0.4710752069950104,0.40122222900390625,-0.1579514443874359,0.9997987151145935,0.4611058831214905,0.39939096570014954,-0.15772998332977295,0.9998336434364319,0.4513477385044098,0.39789220690727234,-0.15788260102272034,0.9998195767402649,0.49436813592910767,0.43377605080604553,0.12288732826709747,0.9994341135025024,0.42284315824508667,0.41265884041786194,-0.08589312434196472,0.9998995661735535,0.48771077394485474,0.4776337444782257,-0.0716337114572525,0.9997943043708801,0.4624859690666199,0.47198328375816345,-0.13199397921562195,0.999880850315094,0.5214948058128357,0.6476194858551025,0.29068809747695923,0.9988480806350708,0.3312891125679016,0.5737403035163879,-0.12548865377902985,0.9994567632675171,0.6011365652084351,0.7991560101509094,0.385037899017334,0.5352283120155334,0.3113541603088379,0.8264248371124268,-0.21291294693946838,0.8645176887512207,0.7297509908676147,0.8283513188362122,0.30409058928489685,0.5684409737586975,0.27662792801856995,1.1025654077529907,-0.39540937542915344,0.6982709169387817,0.7825652956962585,0.8371659517288208,0.25612592697143555,0.5810914039611816,0.25258854031562805,1.183346152305603,-0.44725093245506287,0.7148086428642273,0.7730634808540344,0.803288459777832,0.1748744547367096,0.6278407573699951,0.2756376266479492,1.1907150745391846,-0.49418362975120544,0.7623482942581177,0.7659537196159363,0.8060264587402344,0.24810878932476044,0.6133286952972412,0.2904612421989441,1.1717383861541748,-0.42137375473976135,0.7610841393470764,0.4875465929508209,1.1168731451034546,0.1040414348244667,0.11234740167856216,0.3504810631275177,1.0582996606826782,-0.10164414346218109,0.11188656836748123,0.4845057427883148,1.575345516204834,-0.06740832328796387,0.035035040229558945,0.34579774737358093,1.5655087232589722,-0.22065469622612,0.05997927486896515,0.5009324550628662,2.0395853519439697,0.05608152598142624,0.003108915174379945,0.34179621934890747,2.0690486431121826,-0.27476972341537476,0.005654904525727034,0.48599523305892944,2.1026132106781006,0.054108627140522,0.0025934590958058834,0.3141208291053772,2.1450445652008057,-0.28967639803886414,0.005502957385033369,0.5482093691825867,2.1677937507629395,-0.19656261801719666,0.010854893364012241,0.41785940527915955,2.18994402885437,-0.6312078833580017,0.011710201390087605
0.4785196781158447,0.4461902976036072,-0.178019717335701,0.9998392462730408,0.4862959384918213,0.41315069794654846,-0.13153119385242462,0.9996967315673828,0.492196649312973,0.4158812463283539,-0.13175305724143982,0.9996925592422485,0.4975624680519104,0.41903403401374817,-0.1320166289806366,0.9995471835136414,0.4653087556362152,0.40663591027259827,-0.177779421210289,0.9998164176940918,0.4550682604312897,0.40467673540115356,-0.1775805652141571,0.9998480081558228,0.44504547119140625,0.4030570983886719,-0.17774388194084167,0.9998347759246826,0.4909939765930176,0.4388585686683655,0.11209150403738022,0.999487578868866,0.41630062460899353,0.41716596484184265,-0.09616101533174515,0.9999075531959534,0.4820941090583801,0.4834781885147095,-0.08606889843940735,0.9998108148574829,0.45679235458374023,0.4775751531124115,-0.14694492518901825,0.9998891353607178,0.5166411399841309,0.6544780731201172,0.29126930236816406,0.9989287853240967,0.3256613612174988,0.5820280909538269,-0.13838151097297668,0.9994686245918274,0.6015763878822327,0.8017817735671997,0.39558202028274536,0.556145966053009,0.3010362982749939,0.8296960592269897,-0.2315414696931839,0.8608309030532837,0.7113996744155884,0.8290535807609558,0.30877938866615295,0.5985316038131714,0.26341089606285095,1.0940083265304565,-0.40894097089767456,0.7062076330184937,0.7598736882209778,0.8453521132469177,0.26024049520492554,0.6075239777565002,0.23304717242717743,1.173469066619873,-0.46004873514175415,0.7234713435173035,0.7617974281311035,0.8076210618019104,0.18621854484081268,0.6527438759803772,0.25568607449531555,1.1780588626861572,-0.5070267915725708,0.7702340483665466,0.735258936882019,0.8151410818099976,0.26004481315612793,0.6388022303581238,0.27081847190856934,1.157997965812683,-0.4320070743560791,0.768474817276001,0.4785537123680115,1.1192618608474731,0.10791441053152084,0.11811850219964981,0.3396541476249695,1.0768219232559204,-0.10598178207874298,0.11376503109931946,0.47316521406173706,1.571444034576416,-0.03757119178771973,0.03332484886050224,0.3335093557834625,1.560897707939148,-0.2143332064151764,0.058100663125514984,0.48926877975463867,2.0248658657073975,0.07074545323848724,0.0028913256246596575,0.32979851961135864,2.051346778869629,-0.25067058205604553,0.0052993325516581535,0.4746640622615814,2.085261106491089,0.07257579267024994,0.0024322085082530975,0.30322304368019104,2.1231284141540527,-0.26386263966560364,0.005109519697725773,0.5368219614028931,2.1543707847595215,-0.1369953155517578,0.010478422045707703,0.39985477924346924,2.1740832328796387,-0.6191959381103516,0.010979664511978626
0.47039794921875,0.4435836672782898,-0.20512418448925018,0.9998521208763123,0.4785628318786621,0.4124779999256134,-0.15343527495861053,0.9997223019599915,0.4849070608615875,0.41517242789268494,-0.15372493863105774,0.9997187256813049,0.4911687970161438,0.4181046187877655,-0.15397557616233826,0.9995872974395752,0.4579227566719055,0.4063488841056824,-0.18663689494132996,0.9998310804367065,0.44757503271102905,0.40479612350463867,-0.1866137534379959,0.9998599290847778,0.43708187341690063,0.4035269618034363,-0.18669039011001587,0.9998475909233093,0.48766058683395386,0.4386444687843323,0.09717236459255219,0.9995331764221191,0.4095802307128906,0.41925907135009766,-0.09984297305345535,0.9999136924743652,0.47523680329322815,0.4825660288333893,-0.11423324048519135,0.9998230338096619,0.44927889108657837,0.47732841968536377,-0.1611313819885254,0.9998946785926819,0.518211841583252,0.6603100299835205,0.26945096254348755,0.9989731907844543,0.3221459984779358,0.5857370495796204,-0.13104595243930817,0.9994803071022034,0.5994347333908081,0.8107359409332275,0.38691624999046326,0.5758298635482788,0.2871316075325012,0.8307011723518372,-0.2325700968503952,0.8658287525177002,0.7286953926086426,0.8313285708427429,0.28558090329170227,0.6258584260940552,0.24466606974601746,1.0884130001068115,-0.5212435126304626,0.722183346748352,0.7791243195533752,0.859558641910553,0.23871104419231415,0.6311049461364746,0.21201947331428528,1.1622443199157715,-0.5839710831642151,0.7374617457389832,0.7844365835189819,0.8343325853347778,0.1624370515346527,0.6745625734329224,0.24849720299243927,1.1639395952224731,-0.6262778043746948,0.7822977304458618,0.7550345063209534,0.8315387964248657,0.2378445863723755,0.6616072058677673,0.2537413239479065,1.1451290845870972,-0.5484164953231812,0.7806554436683655,0.47745028138160706,1.1181360483169556,0.10413088649511337,0.1399044394493103,0.33708447217941284,1.0786629915237427,-0.10230318456888199,0.13180232048034668,0.4618675708770752,1.5395009517669678,-0.11176571995019913,0.03380777686834335,0.3260739743709564,1.520247220993042,-0.23421363532543182,0.060434672981500626,0.4776986539363861,1.9946497678756714,-0.011370803229510784,0.002814091509208083,0.3171634078025818,2.0143637657165527,-0.3027852177619934,0.005235644057393074,0.4644506573677063,2.053873300552368,-0.014576142653822899,0.002373903291299939,0.29318612813949585,2.086191177368164,-0.31900399923324585,0.004937988240271807,0.51334547996521,2.125448226928711,-0.26521188020706177,0.010609116405248642,0.3780549168586731,2.1401283740997314,-0.655634343624115,0.010801879689097404
0.4636417329311371,0.4464274048805237,-0.20786726474761963,0.999864935874939,0.4719136357307434,0.41630345582962036,-0.15415291488170624,0.9997472167015076,0.47796791791915894,0.41900959610939026,-0.15447980165481567,0.9997440576553345,0.48441725969314575,0.4219176471233368,-0.15467830002307892,0.9996255040168762,0.4517708718776703,0.4096822142601013,-0.19313110411167145,0.9998456835746765,0.441403329372406,0.4077591300010681,-0.1930425465106964,0.9998718500137329,0.4307575821876526,0.40607723593711853,-0.19316770136356354,0.9998604655265808,0.48219043016433716,0.4422706663608551,0.0967833548784256,0.9995762705802917,0.40304213762283325,0.42123663425445557,-0.08763878047466278,0.9999203085899353,0.46850746870040894,0.48537546396255493,-0.11838170140981674,0.9998365640640259,0.4422667622566223,0.48034578561782837,-0.16428230702877045,0.9999018311500549,0.5145757794380188,0.6646655797958374,0.2536773085594177,0.9990268349647522,0.3182287812232971,0.5889164805412292,-0.11811302602291107,0.9994974732398987,0.5933839082717896,0.8187615871429443,0.328911691904068,0.593414306640625,0.2799932062625885,0.8308643698692322,-0.24106177687644958,0.8701510429382324,0.7189520597457886,0.8346742987632751,0.1688154637813568,0.6522612571716309,0.24889497458934784,1.0746405124664307,-0.5232189893722534,0.7352159023284912,0.7789670825004578,0.8726841807365417,0.10865415632724762,0.6547884345054626,0.21273823082447052,1.1459749937057495,-0.5906583070755005,0.7484688758850098,0.7696617841720581,0.847931444644928,0.041507262736558914,0.6964170932769775,0.24088089168071747,1.1471329927444458,-0.6345734000205994,0.791946530342102,0.7544177174568176,0.8446289896965027,0.1239837184548378,0.684112548828125,0.253589928150177,1.1275577545166016,-0.5514973402023315,0.790458083152771,0.47896280884742737,1.1187654733657837,0.09981752187013626,0.14756710827350616,0.33847111463546753,1.0850722789764404,-0.09805656969547272,0.13816429674625397,0.4660415053367615,1.5430353879928589,-0.0892309695482254,0.032964132726192474,0.3288889229297638,1.52810800075531,-0.22672176361083984,0.060375701636075974,0.48214489221572876,1.996053695678711,0.031027501448988914,0.002673961455002427,0.3227359652519226,2.019981861114502,-0.2781035304069519,0.005053706932812929,0.46955031156539917,2.0563111305236816,0.028665006160736084,0.0022567801643162966,0.2979261577129364,2.0918467044830322,-0.2927757799625397,0.004718647804111242,0.5207316875457764,2.1212477684020996,-0.2278982400894165,0.010436956770718098,0.3896310329437256,2.141847848892212,-0.6350680589675903,0.010455562733113766
0.4622238576412201,0.4455282390117645,-0.21001195907592773,0.9998762011528015,0.46996259689331055,0.4167483448982239,-0.15747478604316711,0.9997689723968506,0.47631388902664185,0.4195396304130554,-0.1578008085489273,0.9997662305831909,0.48301514983177185,0.42246732115745544,-0.1579570770263672,0.9996590614318848,0.4496554732322693,0.41024249792099,-0.196455717086792,0.9998584389686584,0.43889498710632324,0.40850168466567993,-0.19634102284908295,0.9998823404312134,0.4279634356498718,0.4071615934371948,-0.19649866223335266,0.9998718500137329,0.48163971304893494,0.4415700137615204,0.09194635599851608,0.9996147155761719,0.40004390478134155,0.42158931493759155,-0.08619298040866852,0.9999263286590576,0.4673950672149658,0.48504358530044556,-0.12059924751520157,0.9998483061790466,0.44070735573768616,0.48027950525283813,-0.16659988462924957,0.9999080896377563,0.5153003931045532,0.6619053483009338,0.24714016914367676,0.9990784525871277,0.31561368703842163,0.5893329381942749,-0.1139875277876854,0.999519407749176,0.5896367430686951,0.818782389163971,0.3294994831085205,0.6135720014572144,0.2776046395301819,0.8305739164352417,-0.24293875694274902,0.8783721923828125,0.6888659000396729,0.8340797424316406,0.19721494615077972,0.6768154501914978,0.2463444471359253,1.0712112188339233,-0.5163161754608154,0.7516886591911316,0.694000244140625,0.86563640832901,0.14190039038658142,0.6762710213661194,0.21043875813484192,1.1424673795700073,-0.5829078555107117,0.7622968554496765,0.7071312069892883,0.8480728268623352,0.0832899883389473,0.7159607410430908,0.2465965300798416,1.1443756818771362,-0.6281508803367615,0.8037448525428772,0.7011622786521912,0.8447756171226501,0.15789321064949036,0.7040092945098877,0.2529352307319641,1.1218262910842896,-0.544322669506073,0.8022637963294983,0.47985273599624634,1.116112470626831,0.09545104950666428,0.16890880465507507,0.33945658802986145,1.084884762763977,-0.09367992728948593,0.16012533009052277,0.459822416305542,1.5165855884552002,-0.10540638118982315,0.03620488941669464,0.3288935422897339,1.497583031654358,-0.24638314545154572,0.06734584271907806,0.47080549597740173,1.9595946073532104,-0.007231959607452154,0.0027900179848074913,0.3182978332042694,1.981115460395813,-0.312502920627594,0.005362348165363073,0.4591287076473236,2.0173420906066895,-0.011762535199522972,0.002364076441153884,0.2945399582386017,2.0508549213409424,-0.32764801383018494,0.004949537105858326,0.5003436803817749,2.0888068675994873,-0.26080864667892456,0.010846666991710663,0.377888560295105,2.108952283859253,-0.6560922861099243,0.010778786614537239
0.4590877592563629,0.4436700642108917,-0.2361493855714798,0.9998863935470581,0.4656974673271179,0.41486889123916626,-0.18367670476436615,0.9997889399528503,0.47157225012779236,0.4175701141357422,-0.18399378657341003,0.9997865557670593,0.4782939851284027,0.4204710125923157,-0.18414553999900818,0.9996897578239441,0.44463667273521423,0.4088960289955139,-0.21987363696098328,0.9998700022697449,0.4337262213230133,0.40765655040740967,-0.21978792548179626,0.9998917579650879,0.42247647047042847,0.4069887101650238,-0.21994653344154358,0.9998818635940552,0.4772837162017822,0.4398253858089447,0.07635148614645004,0.999649167060852,0.39614206552505493,0.4229022264480591,-0.09065037965774536,0.9999314546585083,0.46437937021255493,0.48407575488090515,-0.1417701691389084,0.9998584389686584,0.43790021538734436,0.4805438816547394,-0.18794678151607513,0.9999131560325623,0.511041522026062,0.6630496382713318,0.2496200054883957,0.9991329908370972,0.3132769465446472,0.591049075126648,-0.12366410344839096,0.9995343089103699,0.5905894637107849,0.820901095867157,0.31747332215309143,0.6289861798286438,0.2772389054298401,0.8272419571876526,-0.2678794860839844,0.8806838393211365,0.7366202473640442,0.8447006344795227,0.09103240817785263,0.7023081183433533,0.24779006838798523,1.063955545425415,-0.5780274868011475,0.7669218182563782,0.7674661874771118,0.8764864206314087,0.023841336369514465,0.7006605267524719,0.21414391696453094,1.1300251483917236,-0.6495234370231628,0.776155948638916,0.7748198509216309,0.8591998815536499,-0.048605047166347504,0.7382218837738037,0.2519155740737915,1.1313865184783936,-0.6952336430549622,0.815624475479126,0.757599949836731,0.8551662564277649,0.042357925325632095,0.727124810218811,0.2547237277030945,1.1108181476593018,-0.6072782278060913,0.8139370083808899,0.47661861777305603,1.104988932609558,0.09652385115623474,0.17783819139003754,0.3386000394821167,1.08201003074646,-0.09458070993423462,0.16712571680545807,0.46451815962791443,1.5238276720046997,-0.09341394156217575,0.03416435793042183,0.33034491539001465,1.5102616548538208,-0.23949918150901794,0.06423443555831909,0.47569721937179565,1.9638786315917969,0.01790345087647438,0.002593696815893054,0.3204305171966553,1.9893879890441895,-0.3109537959098816,0.005059372633695602,0.4637026786804199,2.0221822261810303,0.017133964225649834,0.002208173740655184,0.2959216237068176,2.060460090637207,-0.32393690943717957,0.004617064725607634,0.5100365877151489,2.085899591445923,-0.22999539971351624,0.01039908267557621,0.3843908905982971,2.1029133796691895,-0.6453768014907837,0.010267239063978195
0.4543835520744324,0.44452184438705444,-0.25862616300582886,0.99989253282547,0.4612240791320801,0.4153595566749573,-0.20977818965911865,0.9998021125793457,0.46658286452293396,0.4178605377674103,-0.21006962656974792,0.9998003244400024,0.4729642868041992,0.42064568400382996,-0.2102653533220291,0.9997122287750244,0.43900078535079956,0.41014862060546875,-0.24298158288002014,0.9998766183853149,0.4282817840576172,0.40931329131126404,-0.24289345741271973,0.9998969435691833,0.41670528054237366,0.4090392291545868,-0.24303504824638367,0.9998873472213745,0.47320881485939026,0.43972834944725037,0.05099574849009514,0.999674916267395,0.3916875720024109,0.42421236634254456,-0.09345055371522903,0.9999333024024963,0.45979100465774536,0.4848313331604004,-0.16185583174228668,0.9998618960380554,0.4329882562160492,0.48243406414985657,-0.2051376849412918,0.9999135136604309,0.5045191645622253,0.6603860855102539,0.23808863759040833,0.9991471767425537,0.30871444940567017,0.5907314419746399,-0.11276628077030182,0.9995312094688416,0.5791370272636414,0.820524275302887,0.31544947624206543,0.6397460699081421,0.27468663454055786,0.8237549066543579,-0.22584450244903564,0.8848010897636414,0.6907433271408081,0.8396521806716919,0.1333174705505371,0.7203769087791443,0.25047028064727783,1.0536727905273438,-0.507288932800293,0.775587260723114,0.7437306642532349,0.870276689529419,0.07206655293703079,0.7162368893623352,0.2188362330198288,1.12421715259552,-0.5769482851028442,0.7827272415161133,0.7665808796882629,0.857966959476471,0.008065625093877316,0.7524917721748352,0.2543625235557556,1.1201976537704468,-0.621422529220581,0.8212465643882751,0.6881280541419983,0.848276674747467,0.09030457586050034,0.7419636845588684,0.2598375976085663,1.1020538806915283,-0.5350350141525269,0.8195225596427917,0.4702812135219574,1.0958610773086548,0.09123441576957703,0.1924930363893509,0.3350399136543274,1.0716677904129028,-0.08939795941114426,0.18140524625778198,0.4503141939640045,1.4937140941619873,-0.11024007946252823,0.035029686987400055,0.321598619222641,1.4740692377090454,-0.24436895549297333,0.06676207482814789,0.45551347732543945,1.9284515380859375,-0.0004908026312477887,0.0025904173962771893,0.30686110258102417,1.9499573707580566,-0.30422884225845337,0.005212952848523855,0.443807989358902,1.9843865633010864,-0.002875132020562887,0.0022278004325926304,0.2843252718448639,2.0200586318969727,-0.31869205832481384,0.004725232254713774,0.4820641875267029,2.0542709827423096,-0.2586875855922699,0.010581832379102707,0.364033579826355,2.0697567462921143,-0.6517411470413208,0.01038916315883398
0.4436952471733093,0.4460066556930542,-0.28892117738723755,0.9998939037322998,0.45269566774368286,0.41676899790763855,-0.2393035590648651,0.9998080730438232,0.4583657681941986,0.41935884952545166,-0.23962756991386414,0.9998074173927307,0.46371930837631226,0.42212599515914917,-0.23980875313282013,0.9997265934944153,0.4277957081794739,0.41191956400871277,-0.27927857637405396,0.9998769164085388,0.4161154329776764,0.4111490249633789,-0.27924951910972595,0.9998965859413147,0.4040246903896332,0.4110921323299408,-0.2794574797153473,0.9998862147331238,0.4642983376979828,0.4407449960708618,0.039603374898433685,0.9996910691261292,0.3813856244087219,0.42607805132865906,-0.13457411527633667,0.9999298453330994,0.4512353539466858,0.48631224036216736,-0.18235519528388977,0.9998552203178406,0.4217391908168793,0.4840407967567444,-0.23419301211833954,0.9999057054519653,0.49423933029174805,0.6591147184371948,0.24057090282440186,0.9990991353988647,0.3005527853965759,0.5926145911216736,-0.1185489296913147,0.9994267225265503,0.5691686868667603,0.8208326697349548,0.31259965896606445,0.6301752924919128,0.26975709199905396,0.8265397548675537,-0.2236076146364212,0.8737155795097351,0.6178945302963257,0.8316599726676941,0.1041349545121193,0.7310173511505127,0.2601400911808014,1.055383324623108,-0.4643610119819641,0.7541699409484863,0.6784775853157043,0.8570732474327087,0.041983503848314285,0.724781334400177,0.24923405051231384,1.1302028894424438,-0.5298022031784058,0.7643114924430847,0.6887640357017517,0.8403675556182861,-0.011446559801697731,0.7603749632835388,0.2670665681362152,1.1252599954605103,-0.5703079700469971,0.8048937916755676,0.6060720682144165,0.8232113718986511,0.06536374986171722,0.7495625615119934,0.27458661794662476,1.105405569076538,-0.4887472689151764,0.801838219165802,0.46670907735824585,1.0985476970672607,0.0932021290063858,0.18804140388965607,0.33105915784835815,1.0778019428253174,-0.09131965041160583,0.17629720270633698,0.45292553305625916,1.5037975311279297,-0.09025126695632935,0.03367289528250694,0.321570485830307,1.4902381896972656,-0.23837175965309143,0.06487864255905151,0.45968732237815857,1.9351998567581177,0.04939606413245201,0.0025129655841737986,0.31001734733581543,1.9629549980163574,-0.2613428831100464,0.005318972282111645,0.44851046800613403,1.9912885427474976,0.049468521028757095,0.00217668479308486,0.2869752049446106,2.032921075820923,-0.27400830388069153,0.004793612286448479,0.4881933331489563,2.0628089904785156,-0.21585950255393982,0.010763530619442463,0.3712013065814972,2.083796501159668,-0.6111669540405273,0.010810975916683674
0.43346816301345825,0.4478495419025421,-0.32774868607521057,0.9998689889907837,0.44498538970947266,0.4184640049934387,-0.27936092019081116,0.9997715353965759,0.45140427350997925,0.42117249965667725,-0.2796931266784668,0.9997735023498535,0.45684194564819336,0.42399483919143677,-0.27993208169937134,0.9996967315673828,0.4181648790836334,0.4139860272407532,-0.31886863708496094,0.9998424053192139,0.4055391252040863,0.4133014380931854,-0.3189036250114441,0.9998646378517151,0.39352670311927795,0.41332101821899414,-0.3191691040992737,0.9998517632484436,0.45904842019081116,0.44351285696029663,0.010495178401470184,0.9996572136878967,0.37323904037475586,0.4286191165447235,-0.16593420505523682,0.9998989701271057,0.44254475831985474,0.4886661469936371,-0.2143920660018921,0.9997996091842651,0.4119548201560974,0.48656484484672546,-0.26630380749702454,0.9998599290847778,0.4912419319152832,0.6587134599685669,0.24122436344623566,0.9988217949867249,0.29371583461761475,0.5928763747215271,-0.12213625758886337,0.9991511702537537,0.5621351003646851,0.8210004568099976,0.3200420141220093,0.6146200299263,0.2685893177986145,0.8265978097915649,-0.19336071610450745,0.861397922039032,0.5540651082992554,0.8231580257415771,0.12597240507602692,0.7350106835365295,0.2764139771461487,1.029977798461914,-0.402920663356781,0.7283110022544861,0.6261252164840698,0.8405440449714661,0.06528956443071365,0.7260785102844238,0.27058300375938416,1.1111812591552734,-0.4680005609989166,0.7414387464523315,0.6205562353134155,0.8133096694946289,0.016043806448578835,0.7612138986587524,0.28441137075424194,1.1010459661483765,-0.5035356879234314,0.7836608290672302,0.5285801887512207,0.8093213438987732,0.09063159674406052,0.7493399977684021,0.2897755801677704,1.0799988508224487,-0.4241085648536682,0.778904139995575,0.46308669447898865,1.1002018451690674,0.09370068460702896,0.18109823763370514,0.32873204350471497,1.0806952714920044,-0.0917951911687851,0.17065730690956116,0.4458269476890564,1.4898240566253662,-0.0856027603149414,0.03335736319422722,0.3153828978538513,1.4779199361801147,-0.23146983981132507,0.064102903008461,0.45589679479599,1.9081718921661377,0.06280182301998138,0.00250862049870193,0.3110966086387634,1.9412312507629395,-0.23283851146697998,0.005702640861272812,0.4466482102870941,1.9639246463775635,0.06527639925479889,0.0022282619029283524,0.2887938320636749,2.0098869800567627,-0.24574942886829376,0.005155205260962248,0.4815818667411804,2.0343427658081055,-0.1995311826467514,0.010993028990924358,0.3717655539512634,2.0654213428497314,-0.5791746973991394,0.011587560176849365
0.42605680227279663,0.44901737570762634,-0.3564209043979645,0.9998623728752136,0.4392077326774597,0.4196043312549591,-0.30792877078056335,0.9997586607933044,0.4458285868167877,0.4222971796989441,-0.3082006573677063,0.9997604489326477,0.4511541426181793,0.42519792914390564,-0.3083758056163788,0.999686598777771,0.4115046560764313,0.41538336873054504,-0.3483794629573822,0.9998307228088379,0.39854592084884644,0.41479387879371643,-0.3484404385089874,0.9998538494110107,0.38652172684669495,0.414873331785202,-0.34864652156829834,0.9998404383659363,0.4533498287200928,0.4452821612358093,-0.013692602515220642,0.9996429085731506,0.3665250837802887,0.42943260073661804,-0.1969182789325714,0.9998894333839417,0.43569546937942505,0.4915078580379486,-0.24074110388755798,0.9997733235359192,0.4032839238643646,0.4888114929199219,-0.2939792275428772,0.999843955039978,0.48251861333847046,0.6594415307044983,0.24121077358722687,0.9985849261283875,0.28770560026168823,0.5929555296897888,-0.15670016407966614,0.9990636110305786,0.5567604899406433,0.82181316614151,0.3273962140083313,0.5932474136352539,0.26525455713272095,0.8286372423171997,-0.2042272835969925,0.8559204936027527,0.586527943611145,0.8243507742881775,0.12640194594860077,0.7354848384857178,0.2896274924278259,1.03146493434906,-0.3872712254524231,0.7132257223129272,0.6452379822731018,0.8417230844497681,0.06538443267345428,0.7263438105583191,0.27379828691482544,1.117631196975708,-0.453885018825531,0.7287138104438782,0.5894482135772705,0.8163131475448608,0.00927379634231329,0.7620575428009033,0.291450560092926,1.1094714403152466,-0.4878687858581543,0.7723876237869263,0.5724414587020874,0.8138104677200317,0.08805930614471436,0.7491458654403687,0.29608070850372314,1.0883361101150513,-0.406544029712677,0.7652343511581421,0.45152682065963745,1.1023105382919312,0.1040935143828392,0.1724667102098465,0.3208374083042145,1.0870437622070312,-0.10207253694534302,0.1646249145269394,0.4395538866519928,1.455849289894104,-0.07550319284200668,0.0329815074801445,0.3079076409339905,1.4574077129364014,-0.23685841262340546,0.06360101699829102,0.44565749168395996,1.8615282773971558,0.09427709877490997,0.002532919170334935,0.3100476861000061,1.9017643928527832,-0.23499023914337158,0.005965045187622309,0.4358518123626709,1.9169108867645264,0.09923236072063446,0.002412693342193961,0.2877751588821411,1.9673603773117065,-0.24778926372528076,0.005555626004934311,0.4743303656578064,1.9923726320266724,-0.13096290826797485,0.011021929793059826,0.3715443015098572,2.030848503112793,-0.5668792724609375,0.012103226967155933
0.41799336671829224,0.44860976934432983,-0.3604523241519928,0.9998636245727539,0.4329051971435547,0.41863125562667847,-0.31309637427330017,0.9997605681419373,0.44017815589904785,0.4213031530380249,-0.3133462369441986,0.9997609853744507,0.4455648958683014,0.42421871423721313,-0.31347590684890747,0.9996914267539978,0.403393030166626,0.41434428095817566,-0.3494766652584076,0.9998306035995483,0.3899820148944855,0.41369980573654175,-0.34951433539390564,0.9998534321784973,0.3785613179206848,0.41370370984077454,-0.3497336506843567,0.9998412728309631,0.4494194984436035,0.444133460521698,-0.025194738060235977,0.9996463060379028,0.3604765832424164,0.4283093214035034,-0.19145217537879944,0.9998894929885864,0.42978113889694214,0.49139320850372314,-0.2480226755142212,0.999771773815155,0.39609161019325256,0.4885799288749695,-0.2959119975566864,0.9998443722724915,0.4801293909549713,0.6604751348495483,0.23687973618507385,0.998483419418335,0.28123974800109863,0.5924643278121948,-0.15653130412101746,0.9990754127502441,0.5472922325134277,0.8243522644042969,0.3312048017978668,0.5859668850898743,0.25659140944480896,0.8305888772010803,-0.19335587322711945,0.8614652156829834,0.5848125219345093,0.8328216075897217,0.12409774214029312,0.7446020245552063,0.2896669805049896,1.035564661026001,-0.3810884952545166,0.7198476791381836,0.605378270149231,0.8420447707176208,0.06134890764951706,0.7347210049629211,0.27058085799217224,1.119623064994812,-0.45071902871131897,0.7340318560600281,0.5909911394119263,0.819086492061615,0.008406521752476692,0.7696624398231506,0.2904350459575653,1.1125972270965576,-0.4880885183811188,0.7772722244262695,0.5784704089164734,0.8151655197143555,0.08771561086177826,0.7560490369796753,0.29509085416793823,1.092781662940979,-0.40175771713256836,0.7690156698226929,0.44691553711891174,1.1026763916015625,0.10462864488363266,0.1705482453107834,0.3159329295158386,1.086499571800232,-0.10258468240499496,0.167665034532547,0.43034619092941284,1.4553333520889282,-0.07467550784349442,0.03336632251739502,0.30136144161224365,1.4517170190811157,-0.24612858891487122,0.06411203742027283,0.4340733587741852,1.8595280647277832,0.0938044935464859,0.002558141015470028,0.29656702280044556,1.8954485654830933,-0.2367134839296341,0.006200168281793594,0.42541617155075073,1.9128412008285522,0.09747310727834702,0.0025090030394494534,0.27542057633399963,1.9603044986724854,-0.24966664612293243,0.0058314320631325245,0.45452409982681274,1.9915984869003296,-0.14359745383262634,0.011008567176759243,0.3495244085788727,2.025092363357544,-0.5741322040557861,0.012643873691558838
0.4077796936035156,0.44848737120628357,-0.4068233370780945,0.9998132586479187,0.42348313331604004,0.41795268654823303,-0.36187508702278137,0.9996814131736755,0.4319287836551666,0.4205905795097351,-0.3621717691421509,0.9996777176856995,0.4378780424594879,0.42345723509788513,-0.36236998438835144,0.9996062517166138,0.39246198534965515,0.41357681155204773,-0.39480122923851013,0.9997649788856506,0.3799108564853668,0.4129292368888855,-0.3948439955711365,0.9997941851615906,0.36882954835891724,0.41296106576919556,-0.3951379954814911,0.9997835755348206,0.4422784447669983,0.44328585267066956,-0.05935900658369064,0.9995585680007935,0.3522222340106964,0.427696168422699,-0.20515123009681702,0.9998470544815063,0.4203966557979584,0.489278107881546,-0.2854650914669037,0.9997177720069885,0.3859238922595978,0.48616406321525574,-0.3273956775665283,0.999799370765686,0.47547221183776855,0.6594359874725342,0.2276250571012497,0.998228132724762,0.27452224493026733,0.5910559892654419,-0.15212088823318481,0.9990280270576477,0.5311635136604309,0.8243259191513062,0.3272414207458496,0.5730143785476685,0.24572265148162842,0.8275366425514221,-0.1520276963710785,0.8660175204277039,0.5507844090461731,0.8721418380737305,0.06556274741888046,0.737500011920929,0.28831037878990173,1.0320515632629395,-0.3402688205242157,0.7189140915870667,0.5513875484466553,0.8999635577201843,-0.0068224756978452206,0.7270303964614868,0.2703482210636139,1.1078511476516724,-0.4160013794898987,0.7303540110588074,0.5413428544998169,0.8675136566162109,-0.0625583827495575,0.7632213830947876,0.2885369658470154,1.099094033241272,-0.4559265673160553,0.7736912369728088,0.5356097221374512,0.8595350384712219,0.029691684991121292,0.7473118305206299,0.29403752088546753,1.0757935047149658,-0.36093077063560486,0.763671875,0.448255717754364,1.1002787351608276,0.10186772048473358,0.1623232215642929,0.3136131167411804,1.083635687828064,-0.09970647096633911,0.16419395804405212,0.42495623230934143,1.4219250679016113,-0.11447646468877792,0.03695472702383995,0.30013877153396606,1.40644109249115,-0.26957187056541443,0.06850414723157883,0.42753005027770996,1.8257687091827393,0.0661250576376915,0.0029642849694937468,0.2945961356163025,1.860481858253479,-0.24384379386901855,0.007121487520635128,0.420276403427124,1.878356695175171,0.07089027017354965,0.0031728819012641907,0.2742924094200134,1.927817463874817,-0.2560919225215912,0.007361693307757378,0.4412081241607666,1.9584472179412842,-0.18317434191703796,0.01129458099603653,0.345816433429718,1.993630290031433,-0.5816162824630737,0.014069651253521442
0.4034767150878906,0.4477657079696655,-0.36617299914360046,0.9997795820236206,0.419644832611084,0.41749370098114014,-0.3195825219154358,0.999626636505127,0.42737913131713867,0.42016899585723877,-0.3198641538619995,0.9996257424354553,0.4328789710998535,0.4230533242225647,-0.32005566358566284,0.9995550513267517,0.3886040151119232,0.4130204916000366,-0.35576507449150085,0.9997192621231079,0.375953733921051,0.41237592697143555,-0.35576239228248596,0.999755859375,0.3650849163532257,0.41240552067756653,-0.3560107946395874,0.9997420907020569,0.4371170997619629,0.44267234206199646,-0.03172026574611664,0.9994903206825256,0.34813985228538513,0.42761096358299255,-0.19245478510856628,0.9998162984848022,0.41539183259010315,0.488612562417984,-0.25345131754875183,0.9996764063835144,0.38033753633499146,0.485386461019516,-0.2997145652770996,0.99977046251297,0.46130719780921936,0.6580654978752136,0.2411619871854782,0.9981132745742798,0.27239593863487244,0.5890766978263855,-0.15720099210739136,0.9990050196647644,0.5209262371063232,0.8240517377853394,0.3296634554862976,0.5738210082054138,0.24055393040180206,0.8218413591384888,-0.19835421442985535,0.8695225119590759,0.5726219415664673,0.868287980556488,0.08924676477909088,0.7461303472518921,0.28742459416389465,1.034254789352417,-0.3801313042640686,0.720497190952301,0.5890779495239258,0.8968715071678162,0.022604603320360184,0.7346012592315674,0.26768290996551514,1.11054527759552,-0.4694191515445709,0.7303986549377441,0.579928457736969,0.8637603521347046,-0.0364125594496727,0.770367443561554,0.28802743554115295,1.103169322013855,-0.4957965314388275,0.7734401822090149,0.5657120943069458,0.8591225147247314,0.05127602070569992,0.7534737586975098,0.2935001850128174,1.0798777341842651,-0.38953372836112976,0.7624393105506897,0.43671664595603943,1.094482183456421,0.11480327695608139,0.16019798815250397,0.30739521980285645,1.0772126913070679,-0.11265907436609268,0.1666906774044037,0.4282076954841614,1.398079514503479,-0.10168999433517456,0.041078001260757446,0.3010207712650299,1.39333975315094,-0.3157726526260376,0.07790934294462204,0.43313366174697876,1.8002674579620361,0.0716373473405838,0.003525566076859832,0.29750704765319824,1.8405989408493042,-0.30888521671295166,0.008846408687531948,0.42444711923599243,1.8527584075927734,0.07602842152118683,0.004101790487766266,0.2764611840248108,1.9049171209335327,-0.3200700283050537,0.00978707056492567,0.45428627729415894,1.9364941120147705,-0.15038475394248962,0.01215052604675293,0.3465285897254944,1.978247880935669,-0.6262978315353394,0.0163474939763546
0.40320444107055664,0.44721072912216187,-0.20838883519172668,0.999789297580719,0.4165470600128174,0.4172062277793884,-0.161896213889122,0.9996459484100342,0.42257803678512573,0.4198388457298279,-0.1621471792459488,0.9996463656425476,0.42810410261154175,0.4226731061935425,-0.16236326098442078,0.9995812773704529,0.3887595236301422,0.41262397170066833,-0.21008972823619843,0.9997341632843018,0.3766566812992096,0.4119643270969391,-0.21022939682006836,0.9997690916061401,0.3653133809566498,0.41197076439857483,-0.21052806079387665,0.9997552633285522,0.43041881918907166,0.44219741225242615,0.10081027448177338,0.9995198845863342,0.34576115012168884,0.4271155893802643,-0.11816533654928207,0.9998267292976379,0.4125657081604004,0.4881414771080017,-0.10385270416736603,0.9996894598007202,0.37967759370803833,0.4849059283733368,-0.16743814945220947,0.9997807145118713,0.45036664605140686,0.65786212682724,0.34202834963798523,0.9981780648231506,0.26898086071014404,0.5878092646598816,-0.1491403877735138,0.9990500211715698,0.5107991695404053,0.8245561122894287,0.40708643198013306,0.5668627023696899,0.23679757118225098,0.8216015100479126,-0.27665257453918457,0.8692076802253723,0.5729735493659973,0.866537868976593,0.14637713134288788,0.7521378993988037,0.2868593633174896,1.0366052389144897,-0.49841469526290894,0.7219793796539307,0.6059843301773071,0.8923300504684448,0.09022300690412521,0.7415267825126648,0.2660714387893677,1.1113700866699219,-0.567884087562561,0.733186662197113,0.5963406562805176,0.8671777844429016,0.03381835296750069,0.7771101593971252,0.28852906823158264,1.1050397157669067,-0.5853701829910278,0.7752161622047424,0.5610215663909912,0.8591692447662354,0.11074056476354599,0.7589017748832703,0.2936326563358307,1.0818356275558472,-0.5077027082443237,0.7628805637359619,0.42469483613967896,1.0954352617263794,0.1484169363975525,0.17503580451011658,0.30606338381767273,1.0773227214813232,-0.1466008424758911,0.18787029385566711,0.43104490637779236,1.3818906545639038,-0.009974738582968712,0.048596225678920746,0.301405668258667,1.3945404291152954,-0.2986610531806946,0.09221586585044861,0.43439140915870667,1.771973729133606,0.1137964278459549,0.004633692093193531,0.30075398087501526,1.82146418094635,-0.31332993507385254,0.01121613197028637,0.422432005405426,1.8255311250686646,0.1159253865480423,0.006317534949630499,0.2773631811141968,1.8845163583755493,-0.3246017098426819,0.01277545653283596,0.45779949426651,1.904218077659607,-0.052249133586883545,0.014214926399290562,0.3695427477359772,1.9514745473861694,-0.6023979783058167,0.018812617287039757
0.3999699354171753,0.4476688504219055,-0.17290636897087097,0.9998031854629517,0.41077739000320435,0.4176493287086487,-0.12407269328832626,0.9996715784072876,0.41615596413612366,0.4200790822505951,-0.12436157464981079,0.9996724128723145,0.42186903953552246,0.4227162301540375,-0.1245671957731247,0.9996137619018555,0.38561567664146423,0.41306906938552856,-0.16728071868419647,0.9997532963752747,0.37397149205207825,0.41231638193130493,-0.16738669574260712,0.999785304069519,0.3629687428474426,0.41227462887763977,-0.16765789687633514,0.9997720718383789,0.4228920340538025,0.4420982599258423,0.13612478971481323,0.9995543360710144,0.34118884801864624,0.42666032910346985,-0.06296761333942413,0.9998376965522766,0.40791529417037964,0.4876358211040497,-0.07198280096054077,0.9997069239616394,0.37638935446739197,0.4842990040779114,-0.12963178753852844,0.99979168176651,0.44260773062705994,0.6543057560920715,0.3493369221687317,0.9982581734657288,0.2660330533981323,0.5851345062255859,-0.09239573776721954,0.9990864992141724,0.5073399543762207,0.8245384693145752,0.3929165303707123,0.5664948225021362,0.23106136918067932,0.8183797597885132,-0.23108205199241638,0.8631488084793091,0.576217770576477,0.8644396662712097,0.09923405945301056,0.7621010541915894,0.28222352266311646,1.0368459224700928,-0.4376487731933594,0.7126559615135193,0.6307239532470703,0.889800488948822,0.03636875003576279,0.7517738342285156,0.26192259788513184,1.114206075668335,-0.4975226819515228,0.7260748147964478,0.6052001118659973,0.8673537373542786,-0.017222058027982712,0.7865154147148132,0.2835584878921509,1.107903242111206,-0.5191324949264526,0.7682057023048401,0.5925162434577942,0.8630685806274414,0.06236624717712402,0.767719030380249,0.28878647089004517,1.084679365158081,-0.44910797476768494,0.7552483677864075,0.422131210565567,1.0852673053741455,0.14304199814796448,0.18490581214427948,0.30150583386421204,1.06501305103302,-0.14129741489887238,0.20193663239479065,0.4138339161872864,1.4057339429855347,-0.009079590439796448,0.050735197961330414,0.2989676594734192,1.407241702079773,-0.29817965626716614,0.10117261111736298,0.4194214940071106,1.799802303314209,0.10604188591241837,0.004942021332681179,0.28676262497901917,1.8428900241851807,-0.3327569365501404,0.012755353935062885,0.4080633521080017,1.8531105518341064,0.10809614509344101,0.006690302398055792,0.25868040323257446,1.9073048830032349,-0.3455735445022583,0.013984712772071362,0.4534114897251129,1.928287148475647,-0.09095881879329681,0.015259210020303726,0.35494810342788696,1.9691288471221924,-0.6302161812782288,0.020619338378310204
0.3992960453033447,0.44858303666114807,-0.18235155940055847,0.9998115301132202,0.4087020456790924,0.41841641068458557,-0.15268748998641968,0.9996821880340576,0.4147201180458069,0.4207974374294281,-0.1528693586587906,0.9996839761734009,0.4211815297603607,0.42333757877349854,-0.1528402864933014,0.9996277689933777,0.38570019602775574,0.41333308815956116,-0.20294828712940216,0.9997627139091492,0.3746491074562073,0.41233593225479126,-0.2032674103975296,0.9997939467430115,0.363620787858963,0.4121652841567993,-0.2035505324602127,0.9997801184654236,0.4202440679073334,0.4416714012622833,0.07195590436458588,0.9995682239532471,0.34065011143684387,0.4262883961200714,-0.13409718871116638,0.9998437166213989,0.40569227933883667,0.48766738176345825,-0.09963400661945343,0.9997159242630005,0.3762330114841461,0.48382696509361267,-0.16448929905891418,0.9997995495796204,0.44008302688598633,0.6524063944816589,0.31075310707092285,0.998335599899292,0.26304179430007935,0.5851110816001892,-0.1471087634563446,0.9991263747215271,0.5100948810577393,0.8238099217414856,0.3739766776561737,0.5747990012168884,0.23126809298992157,0.8278765082359314,-0.23171381652355194,0.8670177459716797,0.5934540033340454,0.8632183074951172,0.10653246939182281,0.7760672569274902,0.2622012495994568,1.0787657499313354,-0.3939886689186096,0.7167331576347351,0.6405924558639526,0.8903964757919312,0.0440513901412487,0.7652826905250549,0.25535088777542114,1.1572144031524658,-0.4542367458343506,0.7297474145889282,0.6445716023445129,0.8752111196517944,-0.01369637530297041,0.7987147569656372,0.2791016697883606,1.1524230241775513,-0.49124693870544434,0.7716688513755798,0.6030223369598389,0.8643625378608704,0.0679992139339447,0.7802729606628418,0.28453943133354187,1.1258662939071655,-0.4116412103176117,0.7580849528312683,0.4194789528846741,1.085571050643921,0.13894979655742645,0.19119948148727417,0.3038456439971924,1.0312284231185913,-0.13714668154716492,0.2104135900735855,0.40987053513526917,1.4098985195159912,-0.008253064006567001,0.052481476217508316,0.292131245136261,1.4153215885162354,-0.28837162256240845,0.10589566081762314,0.4093855023384094,1.8025319576263428,0.11621411889791489,0.005221671890467405,0.27242761850357056,1.848016381263733,-0.3173883557319641,0.013809636235237122,0.3982503414154053,1.855896234512329,0.11792357265949249,0.007056706119328737,0.24477139115333557,1.9127528667449951,-0.32947036623954773,0.01506943628191948,0.4414834976196289,1.9305393695831299,-0.07698637992143631,0.016253100708127022,0.33514532446861267,1.9715945720672607,-0.5936972498893738,0.022218819707632065
0.3970199227333069,0.45038923621177673,-0.2171187698841095,0.9998160600662231,0.40590912103652954,0.41985246539115906,-0.17698588967323303,0.9996897578239441,0.4122401177883148,0.42203590273857117,-0.177228182554245,0.9996919631958008,0.4189436435699463,0.42437049746513367,-0.17734117805957794,0.9996398687362671,0.38352328538894653,0.4146408438682556,-0.22278933227062225,0.9997690916061401,0.37271398305892944,0.41335102915763855,-0.22295811772346497,0.9997992515563965,0.3614278733730316,0.412997841835022,-0.22322992980480194,0.9997859597206116,0.4173494279384613,0.4413924217224121,0.06944210827350616,0.9995787739753723,0.3374057114124298,0.4259209930896759,-0.134449303150177,0.9998471736907959,0.40311187505722046,0.4884091913700104,-0.12040978670120239,0.9997194409370422,0.3743559718132019,0.48417556285858154,-0.18034574389457703,0.999803364276886,0.43419522047042847,0.6481897234916687,0.3058868646621704,0.9983493685722351,0.25900065898895264,0.584933340549469,-0.14667198061943054,0.9991497993469238,0.5050703287124634,0.823004961013794,0.3717567026615143,0.5622349977493286,0.2260555922985077,0.828623354434967,-0.22812378406524658,0.8661649823188782,0.5592222213745117,0.8623481392860413,0.10904303938150406,0.7766847014427185,0.2500315308570862,1.0774540901184082,-0.3845205008983612,0.7104995250701904,0.6131356954574585,0.8888901472091675,0.052522819489240646,0.7673192024230957,0.2465800791978836,1.1555262804031372,-0.4446154236793518,0.7255693078041077,0.6214589476585388,0.8736686110496521,-0.0033462676219642162,0.8009040355682373,0.2722631096839905,1.1509506702423096,-0.48077258467674255,0.7679088711738586,0.5519140362739563,0.8626729846000671,0.07229550182819366,0.7813658118247986,0.2780524790287018,1.1253801584243774,-0.40209197998046875,0.7531464099884033,0.41456055641174316,1.0863111019134521,0.13796481490135193,0.1931687891483307,0.29685062170028687,1.040396809577942,-0.13612431287765503,0.21429549157619476,0.4095492959022522,1.3972299098968506,-0.017490053549408913,0.05474720522761345,0.2902640998363495,1.4098451137542725,-0.2957262396812439,0.11153306812047958,0.40426549315452576,1.7857811450958252,0.11577020585536957,0.005538882687687874,0.2679259479045868,1.833356261253357,-0.32256489992141724,0.014665225520730019,0.39163467288017273,1.838492512702942,0.1161654144525528,0.007521068677306175,0.23967798054218292,1.8975162506103516,-0.33487841486930847,0.01602949947118759,0.4369269013404846,1.914210557937622,-0.09245868027210236,0.01711221970617771,0.331430584192276,1.9565340280532837,-0.6066282987594604,0.023648299276828766
0.39474552869796753,0.4530455470085144,-0.22295443713665009,0.9998155832290649,0.403073787689209,0.4220682382583618,-0.17972739040851593,0.9996920228004456,0.40973085165023804,0.42403852939605713,-0.18002158403396606,0.9996960759162903,0.4163988530635834,0.42614996433258057,-0.1801963746547699,0.9996480941772461,0.38151422142982483,0.41669341921806335,-0.22474554181098938,0.9997702240943909,0.37088218331336975,0.4151824414730072,-0.2248682677745819,0.9997994303703308,0.3597263693809509,0.4145297408103943,-0.22516515851020813,0.9997854828834534,0.4139835834503174,0.4417034983634949,0.07129209488630295,0.9995845556259155,0.3350289762020111,0.42576274275779724,-0.13284499943256378,0.9998447299003601,0.40011048316955566,0.49028223752975464,-0.12352112680673599,0.9997156262397766,0.3726746439933777,0.48554477095603943,-0.18266215920448303,0.9997987151145935,0.43302392959594727,0.6479511260986328,0.30151647329330444,0.998333215713501,0.2545526623725891,0.584883987903595,-0.14041905105113983,0.9991297125816345,0.49905380606651306,0.8231757283210754,0.33102700114250183,0.5450780987739563,0.22272208333015442,0.829978346824646,-0.2266501486301422,0.8546267747879028,0.5682061910629272,0.8745009303092957,0.02686135843396187,0.7729777097702026,0.24795646965503693,1.0749961137771606,-0.39402541518211365,0.6902919411659241,0.613433837890625,0.8967264294624329,-0.04154471307992935,0.7665367722511292,0.2457955777645111,1.1538230180740356,-0.4563683867454529,0.7104284763336182,0.6125423312187195,0.8881256580352783,-0.10115007311105728,0.8011818528175354,0.27102240920066833,1.148202896118164,-0.4915817379951477,0.7541308999061584,0.5656437277793884,0.8839206695556641,-0.013810721226036549,0.7804243564605713,0.27605560421943665,1.1228283643722534,-0.41216832399368286,0.7378127574920654,0.4109656810760498,1.0852500200271606,0.13675378262996674,0.18777483701705933,0.2881142497062683,1.0407744646072388,-0.13491709530353546,0.20861618220806122,0.4046921133995056,1.3971011638641357,-0.025433385744690895,0.05536474287509918,0.28008022904396057,1.4086850881576538,-0.2915147840976715,0.11315980553627014,0.40092960000038147,1.7870358228683472,0.08346549421548843,0.0056107379496097565,0.2609352767467499,1.833269476890564,-0.3209124207496643,0.014875323511660099,0.38889580965042114,1.8400262594223022,0.08281128108501434,0.0076190703548491,0.2340378314256668,1.8974336385726929,-0.3340035080909729,0.01607234589755535,0.43276482820510864,1.9134737253189087,-0.11729621887207031,0.017565660178661346,0.32507258653640747,1.9548543691635132,-0.614399790763855,0.024189583957195282
0.3899168074131012,0.4551358222961426,-0.196734219789505,0.9998220801353455,0.3980094790458679,0.4244828224182129,-0.15463170409202576,0.9997015595436096,0.4046444296836853,0.4263584315776825,-0.15490028262138367,0.9997062087059021,0.41160497069358826,0.428358256816864,-0.15503470599651337,0.9996612071990967,0.37643617391586304,0.4187931418418884,-0.20183849334716797,0.9997788667678833,0.36573150753974915,0.41697344183921814,-0.20192651450634003,0.999806821346283,0.3544507324695587,0.41606730222702026,-0.20223727822303772,0.9997926354408264,0.40972599387168884,0.44218704104423523,0.08414830267429352,0.9995933771133423,0.3300897181034088,0.4257965385913849,-0.12913182377815247,0.9998483657836914,0.3954750597476959,0.4914231598377228,-0.10202197730541229,0.9997180700302124,0.3674401640892029,0.4862055778503418,-0.16401802003383636,0.999801516532898,0.4264620244503021,0.6470272541046143,0.30331236124038696,0.9983616471290588,0.2501097321510315,0.5854128003120422,-0.14379020035266876,0.9991304278373718,0.4851834177970886,0.8254865407943726,0.38692256808280945,0.5318186283111572,0.22134998440742493,0.8505737781524658,-0.22414541244506836,0.8443383574485779,0.569327175617218,0.8845702409744263,0.18992863595485687,0.7756388187408447,0.23899169266223907,1.1037906408309937,-0.3475784361362457,0.6740744113922119,0.6223564147949219,0.9059675931930542,0.14274118840694427,0.7696998119354248,0.23565959930419922,1.182719349861145,-0.39772602915763855,0.6995804309844971,0.637812614440918,0.8965150117874146,0.07919745147228241,0.8045079112052917,0.2607048749923706,1.1794787645339966,-0.43602147698402405,0.7445738911628723,0.5914486646652222,0.8888663649559021,0.15049909055233002,0.7833739519119263,0.26669442653656006,1.1530510187149048,-0.36549490690231323,0.7272881865501404,0.4040464460849762,1.0858972072601318,0.14022915065288544,0.18419621884822845,0.28329741954803467,1.0515103340148926,-0.13852247595787048,0.2042100429534912,0.3957606554031372,1.4017796516418457,0.020427819341421127,0.05416366085410118,0.27844542264938354,1.4120932817459106,-0.2528415024280548,0.11102674901485443,0.3993894159793854,1.7954124212265015,0.1320790797472,0.005584033206105232,0.26416414976119995,1.8409321308135986,-0.2682265043258667,0.014800883829593658,0.38792210817337036,1.8489707708358765,0.13182510435581207,0.007583203725516796,0.2373950183391571,1.9051716327667236,-0.2792896628379822,0.015837833285331726,0.43552470207214355,1.921007752418518,-0.050645630806684494,0.01822669804096222,0.3299391567707062,1.9619301557540894,-0.5415974855422974,0.024606913328170776
0.3879871964454651,0.45520883798599243,-0.10020072758197784,0.9998252391815186,0.3952130973339081,0.424339234828949,-0.059868671000003815,0.9997052550315857,0.4017706513404846,0.4262010157108307,-0.06013757735490799,0.999713659286499,0.4080886244773865,0.428212970495224,-0.06034906581044197,0.9996720552444458,0.3743012249469757,0.41883817315101624,-0.11094601452350616,0.999779999256134,0.36394432187080383,0.4171673059463501,-0.11102092266082764,0.9998065233230591,0.35293883085250854,0.41636067628860474,-0.11129909753799438,0.9997889399528503,0.40356341004371643,0.44205525517463684,0.15819986164569855,0.9996054172515869,0.3279454708099365,0.42575088143348694,-0.07527168095111847,0.9998416304588318,0.39297381043434143,0.4918119013309479,-0.01259100716561079,0.9997128844261169,0.36688461899757385,0.4864955246448517,-0.08026288449764252,0.9997894763946533,0.4157440662384033,0.6462376117706299,0.3380534052848816,0.9984486699104309,0.2492714375257492,0.5839391946792603,-0.1159069687128067,0.9991424679756165,0.48123225569725037,0.8257420063018799,0.4347047805786133,0.5173391103744507,0.22124271094799042,0.8461388349533081,-0.1772858202457428,0.8284692764282227,0.5964027047157288,0.8904374837875366,0.2597516179084778,0.7753816246986389,0.23805005848407745,1.0959603786468506,-0.2515318691730499,0.6512791514396667,0.6366559267044067,0.911188006401062,0.21830150485038757,0.7710028886795044,0.23381824791431427,1.1747397184371948,-0.28722384572029114,0.6833187341690063,0.651635468006134,0.9027248024940491,0.15415780246257782,0.8065006136894226,0.258419930934906,1.17171049118042,-0.3278372287750244,0.7288269996643066,0.625038206577301,0.8980315327644348,0.2216978520154953,0.7848665714263916,0.2644168734550476,1.1466201543807983,-0.2689734697341919,0.7103171944618225,0.39817625284194946,1.0811434984207153,0.14191487431526184,0.19326403737068176,0.282103955745697,1.0522831678390503,-0.14024761319160461,0.21331429481506348,0.40944838523864746,1.3346084356307983,0.0036783472169190645,0.056590668857097626,0.2860720157623291,1.3940333127975464,-0.25478601455688477,0.11775308847427368,0.4234374463558197,1.712705373764038,0.07844196259975433,0.006039130967110395,0.29361391067504883,1.8034650087356567,-0.2991655468940735,0.015386850573122501,0.4104679226875305,1.7695201635360718,0.07691529393196106,0.008766594342887402,0.26687148213386536,1.8647105693817139,-0.31178033351898193,0.01649334840476513,0.48075342178344727,1.8320189714431763,-0.07180038094520569,0.019266121089458466,0.37718138098716736,1.927903652191162,-0.5524793863296509,0.024903807789087296
0.3850265443325043,0.4550049602985382,-0.13835521042346954,0.9998345971107483,0.3932187855243683,0.42421212792396545,-0.09781394898891449,0.9997209906578064,0.4001496732234955,0.4261186420917511,-0.09805003553628922,0.9997292160987854,0.406057208776474,0.4281729459762573,-0.09822001308202744,0.9996908903121948,0.371644526720047,0.41869738698005676,-0.14746609330177307,0.9997923970222473,0.3612709045410156,0.4170594811439514,-0.14755122363567352,0.9998167753219604,0.35037943720817566,0.41626834869384766,-0.14780761301517487,0.9997996091842651,0.40188080072402954,0.44188642501831055,0.13227108120918274,0.999626636505127,0.3260606527328491,0.4255002737045288,-0.09095580875873566,0.9998490214347839,0.39047783613204956,0.4917222559452057,-0.04620957002043724,0.9997252225875854,0.36507147550582886,0.4863700270652771,-0.11192332208156586,0.9997986555099487,0.412393182516098,0.646100640296936,0.32799795269966125,0.9985141158103943,0.2459438592195511,0.5798641443252563,-0.1161041408777237,0.9991817474365234,0.4716323912143707,0.8305167555809021,0.4129040837287903,0.5017476677894592,0.214673712849617,0.8436926007270813,-0.18680569529533386,0.8223022222518921,0.5834179520606995,0.887100100517273,0.21284465491771698,0.7763707637786865,0.2308942973613739,1.0917632579803467,-0.28799954056739807,0.6375161409378052,0.6301904916763306,0.9084295630455017,0.15965485572814941,0.7736563682556152,0.22646120190620422,1.1703351736068726,-0.33139851689338684,0.6736074686050415,0.645372748374939,0.8981913924217224,0.09851925075054169,0.8092679977416992,0.2503456473350525,1.1670235395431519,-0.3694034218788147,0.7197051644325256,0.6111902594566345,0.8932011723518372,0.1743798851966858,0.7870215773582458,0.2558877170085907,1.142346739768982,-0.30523672699928284,0.7004003524780273,0.3969101309776306,1.0810829401016235,0.1429443210363388,0.19679312407970428,0.2807890772819519,1.055240511894226,-0.1413038969039917,0.2195177972316742,0.40909209847450256,1.3604843616485596,0.013002224266529083,0.058397646993398666,0.2871948778629303,1.3992533683776855,-0.2564705014228821,0.12333881109952927,0.4232962131500244,1.7430895566940308,0.09231109917163849,0.006442522630095482,0.2935432493686676,1.8178147077560425,-0.3014128506183624,0.016354024410247803,0.4104975163936615,1.7987253665924072,0.09109422564506531,0.009414082393050194,0.26617029309272766,1.880273699760437,-0.314403235912323,0.017364421859383583,0.47743239998817444,1.865248441696167,-0.057505249977111816,0.020685741677880287,0.3729146420955658,1.9420632123947144,-0.561397910118103,0.025922901928424835
0.38160040974617004,0.45514100790023804,-0.14837971329689026,0.9998466968536377,0.39116349816322327,0.4240833818912506,-0.11043666303157806,0.9997414350509644,0.3981950879096985,0.426022469997406,-0.11063436418771744,0.9997490048408508,0.40383070707321167,0.4281206727027893,-0.11077044904232025,0.9997137784957886,0.36827975511550903,0.4185882806777954,-0.15857389569282532,0.9998082518577576,0.35786062479019165,0.41698896884918213,-0.1586262285709381,0.9998306035995483,0.34679296612739563,0.41620248556137085,-0.15886327624320984,0.9998145699501038,0.4001312255859375,0.4417053461074829,0.11760665476322174,0.9996544718742371,0.3223564028739929,0.4251001477241516,-0.09662114083766937,0.9998605251312256,0.3873346447944641,0.4918634593486786,-0.058718491345644,0.9997454285621643,0.3615930378437042,0.48640570044517517,-0.12217845022678375,0.9998139142990112,0.4072851538658142,0.6456116437911987,0.3274381756782532,0.9986142516136169,0.24080602824687958,0.5791910886764526,-0.13627324998378754,0.9992431402206421,0.4642203450202942,0.8310487270355225,0.4047818183898926,0.5011848211288452,0.2072221338748932,0.8432419300079346,-0.21130546927452087,0.8258836269378662,0.5663694143295288,0.8855844736099243,0.2175355702638626,0.7797775268554688,0.23473450541496277,1.0891659259796143,-0.3131849765777588,0.6430579423904419,0.6191623210906982,0.9066697955131531,0.16971322894096375,0.7769691944122314,0.22283871471881866,1.1714369058609009,-0.3666656017303467,0.6792940497398376,0.6066486239433289,0.8957107663154602,0.11206928640604019,0.8127958178520203,0.23759165406227112,1.1654282808303833,-0.4040200114250183,0.7251979112625122,0.5937429666519165,0.8899303674697876,0.1805974543094635,0.7901222705841064,0.24468453228473663,1.140992283821106,-0.33199572563171387,0.7061811089515686,0.39331644773483276,1.0778601169586182,0.14281493425369263,0.1919180154800415,0.2829273045063019,1.0080403089523315,-0.1411765068769455,0.2150169014930725,0.39072245359420776,1.393356442451477,0.014253504574298859,0.05664559826254845,0.28696420788764954,1.4064135551452637,-0.2546423375606537,0.12036412209272385,0.4097924828529358,1.7663146257400513,0.1059233695268631,0.006206984166055918,0.29071635007858276,1.8270434141159058,-0.29533129930496216,0.01565847545862198,0.3987641930580139,1.8216379880905151,0.10501239448785782,0.009016800671815872,0.2630748748779297,1.8942972421646118,-0.3078083395957947,0.016647735610604286,0.4611421227455139,1.8727691173553467,-0.060760170221328735,0.020624537020921707,0.3710781931877136,1.9482566118240356,-0.5640773773193359,0.02514120563864708
0.38226690888404846,0.45502251386642456,-0.14354459941387177,0.9998566508293152,0.391277015209198,0.4239260256290436,-0.1080748662352562,0.9997585415840149,0.3977128267288208,0.42557233572006226,-0.10826915502548218,0.9997653365135193,0.4030780792236328,0.4273112714290619,-0.10837994515895844,0.9997327923774719,0.36811143159866333,0.4185101091861725,-0.15927556157112122,0.9998217821121216,0.3576870858669281,0.4169711768627167,-0.15934428572654724,0.9998422861099243,0.34695756435394287,0.41620057821273804,-0.15962305665016174,0.9998272657394409,0.39765292406082153,0.44013306498527527,0.11145929992198944,0.9996776580810547,0.3217586278915405,0.42455023527145386,-0.11328171193599701,0.9998705387115479,0.3878110945224762,0.49106061458587646,-0.05598192289471626,0.9997624158859253,0.362460196018219,0.48602861166000366,-0.12317551672458649,0.9998272061347961,0.4019116461277008,0.6448919773101807,0.3218209445476532,0.99869704246521,0.24166110157966614,0.5769306421279907,-0.17082086205482483,0.9992989897727966,0.4530751705169678,0.8315451145172119,0.39985746145248413,0.4960704743862152,0.20405951142311096,0.842241108417511,-0.2508361339569092,0.8303899168968201,0.565917432308197,0.8846861124038696,0.20033478736877441,0.784485936164856,0.23554852604866028,1.0942890644073486,-0.3369022011756897,0.652141273021698,0.6196288466453552,0.9094562530517578,0.14997555315494537,0.7813048958778381,0.22408810257911682,1.1911282539367676,-0.37894171476364136,0.6882186532020569,0.6015108823776245,0.8948853611946106,0.09213562309741974,0.8167542219161987,0.23916998505592346,1.1749073266983032,-0.41405582427978516,0.7333126068115234,0.591253936290741,0.8897753953933716,0.1629951298236847,0.7936310172080994,0.24577446281909943,1.1490060091018677,-0.3513447046279907,0.714247465133667,0.39256736636161804,1.0779285430908203,0.1460903137922287,0.1885140836238861,0.2840973436832428,1.0075829029083252,-0.14443154633045197,0.21343716979026794,0.3899514079093933,1.4132477045059204,0.06670622527599335,0.05394349247217178,0.2875474691390991,1.420914888381958,-0.2298887073993683,0.11602530628442764,0.4109687805175781,1.7682973146438599,0.17066669464111328,0.0059295776300132275,0.29053112864494324,1.8319244384765625,-0.24306471645832062,0.015001664869487286,0.3995017409324646,1.8239190578460693,0.1706988513469696,0.008683321066200733,0.2629685401916504,1.9024062156677246,-0.2527744472026825,0.016071612015366554,0.46601539850234985,1.8863292932510376,0.011368612758815289,0.020468594506382942,0.36954447627067566,1.9533710479736328,-0.5017129778862,0.024631980806589127
0.381154328584671,0.45498520135879517,-0.10689449310302734,0.9998658299446106,0.38993582129478455,0.42381390929222107,-0.07149716466665268,0.9997746348381042,0.39603391289711,0.42553240060806274,-0.07169518619775772,0.9997807145118713,0.401374876499176,0.42714327573776245,-0.07182169705629349,0.9997509717941284,0.36665236949920654,0.4187202751636505,-0.12834887206554413,0.9998340010643005,0.35602039098739624,0.41742974519729614,-0.12844721972942352,0.9998526573181152,0.3455069959163666,0.4168185591697693,-0.12872885167598724,0.9998384118080139,0.3957791030406952,0.43975088000297546,0.13249598443508148,0.9997012615203857,0.3200347423553467,0.42467519640922546,-0.11396189033985138,0.9998792409896851,0.38662153482437134,0.491015762090683,-0.023478800430893898,0.9997785687446594,0.3616028428077698,0.48603811860084534,-0.09806478768587112,0.9998388886451721,0.3914640545845032,0.6458169221878052,0.3460984230041504,0.9987549781799316,0.24319155514240265,0.5760685205459595,-0.18694056570529938,0.9993457198143005,0.4423421323299408,0.8338915705680847,0.46012672781944275,0.48421305418014526,0.2010956108570099,0.8349857926368713,-0.27221769094467163,0.8283546566963196,0.5496647357940674,0.8837108612060547,0.3239910900592804,0.7846029996871948,0.2255609780550003,1.0929056406021118,-0.33975520730018616,0.652157187461853,0.6088285446166992,0.9082912802696228,0.29513996839523315,0.7815350890159607,0.21831122040748596,1.185681939125061,-0.3882746398448944,0.6893701553344727,0.6059859991073608,0.8935985565185547,0.24126608669757843,0.8167646527290344,0.23966944217681885,1.1731725931167603,-0.4225131869316101,0.7339202761650085,0.5818391442298889,0.8888111710548401,0.29098403453826904,0.7927423715591431,0.24550633132457733,1.1480449438095093,-0.35534608364105225,0.7144668102264404,0.388348788022995,1.0809742212295532,0.15535029768943787,0.18178865313529968,0.28401103615760803,1.0476176738739014,-0.15371602773666382,0.20780928432941437,0.3900149166584015,1.4367890357971191,0.09184569865465164,0.05129685252904892,0.30052703619003296,1.4440033435821533,-0.23310920596122742,0.11535893380641937,0.41332393884658813,1.7903133630752563,0.21479132771492004,0.0056020598858594894,0.30416518449783325,1.8669114112854004,-0.23878784477710724,0.014462335966527462,0.402909517288208,1.8493449687957764,0.2153763771057129,0.008186650462448597,0.27274349331855774,1.940717101097107,-0.2472400963306427,0.01564093306660652,0.47995227575302124,1.8870923519134521,0.06142011284828186,0.019905874505639076,0.395950049161911,1.972612977027893,-0.4960809648036957,0.024073246866464615
0.38142770528793335,0.4549313187599182,-0.060113489627838135,0.9998723268508911,0.3895241618156433,0.42372816801071167,-0.02292640134692192,0.9997868537902832,0.3954547941684723,0.4254993796348572,-0.02308107540011406,0.9997925758361816,0.40092629194259644,0.4270075857639313,-0.02321547456085682,0.999765157699585,0.36642688512802124,0.4188440144062042,-0.08192136138677597,0.9998436570167542,0.355956494808197,0.41767609119415283,-0.08195336908102036,0.999860942363739,0.3453109562397003,0.41717857122421265,-0.08225463330745697,0.999847412109375,0.39416685700416565,0.4394312798976898,0.17957007884979248,0.9997203350067139,0.3193455636501312,0.42463219165802,-0.08773746341466904,0.9998862147331238,0.38652706146240234,0.49068325757980347,0.022244486957788467,0.9997905492782593,0.3617367148399353,0.4859955906867981,-0.055236898362636566,0.999847412109375,0.38472437858581543,0.6454890966415405,0.37909039855003357,0.9988236427307129,0.2441531866788864,0.5743172764778137,-0.1835937201976776,0.9993931651115417,0.43742474913597107,0.8337700366973877,0.4787377715110779,0.4804741442203522,0.20240084826946259,0.8294157385826111,-0.2607369124889374,0.8277871608734131,0.547319233417511,0.882432758808136,0.32155996561050415,0.7809756398200989,0.22898486256599426,1.089440941810608,-0.33231374621391296,0.6513184309005737,0.6040025949478149,0.9076898097991943,0.28947585821151733,0.7769107222557068,0.21294276416301727,1.183869481086731,-0.3662795126438141,0.6899994015693665,0.6078993678092957,0.8927799463272095,0.2405138909816742,0.8128582239151001,0.23625211417675018,1.177902102470398,-0.39951273798942566,0.7344523072242737,0.5776015520095825,0.8879116773605347,0.28961506485939026,0.7876278758049011,0.24245162308216095,1.1530669927597046,-0.3454638123512268,0.7141644358634949,0.3886268436908722,1.0807719230651855,0.15413065254688263,0.17850404977798462,0.2842791676521301,0.9996887445449829,-0.15244290232658386,0.20535272359848022,0.3915911912918091,1.4394783973693848,0.07268276810646057,0.04914940521121025,0.301112562417984,1.4429117441177368,-0.23515979945659637,0.11258867383003235,0.4137442708015442,1.7927571535110474,0.18173083662986755,0.005354533437639475,0.3024827837944031,1.8663902282714844,-0.2483418732881546,0.013767325319349766,0.40326157212257385,1.85136878490448,0.18126727640628815,0.007902818731963634,0.27179938554763794,1.9392489194869995,-0.25775378942489624,0.015110990963876247,0.478874146938324,1.8932087421417236,0.017132718116044998,0.019654080271720886,0.38871127367019653,1.971915602684021,-0.5093352794647217,0.023258956149220467
0.38212624192237854,0.45504283905029297,-0.061114419251680374,0.9998783469200134,0.39041122794151306,0.42364561557769775,-0.023366842418909073,0.9997981786727905,0.39636683464050293,0.4254368841648102,-0.02352200075984001,0.9998031258583069,0.40181928873062134,0.4269511103630066,-0.02368573658168316,0.9997782111167908,0.36733782291412354,0.41904231905937195,-0.0804513618350029,0.9998525381088257,0.35680514574050903,0.4180637001991272,-0.08046753704547882,0.9998683333396912,0.34600630402565,0.4178086817264557,-0.08079168945550919,0.9998557567596436,0.3935694694519043,0.43912622332572937,0.18294304609298706,0.9997374415397644,0.31947648525238037,0.4249948263168335,-0.07746677100658417,0.9998926520347595,0.3874832093715668,0.4906371235847473,0.0224906112998724,0.999801516532898,0.3622928559780121,0.48612338304519653,-0.05258779972791672,0.9998552203178406,0.3841431140899658,0.6458746790885925,0.38775888085365295,0.9988930821418762,0.24480751156806946,0.5739856958389282,-0.1774113029241562,0.9994425177574158,0.4390387535095215,0.8408612012863159,0.4796728193759918,0.46856579184532166,0.2011496126651764,0.8285437822341919,-0.2588358521461487,0.8264134526252747,0.5510488748550415,0.882032036781311,0.3113376498222351,0.7641184329986572,0.22335019707679749,1.0937155485153198,-0.32043296098709106,0.6485272645950317,0.5980934500694275,0.9070335030555725,0.28034859895706177,0.7603408694267273,0.211513489484787,1.182326078414917,-0.34962594509124756,0.6877607107162476,0.6058019399642944,0.8921058773994446,0.23511865735054016,0.7979285717010498,0.23622293770313263,1.1801645755767822,-0.37980684638023376,0.7323306202888489,0.5737789273262024,0.8873212337493896,0.28072822093963623,0.7708861827850342,0.2427372932434082,1.1557613611221313,-0.3316582441329956,0.7113825678825378,0.39056888222694397,1.0802584886550903,0.15513187646865845,0.17454762756824493,0.29226332902908325,0.9988981485366821,-0.1534728854894638,0.20334036648273468,0.39626559615135193,1.445747971534729,0.07166628539562225,0.04660625383257866,0.31493058800697327,1.4423729181289673,-0.23125259578227997,0.10880505293607712,0.4435707926750183,1.7933522462844849,0.17059208452701569,0.005040522199124098,0.31485703587532043,1.8686946630477905,-0.24994993209838867,0.01295536383986473,0.43531209230422974,1.85243558883667,0.16963985562324524,0.007497380021959543,0.28327080607414246,1.9437047243118286,-0.2593787610530853,0.014320962131023407,0.5106891989707947,1.8951530456542969,0.007900608703494072,0.019080599769949913,0.4015726149082184,1.9717026948928833,-0.5002772808074951,0.02215401828289032
0.3827684223651886,0.4551524817943573,-0.05970163270831108,0.9998878836631775,0.3908436894416809,0.4236229956150055,-0.02055985853075981,0.9998144507408142,0.39685848355293274,0.42534682154655457,-0.02069677785038948,0.9998188018798828,0.4023302495479584,0.42685556411743164,-0.020866548642516136,0.999796450138092,0.3678041100502014,0.41938915848731995,-0.07564668357372284,0.9998645186424255,0.3572150468826294,0.41859304904937744,-0.07561022788286209,0.9998787045478821,0.3462957441806793,0.4184761643409729,-0.07591467350721359,0.9998672604560852,0.39393067359924316,0.43910089135169983,0.19058100879192352,0.9997593760490417,0.3195308744907379,0.42529457807540894,-0.06153847649693489,0.9999011754989624,0.38813531398773193,0.4905911087989807,0.025204334408044815,0.9998170137405396,0.36282211542129517,0.48616066575050354,-0.04764070361852646,0.9998663663864136,0.386555016040802,0.6494694948196411,0.39757513999938965,0.9989747405052185,0.24571990966796875,0.5724483728408813,-0.15238502621650696,0.9994896054267883,0.4411464333534241,0.8460187315940857,0.5044834017753601,0.45838242769241333,0.2007642686367035,0.8250460028648376,-0.22985783219337463,0.8212357759475708,0.5534377694129944,0.8816031813621521,0.35148128867149353,0.7522109150886536,0.23753006756305695,1.0893205404281616,-0.30508866906166077,0.6452618837356567,0.5975884199142456,0.9065065383911133,0.32386526465415955,0.7502040863037109,0.21238259971141815,1.1808197498321533,-0.33363476395606995,0.6864877939224243,0.6058899164199829,0.891883909702301,0.27903711795806885,0.789506196975708,0.23768854141235352,1.1802436113357544,-0.36264821887016296,0.7313523888587952,0.5727899074554443,0.8866742253303528,0.3216620087623596,0.760729968547821,0.24411213397979736,1.1561115980148315,-0.3160160779953003,0.7101287841796875,0.39177006483078003,1.0802258253097534,0.1577083170413971,0.1675308793783188,0.29862141609191895,0.9982802867889404,-0.15603575110435486,0.1962844878435135,0.4041594862937927,1.4560279846191406,0.0684724897146225,0.04356539994478226,0.32414358854293823,1.448076605796814,-0.23383066058158875,0.10299571603536606,0.4594389796257019,1.8018542528152466,0.16307708621025085,0.004656841047108173,0.3238603472709656,1.8807682991027832,-0.2585429549217224,0.011939918622374535,0.45122528076171875,1.861846923828125,0.1626107096672058,0.006965072359889746,0.2910318374633789,1.9589412212371826,-0.2686668932437897,0.013209903612732887,0.5301383137702942,1.8977782726287842,-0.002016888465732336,0.018140867352485657,0.41449421644210815,1.9748185873031616,-0.5116926431655884,0.020642723888158798
0.38295242190361023,0.4551142752170563,-0.05714811012148857,0.9998670816421509,0.39121994376182556,0.4235280454158783,-0.018577655777335167,0.9997816681861877,0.39732176065444946,0.42518487572669983,-0.01878330484032631,0.9997840523719788,0.4027644991874695,0.42667827010154724,-0.01899774558842182,0.9997602701187134,0.36767929792404175,0.4193759262561798,-0.06531734764575958,0.9998446106910706,0.3568879961967468,0.4185844361782074,-0.06538821756839752,0.9998612999916077,0.34575551748275757,0.4184715151786804,-0.06564807146787643,0.9998555183410645,0.39431336522102356,0.4388919770717621,0.19373172521591187,0.9997161626815796,0.3193449378013611,0.42528247833251953,-0.018684666603803635,0.9998946785926819,0.3882642090320587,0.49021217226982117,0.028431028127670288,0.9997751712799072,0.36256012320518494,0.4859355390071869,-0.0336640402674675,0.9998512268066406,0.3872799277305603,0.6537520289421082,0.41096702218055725,0.9986889958381653,0.24668626487255096,0.571895956993103,-0.12699389457702637,0.999531626701355,0.4419161379337311,0.8452532887458801,0.5142313838005066,0.4268132746219635,0.2028171718120575,0.8193559646606445,-0.23481853306293488,0.8360523581504822,0.5254517793655396,0.9072122573852539,0.34060579538345337,0.6922454237937927,0.314519464969635,1.0155342817306519,-0.33685940504074097,0.6657370924949646,0.5452050566673279,0.9375614523887634,0.3125820755958557,0.6937845349311829,0.308393269777298,1.0934020280838013,-0.3796429932117462,0.6983732581138611,0.5467434525489807,0.9162956476211548,0.26085934042930603,0.7307071089744568,0.3665699362754822,1.0647289752960205,-0.3793449401855469,0.7392849326133728,0.5327092409133911,0.9098069667816162,0.30967944860458374,0.7051700949668884,0.36078232526779175,1.0267255306243896,-0.3205372393131256,0.7180495858192444,0.3913310766220093,1.0734803676605225,0.16603955626487732,0.2127513885498047,0.3038274049758911,1.040397047996521,-0.1647838056087494,0.25657492876052856,0.47543272376060486,1.197217583656311,0.033108316361904144,0.059694308787584305,0.35170793533325195,1.3304479122161865,-0.29052746295928955,0.15638956427574158,0.4961893558502197,1.560705542564392,0.07483842968940735,0.009051413275301456,0.38754546642303467,1.7197738885879517,-0.38293009996414185,0.026207832619547844,0.47858142852783203,1.6206071376800537,0.07383506745100021,0.01651862822473049,0.3575546443462372,1.7732685804367065,-0.3919469118118286,0.02926558069884777,0.5801844000816345,1.6741679906845093,-0.006568446755409241,0.022485099732875824,0.5062803626060486,1.8542689085006714,-0.5700555443763733,0.030406655743718147
0.3854370713233948,0.4552048146724701,-0.01749565824866295,0.9996299743652344,0.3949892520904541,0.42365971207618713,0.025073712691664696,0.999464213848114,0.4013125002384186,0.4251915216445923,0.024824438616633415,0.9994726181030273,0.40675801038742065,0.42662790417671204,0.024539265781641006,0.9994587898254395,0.37040257453918457,0.419765442609787,-0.026231031864881516,0.999652087688446,0.3595048189163208,0.4190199077129364,-0.02632112242281437,0.9996904730796814,0.3484136164188385,0.4188927412033081,-0.02670716866850853,0.9997116327285767,0.40097254514694214,0.4386484920978546,0.24250169098377228,0.9994293451309204,0.3234930634498596,0.4255860447883606,0.011639716103672981,0.9998151063919067,0.3914332985877991,0.4901758134365082,0.07017859816551208,0.9994139671325684,0.36444002389907837,0.48601996898651123,0.0026502131950110197,0.9996644258499146,0.3928689658641815,0.6535626649856567,0.4629846215248108,0.9978598952293396,0.25865328311920166,0.5716858506202698,-0.11555308103561401,0.9995399713516235,0.43925532698631287,0.8438184857368469,0.5627967715263367,0.39785170555114746,0.22932088375091553,0.8099744319915771,-0.266673743724823,0.8443533778190613,0.4858541488647461,0.8553256988525391,0.4375295042991638,0.6330167055130005,0.3982056975364685,0.9402568340301514,-0.3372584879398346,0.656244695186615,0.515870213508606,0.8686927556991577,0.4208715558052063,0.6362811326980591,0.43863970041275024,0.9913345575332642,-0.3728176951408386,0.678484320640564,0.5223418474197388,0.8307439088821411,0.40103545784950256,0.6704938411712646,0.46664100885391235,0.9705402255058289,-0.3473467230796814,0.7158463001251221,0.5155593752861023,0.8311258554458618,0.42071056365966797,0.6472258567810059,0.4395151734352112,0.9454139471054077,-0.32121598720550537,0.6932268738746643,0.3919965326786041,1.0684659481048584,0.18120306730270386,0.24471968412399292,0.3147951364517212,1.0413709878921509,-0.18014928698539734,0.30028241872787476,0.4749053120613098,1.250651478767395,0.031400520354509354,0.0780174732208252,0.37307482957839966,1.3358503580093384,-0.32006701827049255,0.2059888243675232,0.48521971702575684,1.6169673204421997,0.07963039726018906,0.01539645902812481,0.38371333479881287,1.7461967468261719,-0.41615062952041626,0.04633970558643341,0.4682149887084961,1.6741917133331299,0.07716149091720581,0.02879202552139759,0.35123300552368164,1.8067781925201416,-0.4251168370246887,0.05672171339392662,0.5558344721794128,1.7353041172027588,-0.017866535112261772,0.026899274438619614,0.48393431305885315,1.8793920278549194,-0.6120612621307373,0.04189131036400795
0.39062029123306274,0.4551919102668762,0.054200429469347,0.9996243119239807,0.3995685577392578,0.42354923486709595,0.10384347289800644,0.9994667768478394,0.405388742685318,0.4249987006187439,0.10361311584711075,0.9994764924049377,0.4105621874332428,0.4263266921043396,0.10334060341119766,0.9994673132896423,0.37560465931892395,0.41975122690200806,0.052573733031749725,0.9996519088745117,0.365442156791687,0.4190160036087036,0.05259852483868599,0.999688982963562,0.3541603684425354,0.41890642046928406,0.05225658416748047,0.9997126460075378,0.4042244553565979,0.437881201505661,0.31509312987327576,0.9994485974311829,0.3294236361980438,0.42570334672927856,0.08444042503833771,0.9998171925544739,0.3960249423980713,0.4901517629623413,0.135910302400589,0.999393880367279,0.369123250246048,0.486009418964386,0.06824404001235962,0.9996480941772461,0.3942852020263672,0.6496549844741821,0.5043169260025024,0.9974851608276367,0.267087459564209,0.5717049837112427,-0.08515439927577972,0.9995562434196472,0.43436869978904724,0.8434782028198242,0.623710036277771,0.37543025612831116,0.251483291387558,0.8045910596847534,-0.2668548822402954,0.8542992472648621,0.5055450201034546,0.8202211260795593,0.5700460076332092,0.5836568474769592,0.46264952421188354,0.8990485072135925,-0.32561156153678894,0.663889467716217,0.5153260231018066,0.8193472027778625,0.5603479146957397,0.5890530347824097,0.5125882625579834,0.9345645308494568,-0.3533755838871002,0.6771986484527588,0.5341048836708069,0.7797545790672302,0.5450229644775391,0.6211931705474854,0.531527578830719,0.8956397771835327,-0.3192879557609558,0.7111710906028748,0.5251032114028931,0.7832175493240356,0.555902361869812,0.5998700261116028,0.5092605352401733,0.8856946229934692,-0.30522406101226807,0.6869597434997559,0.3907538950443268,1.0625051259994507,0.1822497397661209,0.2857282757759094,0.3180254101753235,1.040352702140808,-0.18110884726047516,0.3485523462295532,0.4701710641384125,1.276231050491333,0.027296531945466995,0.10328172147274017,0.3723553717136383,1.3526513576507568,-0.3257465362548828,0.2569699287414551,0.48240232467651367,1.6354774236679077,0.06484740972518921,0.021755347028374672,0.3853244185447693,1.7673238515853882,-0.44122377038002014,0.06418637931346893,0.46509093046188354,1.6942583322525024,0.05868958309292793,0.03900453448295593,0.3532814085483551,1.8320626020431519,-0.4520317018032074,0.07596632838249207,0.5520012974739075,1.7463053464889526,-0.05321092531085014,0.03107759729027748,0.4853842854499817,1.8929173946380615,-0.6485961079597473,0.05146133154630661
0.39428579807281494,0.4553387463092804,0.004447113256901503,0.9996421337127686,0.4025898575782776,0.42372599244117737,0.0488358698785305,0.9994959831237793,0.40819334983825684,0.4250626564025879,0.04855254292488098,0.9995052218437195,0.4135287404060364,0.4263197183609009,0.04829297587275505,0.999496579170227,0.3794843554496765,0.42005622386932373,-0.007742520421743393,0.9996716976165771,0.37028974294662476,0.41927531361579895,-0.007772393524646759,0.99970543384552,0.3594816327095032,0.41909530758857727,-0.008044220507144928,0.9997280240058899,0.40737804770469666,0.4377535879611969,0.27431607246398926,0.9994835257530212,0.33526164293289185,0.4258737564086914,0.02491578832268715,0.9998282194137573,0.4003526568412781,0.4901314675807953,0.0933266207575798,0.9994152188301086,0.37356239557266235,0.4859958291053772,0.016941357403993607,0.9996636509895325,0.39795351028442383,0.6487439870834351,0.4957546293735504,0.9970494508743286,0.2721405625343323,0.5719675421714783,-0.1076427698135376,0.999561071395874,0.4550815522670746,0.8391546607017517,0.5137261748313904,0.3552896976470947,0.25895652174949646,0.7918415665626526,-0.3338692784309387,0.8609914183616638,0.5146898031234741,0.7699544429779053,0.4153675436973572,0.5544895529747009,0.47952699661254883,0.8485776782035828,-0.38964542746543884,0.6798608899116516,0.5303826928138733,0.7545539736747742,0.37299245595932007,0.5649236440658569,0.5327454805374146,0.8747971057891846,-0.42141199111938477,0.6885221004486084,0.5353701114654541,0.7176766991615295,0.4615113139152527,0.5969141721725464,0.5455719828605652,0.8354388475418091,-0.366109162569046,0.7199963927268982,0.526908814907074,0.7258687615394592,0.4298522472381592,0.5762104988098145,0.5219120979309082,0.8303052186965942,-0.3647836148738861,0.6950477361679077,0.398153156042099,1.0635610818862915,0.18048995733261108,0.28569209575653076,0.32196730375289917,1.0440425872802734,-0.17914573848247528,0.3619658350944519,0.4688124656677246,1.3027647733688354,0.09179168194532394,0.10447241365909576,0.3665142059326172,1.3548762798309326,-0.2408771961927414,0.27166441082954407,0.48130592703819275,1.6603209972381592,0.19834206998348236,0.02135741151869297,0.37901395559310913,1.7772470712661743,-0.2722165882587433,0.0644509345293045,0.46462997794151306,1.7177729606628418,0.19877822697162628,0.037843283265829086,0.34769874811172485,1.8452707529067993,-0.27706122398376465,0.07484274357557297,0.5493559241294861,1.7643996477127075,0.07925035059452057,0.031587932258844376,0.4722253382205963,1.890863060951233,-0.4674910604953766,0.05175885558128357
0.39900895953178406,0.45550310611724854,0.00013002674677409232,0.9994588494300842,0.40591710805892944,0.42373126745224,0.04238966107368469,0.9992522597312927,0.41158327460289,0.4250546395778656,0.04210158437490463,0.9992932677268982,0.41722530126571655,0.42631110548973083,0.04178768768906593,0.9992809295654297,0.38317209482192993,0.4200644791126251,-0.004157365299761295,0.9995253682136536,0.37416476011276245,0.41929569840431213,-0.0042515285313129425,0.9995844960212708,0.3636670708656311,0.41914623975753784,-0.004663003608584404,0.9996190667152405,0.4111842215061188,0.43766355514526367,0.24966447055339813,0.9993520379066467,0.3405075669288635,0.42630720138549805,0.04212082177400589,0.9997795224189758,0.40538811683654785,0.4901069700717926,0.08136307448148727,0.9992309212684631,0.37820443511009216,0.48598363995552063,0.01993948593735695,0.9995577335357666,0.40420016646385193,0.6465612053871155,0.47074493765830994,0.9966106414794922,0.28282690048217773,0.5740516185760498,-0.09558131545782089,0.9995814561843872,0.4629613757133484,0.8390548229217529,0.4754515588283539,0.34212392568588257,0.27610403299331665,0.787164568901062,-0.30713438987731934,0.8709632158279419,0.502975583076477,0.7957378029823303,0.3249128460884094,0.5123737454414368,0.476285457611084,0.8299124240875244,-0.37264567613601685,0.6933925151824951,0.526501476764679,0.7942439913749695,0.27517345547676086,0.5232496857643127,0.5225304365158081,0.8457874059677124,-0.39798083901405334,0.6918305158615112,0.5265746712684631,0.7579468488693237,0.299081414937973,0.553227424621582,0.5439730286598206,0.818881630897522,-0.3526058495044708,0.719538688659668,0.5211390256881714,0.7601873278617859,0.3211378753185272,0.535018801689148,0.5223578214645386,0.8178090453147888,-0.34104782342910767,0.6948044300079346,0.4043235778808594,1.05696702003479,0.17646068334579468,0.32335904240608215,0.3321942389011383,1.0368731021881104,-0.17562417685985565,0.4108935296535492,0.4831216335296631,1.2401238679885864,0.07508965581655502,0.12292233109474182,0.4087556004524231,1.3042222261428833,-0.24674084782600403,0.3265724182128906,0.4960041642189026,1.6049469709396362,0.1284385621547699,0.027231203392148018,0.4031478762626648,1.7172667980194092,-0.3183206617832184,0.09176325052976608,0.47863608598709106,1.6655657291412354,0.12757809460163116,0.048773761838674545,0.365142285823822,1.7820496559143066,-0.32054653763771057,0.10911798477172852,0.5712903738021851,1.7034811973571777,0.049351248890161514,0.03539840877056122,0.4984351694583893,1.8318431377410889,-0.49654698371887207,0.06352831423282623
0.40578752756118774,0.4562857449054718,-0.016397232189774513,0.9994304776191711,0.4117092192173004,0.42510074377059937,0.026254545897245407,0.9992281794548035,0.41763925552368164,0.4263962507247925,0.026064613834023476,0.9992737174034119,0.42366933822631836,0.4276445209980011,0.025883620604872704,0.9992645978927612,0.38947421312332153,0.4212111830711365,-0.0240914486348629,0.9995130896568298,0.3806537687778473,0.4203295409679413,-0.024160267785191536,0.9995718002319336,0.37074947357177734,0.4199801981449127,-0.02452694997191429,0.9996069073677063,0.4177354872226715,0.4385809004306793,0.2324432134628296,0.9993546605110168,0.3482942283153534,0.42766961455345154,0.021364718675613403,0.9997754096984863,0.41329851746559143,0.49141737818717957,0.07644306868314743,0.9992194175720215,0.3854387104511261,0.4867106080055237,0.0030605390202254057,0.999545156955719,0.4125796854496002,0.6463870406150818,0.3694169819355011,0.9963009357452393,0.29175451397895813,0.5762690305709839,-0.09739117324352264,0.9995888471603394,0.47279101610183716,0.8264017701148987,0.404355525970459,0.33343854546546936,0.3015301823616028,0.7874206900596619,-0.29451364278793335,0.8773489594459534,0.5227391123771667,0.7487161755561829,0.3040134906768799,0.4828340709209442,0.507615864276886,0.7934526801109314,-0.3698602020740509,0.7009612917900085,0.5308365821838379,0.7362129092216492,0.26176589727401733,0.4940214455127716,0.5668485760688782,0.8423778414726257,-0.39066168665885925,0.6918671727180481,0.5365114212036133,0.7009155750274658,0.2674829363822937,0.5225368142127991,0.5715155601501465,0.81254643201828,-0.3544514775276184,0.7169458866119385,0.5233690142631531,0.7078092694282532,0.2945789396762848,0.5064547061920166,0.5536681413650513,0.8104401230812073,-0.33865979313850403,0.6932975053787231,0.42420482635498047,1.0576249361038208,0.14530068635940552,0.35049039125442505,0.3311687111854553,0.9901374578475952,-0.14446289837360382,0.44884034991264343,0.47725772857666016,1.2689207792282104,0.009426718577742577,0.14546404778957367,0.39655113220214844,1.3244866132736206,-0.24968397617340088,0.37104344367980957,0.5087486505508423,1.6369340419769287,0.06275156140327454,0.03198469430208206,0.4065149426460266,1.7438913583755493,-0.3318154811859131,0.10825355350971222,0.49689650535583496,1.6960960626602173,0.0588018074631691,0.05304090678691864,0.37527623772621155,1.8099117279052734,-0.33980733156204224,0.12227892875671387,0.5772280693054199,1.7339380979537964,-0.0689115896821022,0.04176843538880348,0.4955061972141266,1.8565504550933838,-0.5255072712898254,0.07253056764602661
0.4075525403022766,0.45661571621894836,-0.051210831850767136,0.9994522333145142,0.41366177797317505,0.42586421966552734,-0.011481735855340958,0.9992668628692627,0.4192435145378113,0.42707759141921997,-0.01173644419759512,0.9993081092834473,0.42492803931236267,0.4282507598400116,-0.012039116583764553,0.9993024468421936,0.3915793299674988,0.42215055227279663,-0.05878559872508049,0.9995368719100952,0.38256168365478516,0.42125168442726135,-0.058828532695770264,0.9995889663696289,0.3722657263278961,0.4208197295665741,-0.059198152273893356,0.999622106552124,0.41854268312454224,0.43919500708580017,0.19070716202259064,0.9993845224380493,0.34913793206214905,0.42825445532798767,-0.017508191987872124,0.999783456325531,0.41413164138793945,0.49157753586769104,0.03372425585985184,0.9992471933364868,0.3872305154800415,0.48685750365257263,-0.031388282775878906,0.9995579123497009,0.4125154912471771,0.6443882584571838,0.35352903604507446,0.9961240291595459,0.2966528534889221,0.5760370492935181,-0.13025060296058655,0.9995689988136292,0.4812241494655609,0.8014556765556335,0.40768319368362427,0.32301098108291626,0.31122174859046936,0.784987211227417,-0.30723533034324646,0.8789485692977905,0.5467196106910706,0.7014867067337036,0.2950170338153839,0.4680514633655548,0.5151957273483276,0.7840060591697693,-0.3425096869468689,0.7052815556526184,0.5570887327194214,0.6776980757713318,0.25579577684402466,0.4812966287136078,0.5717049837112427,0.7975819706916809,-0.3663978576660156,0.6916688680648804,0.5571237802505493,0.645203709602356,0.24466173350811005,0.5099067687988281,0.5831791758537292,0.7786339521408081,-0.33505767583847046,0.715298593044281,0.5489781498908997,0.6568173170089722,0.27819401025772095,0.4947469234466553,0.5733634233474731,0.7942977547645569,-0.31958791613578796,0.6915106177330017,0.4296256899833679,1.0569764375686646,0.14674824476242065,0.3607100248336792,0.3401131331920624,1.0109020471572876,-0.1458037942647934,0.464641809463501,0.47638139128685,1.2930350303649902,0.015488684177398682,0.15380419790744781,0.3888062834739685,1.33664071559906,-0.22688865661621094,0.3872852027416229,0.5176656246185303,1.649283528327942,0.07613269239664078,0.033363450318574905,0.40904951095581055,1.7555068731307983,-0.2818829119205475,0.11226264387369156,0.5091118216514587,1.7091223001480103,0.07417253404855728,0.05299856513738632,0.3839852809906006,1.8218275308609009,-0.2910401225090027,0.12287570536136627,0.5776358842849731,1.7502459287643433,-0.0555340051651001,0.0457792654633522,0.48802465200424194,1.8670543432235718,-0.498053640127182,0.07591228187084198
0.4157073497772217,0.46042874455451965,-0.014256742782890797,0.9994858503341675,0.4192636013031006,0.4283139109611511,0.025577817112207413,0.9993181228637695,0.42453843355178833,0.429167240858078,0.025254976004362106,0.999356210231781,0.4299492835998535,0.4300152361392975,0.024896183982491493,0.9993539452552795,0.397851824760437,0.42566195130348206,-0.026254242286086082,0.9995678663253784,0.3886964023113251,0.42488229274749756,-0.02627810277044773,0.9996132850646973,0.3784143924713135,0.4243878424167633,-0.02660553529858589,0.9996443390846252,0.4206635057926178,0.441489040851593,0.2175389528274536,0.9994328618049622,0.3546212315559387,0.432315468788147,-0.010922885499894619,0.9997958540916443,0.42115673422813416,0.49566885828971863,0.06309331953525543,0.9992968440055847,0.39574411511421204,0.4914986491203308,-0.005430641584098339,0.9995800852775574,0.41604191064834595,0.647503137588501,0.36305803060531616,0.9963073134422302,0.3050674796104431,0.5799596309661865,-0.13799652457237244,0.9995874166488647,0.48278936743736267,0.8046229481697083,0.42623966932296753,0.31290704011917114,0.349245548248291,0.7832145094871521,-0.30032724142074585,0.8862894177436829,0.5693479180335999,0.6999479532241821,0.2899777293205261,0.4445234537124634,0.5794162750244141,0.7435263395309448,-0.25399336218833923,0.7166798710823059,0.5841962099075317,0.6808955073356628,0.2499084770679474,0.4595656991004944,0.6309657096862793,0.7428624629974365,-0.27413761615753174,0.6952067613601685,0.5835473537445068,0.6455639600753784,0.23309242725372314,0.48747193813323975,0.6358774900436401,0.7224847078323364,-0.24990347027778625,0.7163963913917542,0.5769866704940796,0.6557823419570923,0.2706150412559509,0.4736723005771637,0.6219145059585571,0.7248706817626953,-0.2370709925889969,0.6917566061019897,0.43868452310562134,1.0575135946273804,0.15019507706165314,0.4023870825767517,0.35907086730003357,1.0365699529647827,-0.1495923101902008,0.5042451620101929,0.5278202295303345,1.2623845338821411,0.017987867817282677,0.17831632494926453,0.4406484067440033,1.3203426599502563,-0.2342499941587448,0.424254447221756,0.5678949952125549,1.6095682382583618,0.0721619576215744,0.04129456728696823,0.45507216453552246,1.7446112632751465,-0.2882484197616577,0.13146010041236877,0.5555682182312012,1.6676801443099976,0.06924984604120255,0.062838114798069,0.42432212829589844,1.813432216644287,-0.2931477725505829,0.1411343663930893,0.6394070386886597,1.696937084197998,-0.05106193572282791,0.053279563784599304,0.5429213643074036,1.8472485542297363,-0.4901637136936188,0.0871584415435791
0.420409619808197,0.46177712082862854,0.06930740177631378,0.9995234608650208,0.4234723448753357,0.4299453794956207,0.10834074020385742,0.9993694424629211,0.4279518723487854,0.43058088421821594,0.10810767114162445,0.9994029402732849,0.43246665596961975,0.43130022287368774,0.10783383995294571,0.9994032382965088,0.402698278427124,0.4283437728881836,0.06442656368017197,0.9995979070663452,0.39363184571266174,0.427946537733078,0.06440739333629608,0.9996373057365417,0.3832838535308838,0.4276876747608185,0.06417237967252731,0.9996674656867981,0.42104703187942505,0.443801611661911,0.2780994474887848,0.9994797110557556,0.3595659136772156,0.43497174978256226,0.07730239629745483,0.9998081922531128,0.42299413681030273,0.4969046711921692,0.13365913927555084,0.999346911907196,0.4003077447414398,0.49364954233169556,0.07404546439647675,0.9996045231819153,0.4150210916996002,0.6475129723548889,0.40357375144958496,0.9964182376861572,0.31262606382369995,0.5797224044799805,-0.0920584574341774,0.9996185302734375,0.48279374837875366,0.7903761267662048,0.453122079372406,0.3011259138584137,0.33384159207344055,0.7561804056167603,-0.2984701693058014,0.8904951810836792,0.5640097260475159,0.715660810470581,0.36266595125198364,0.4175858795642853,0.5441831946372986,0.7430102825164795,-0.3265681862831116,0.7211077809333801,0.5818213820457458,0.6825922131538391,0.3409215211868286,0.43436992168426514,0.5911208391189575,0.7471663355827332,-0.3530081808567047,0.6946943998336792,0.5818530917167664,0.6505030989646912,0.32436442375183105,0.46073049306869507,0.6085623502731323,0.7224816083908081,-0.3060597777366638,0.7127465605735779,0.5743911862373352,0.6582448482513428,0.3473859429359436,0.4489235281944275,0.5963243246078491,0.746618926525116,-0.3053883910179138,0.6873909831047058,0.43448567390441895,1.044906497001648,0.1545586735010147,0.44708219170570374,0.37170547246932983,1.0311846733093262,-0.15425026416778564,0.5475066900253296,0.5369632244110107,1.0969058275222778,0.07457078248262405,0.1823335587978363,0.4626860022544861,1.236762285232544,-0.23632514476776123,0.4596574902534485,0.5713750720024109,1.453067660331726,0.10086166858673096,0.04360445216298103,0.4804886281490326,1.616714596748352,-0.3199958801269531,0.15297074615955353,0.5549253225326538,1.5188034772872925,0.09668974578380585,0.06904289871454239,0.44401270151138306,1.675370693206787,-0.3201066851615906,0.16152825951576233,0.6615502238273621,1.5382099151611328,0.04614580422639847,0.05598565563559532,0.5889678597450256,1.7205902338027954,-0.4667646288871765,0.10213454067707062
0.4380946159362793,0.46419185400009155,0.1427818238735199,0.9995698928833008,0.441122442483902,0.43295907974243164,0.18760992586612701,0.9994312524795532,0.44686824083328247,0.433477520942688,0.18748262524604797,0.99946129322052,0.45231494307518005,0.4343765377998352,0.1873655766248703,0.9994617104530334,0.4182252883911133,0.4322931468486786,0.1463245153427124,0.9996368885040283,0.40806442499160767,0.432082861661911,0.14631088078022003,0.9996721744537354,0.39873573184013367,0.4317878186702728,0.1460767686367035,0.999699592590332,0.4441211223602295,0.44599661231040955,0.37297123670578003,0.9995307922363281,0.37725549936294556,0.4376293122768402,0.18167337775230408,0.9998264312744141,0.44436177611351013,0.49896040558815,0.2112237513065338,0.9994083046913147,0.41928187012672424,0.4970139265060425,0.15420697629451752,0.9996400475502014,0.46307605504989624,0.6474508047103882,0.45388561487197876,0.9965516924858093,0.33872535824775696,0.5818583965301514,0.0075240544974803925,0.9996107220649719,0.5188140273094177,0.7508327960968018,0.37328118085861206,0.29063403606414795,0.3899752199649811,0.726043164730072,-0.29813021421432495,0.8839519619941711,0.6228750944137573,0.650589644908905,0.1301683485507965,0.41984909772872925,0.6299899220466614,0.6530760526657104,-0.37609463930130005,0.7153110504150391,0.6434568762779236,0.62967449426651,0.09918364137411118,0.4424450695514679,0.675001859664917,0.6279022097587585,-0.40406012535095215,0.687736451625824,0.6440815925598145,0.6136171221733093,0.09293100982904434,0.46884235739707947,0.6767772436141968,0.6189326047897339,-0.35381054878234863,0.7046641707420349,0.6390053033828735,0.6295120120048523,0.1181858628988266,0.45731064677238464,0.6643506288528442,0.6348784565925598,-0.3560548424720764,0.6780648827552795,0.46948370337486267,1.0465959310531616,0.1480899304151535,0.4859948456287384,0.4005046486854553,1.0420008897781372,-0.14768657088279724,0.5800262689590454,0.5950497388839722,0.8891094326972961,0.14193299412727356,0.18473485112190247,0.5337002277374268,1.0186946392059326,-0.23822422325611115,0.4712376892566681,0.6238750219345093,1.2091293334960938,0.07654489576816559,0.0455375574529171,0.575935959815979,1.2865910530090332,-0.3190374970436096,0.15093198418617249,0.6072600483894348,1.2689167261123657,0.060369450598955154,0.07110849767923355,0.544609546661377,1.328637957572937,-0.3172120451927185,0.1594308763742447,0.6900683641433716,1.2926303148269653,0.02290996164083481,0.062432993203401566,0.667015016078949,1.3619908094406128,-0.3648388981819153,0.10981731116771698
0.46645069122314453,0.4689338505268097,0.23055067658424377,0.9996122717857361,0.4625568985939026,0.4364575147628784,0.2903654873371124,0.9994874596595764,0.4712999761104584,0.43790218234062195,0.29033663868904114,0.9995145201683044,0.4823814332485199,0.44151610136032104,0.29036635160446167,0.9995148777961731,0.4332296848297119,0.43541964888572693,0.26773762702941895,0.9996725916862488,0.4229981303215027,0.4359646141529083,0.2677146792411804,0.9997042417526245,0.41356053948402405,0.4368048310279846,0.26739057898521423,0.9997290372848511,0.5210200548171997,0.4608595073223114,0.5076318979263306,0.999576985836029,0.39322715997695923,0.4460703432559967,0.40686020255088806,0.9998432993888855,0.49013209342956543,0.5092370510101318,0.3046817481517792,0.999464213848114,0.44334691762924194,0.5039790868759155,0.2735758423805237,0.9996735453605652,0.5565507411956787,0.647506058216095,0.49300694465637207,0.9963851571083069,0.3904150426387787,0.6171493530273438,0.2518672049045563,0.9995955228805542,0.5962880849838257,0.7426014542579651,0.1892615258693695,0.2946796417236328,0.4077077805995941,0.7205405831336975,-0.16951040923595428,0.8782498240470886,0.6470088958740234,0.6249589323997498,-0.15301558375358582,0.4293363690376282,0.6419986486434937,0.639805793762207,-0.3359967768192291,0.7149286866188049,0.670471727848053,0.5971647500991821,-0.2066202461719513,0.4523884952068329,0.6852574348449707,0.6190468072891235,-0.36857742071151733,0.6830876469612122,0.6574318408966064,0.5973654985427856,-0.18766537308692932,0.4777674973011017,0.6923710107803345,0.6138761639595032,-0.3012169301509857,0.6979320645332336,0.6509397625923157,0.615790069103241,-0.1568910777568817,0.46892592310905457,0.6792240738868713,0.6230481863021851,-0.3065423369407654,0.6711012125015259,0.549977719783783,1.0477328300476074,0.05461839586496353,0.5299250483512878,0.4588325619697571,1.0481832027435303,-0.05397995188832283,0.6180875897407532,0.6443381905555725,0.8973182439804077,-0.058434952050447464,0.22037813067436218,0.5513593554496765,1.0452650785446167,-0.19314199686050415,0.4873298108577728,0.6618459224700928,1.2563492059707642,-0.22900362312793732,0.056238170713186264,0.6164043545722961,1.3608214855194092,-0.402255117893219,0.15025833249092102,0.6535700559616089,1.3146998882293701,-0.25778406858444214,0.087950199842453,0.6143354773521423,1.416635513305664,-0.4272291660308838,0.16086284816265106,0.7065373659133911,1.3839561939239502,-0.3361373543739319,0.08035974949598312,0.6610279083251953,1.4596747159957886,-0.5282455086708069,0.11830918490886688
0.4848906099796295,0.47462204098701477,0.29184430837631226,0.9996476769447327,0.4822462201118469,0.44600915908813477,0.35022419691085815,0.9995357394218445,0.49316850304603577,0.4495459794998169,0.350098192691803,0.9995597004890442,0.5060712099075317,0.455429345369339,0.35004499554634094,0.9995602965354919,0.4459756314754486,0.4391418695449829,0.3169204592704773,0.9997026324272156,0.43717750906944275,0.4392331838607788,0.3167955279350281,0.9997308254241943,0.4308306574821472,0.4402177035808563,0.31640347838401794,0.9997538328170776,0.5148118734359741,0.4718584418296814,0.5570968389511108,0.9996157884597778,0.4032142758369446,0.45048385858535767,0.4069228172302246,0.9998568892478943,0.5178385972976685,0.5183840394020081,0.36205220222473145,0.999506413936615,0.4694789946079254,0.5083698630332947,0.31734487414360046,0.9996967315673828,0.5593753457069397,0.6476442813873291,0.5711632966995239,0.9962334036827087,0.4008673131465912,0.626276433467865,0.22067482769489288,0.9995825886726379,0.6093236804008484,0.7419067025184631,0.2655162215232849,0.2827087342739105,0.4295434057712555,0.7050874829292297,-0.2085079401731491,0.8750548362731934,0.653317391872406,0.6622549891471863,0.055538177490234375,0.4140288531780243,0.6499941945075989,0.646510660648346,-0.41860494017601013,0.7154569029808044,0.6828454732894897,0.6374857425689697,0.013849934563040733,0.43794184923171997,0.70148766040802,0.6256798505783081,-0.4527653753757477,0.6783175468444824,0.6754662990570068,0.6202048659324646,0.012868491932749748,0.46195188164711,0.7040868997573853,0.6142931580543518,-0.39453011751174927,0.6906781792640686,0.6664191484451294,0.6394917964935303,0.04482683166861534,0.45450878143310547,0.6880566477775574,0.6250705122947693,-0.3926956057548523,0.6630301475524902,0.5608254075050354,1.047629952430725,0.07778744399547577,0.5727475881576538,0.48257288336753845,1.0471025705337524,-0.07744605839252472,0.6540060639381409,0.6699509024620056,0.8608334064483643,-0.028209399431943893,0.2460920214653015,0.5757889151573181,0.9727050065994263,-0.16517037153244019,0.5052684545516968,0.6934565305709839,1.1965904235839844,-0.1633748859167099,0.06894601881504059,0.6579928398132324,1.275115966796875,-0.4043040871620178,0.15800759196281433,0.6818381547927856,1.2471401691436768,-0.19624236226081848,0.10529136657714844,0.6526573896408081,1.3261985778808594,-0.4274013936519623,0.1764504462480545,0.7457203269004822,1.32155442237854,-0.27195316553115845,0.09585417062044144,0.719269871711731,1.37484610080719,-0.5231451988220215,0.13225610554218292
0.4769147038459778,0.47616809606552124,0.2672300636768341,0.9996798634529114,0.47826629877090454,0.44724708795547485,0.3194463849067688,0.9995798468589783,0.4863068461418152,0.44977113604545593,0.31927335262298584,0.9996011853218079,0.4951630234718323,0.4542883634567261,0.3191949427127838,0.9996019005775452,0.4475646913051605,0.44299954175949097,0.2889813780784607,0.9997299909591675,0.4375426769256592,0.44453927874565125,0.2888859808444977,0.9997550845146179,0.42826589941978455,0.4471246600151062,0.28854456543922424,0.9997765421867371,0.4982439875602722,0.46953052282333374,0.5062686204910278,0.9996517300605774,0.4048372209072113,0.460334450006485,0.3671953082084656,0.9998688697814941,0.4974214434623718,0.5176576375961304,0.3317486643791199,0.9995466470718384,0.45832696557044983,0.5115953087806702,0.2899934947490692,0.9997166395187378,0.5193701982498169,0.6553543210029602,0.523639976978302,0.995940089225769,0.4017783999443054,0.6305925250053406,0.1952061951160431,0.9994982481002808,0.6125960350036621,0.7004843354225159,0.30951815843582153,0.268268346786499,0.45126765966415405,0.7131182551383972,-0.18215462565422058,0.8543426990509033,0.6677143573760986,0.6156293749809265,0.050015777349472046,0.4059996008872986,0.6532647013664246,0.6362221240997314,-0.3946893811225891,0.7074772715568542,0.6941327452659607,0.5989082455635071,0.015628788620233536,0.4353940188884735,0.6942595839500427,0.6173049807548523,-0.4310340881347656,0.6723734140396118,0.6804990172386169,0.5878309011459351,0.009593328461050987,0.45916348695755005,0.694483757019043,0.6058600544929504,-0.38255807757377625,0.6843472719192505,0.6705478429794312,0.5991501212120056,0.03899027779698372,0.4530012607574463,0.6830035448074341,0.6161143779754639,-0.37399476766586304,0.6552714705467224,0.552605390548706,1.0481083393096924,0.07928173243999481,0.6063761711120605,0.46782246232032776,1.0477890968322754,-0.07878537476062775,0.6813516020774841,0.6372600793838501,0.8223468661308289,0.00958324782550335,0.25924208760261536,0.5394446849822998,0.9245919585227966,-0.14277227222919464,0.5104005932807922,0.687853991985321,1.1027473211288452,-0.17615830898284912,0.07185496389865875,0.6551001667976379,1.155845046043396,-0.3874501585960388,0.15531866252422333,0.6813534498214722,1.153481364250183,-0.20969152450561523,0.10910162329673767,0.6485108733177185,1.201633095741272,-0.405886709690094,0.17630591988563538,0.7356761693954468,1.1909964084625244,-0.2790595293045044,0.10384587198495865,0.7411447763442993,1.2165262699127197,-0.480515718460083,0.1391892284154892
0.4909416735172272,0.48277002573013306,0.1971442699432373,0.9997103214263916,0.49198096990585327,0.45472925901412964,0.24752387404441833,0.9996206164360046,0.49896174669265747,0.45655128359794617,0.24736404418945312,0.9996395707130432,0.5067971348762512,0.4601084887981415,0.24727657437324524,0.9996404051780701,0.4604276716709137,0.4515334963798523,0.21273045241832733,0.9997557997703552,0.45130419731140137,0.4544233977794647,0.21262621879577637,0.9997782707214355,0.4358791708946228,0.45548632740974426,0.21229787170886993,0.9997979402542114,0.5013375282287598,0.4735834002494812,0.44021090865135193,0.9996852874755859,0.4119897484779358,0.46756479144096375,0.2810875475406647,0.9998810291290283,0.5151692032814026,0.5247472524642944,0.2658974528312683,0.9995868802070618,0.47547441720962524,0.5203652381896973,0.21855923533439636,0.9997400045394897,0.5565357208251953,0.6553375720977783,0.4985731542110443,0.995887815952301,0.4137684404850006,0.6375030279159546,0.11652201414108276,0.9994699358940125,0.6330592036247253,0.7035456299781799,0.33460238575935364,0.2552335262298584,0.45998865365982056,0.7136486768722534,-0.2754647135734558,0.8433181047439575,0.6806854605674744,0.6064528226852417,0.10524257272481918,0.40168946981430054,0.6565592288970947,0.6344804763793945,-0.4656112790107727,0.7069602012634277,0.699382483959198,0.5890849232673645,0.05253012850880623,0.4346281886100769,0.6954513788223267,0.6160027384757996,-0.49919551610946655,0.6704708933830261,0.68922358751297,0.5752144455909729,0.020542556419968605,0.4579543471336365,0.692987859249115,0.6013399362564087,-0.44803422689437866,0.6813376545906067,0.6804518103599548,0.5875243544578552,0.08887608349323273,0.45256921648979187,0.6796828508377075,0.6120296120643616,-0.4443280100822449,0.6516186594963074,0.56968092918396,1.0648174285888672,0.09138449281454086,0.6409407258033752,0.4924089312553406,1.0652244091033936,-0.09082735329866409,0.7100701928138733,0.6580021977424622,0.8461082577705383,0.11379995197057724,0.2604852020740509,0.5614562630653381,0.9352158904075623,-0.1518145352602005,0.5144721269607544,0.6923714876174927,1.141451358795166,-0.09818349778652191,0.07611751556396484,0.6635469794273376,1.2112841606140137,-0.371452659368515,0.15818509459495544,0.6828510761260986,1.1943608522415161,-0.12455759197473526,0.11488578468561172,0.6520342826843262,1.2581722736358643,-0.3857002258300781,0.18217915296554565,0.742091953754425,1.2303383350372314,-0.20378491282463074,0.11410675197839737,0.7450854778289795,1.2932944297790527,-0.4184153079986572,0.15187454223632812
0.5060354471206665,0.485172837972641,-0.08079701662063599,0.999699592590332,0.5062845349311829,0.4557674825191498,-0.03173193335533142,0.9996181726455688,0.5150283575057983,0.4578458070755005,-0.03199290484189987,0.9996368288993835,0.5243254899978638,0.46166566014289856,-0.03216535970568657,0.9996384978294373,0.4655102789402008,0.4509769082069397,-0.06608317792415619,0.9997459650039673,0.4568185806274414,0.453647643327713,-0.066130131483078,0.9997645616531372,0.43555688858032227,0.4535389840602875,-0.06651323288679123,0.999782145023346,0.5267001390457153,0.4769194722175598,0.2019519805908203,0.9996890425682068,0.41432541608810425,0.4657681882381439,0.04832450672984123,0.999867856502533,0.5328968167304993,0.5277309417724609,0.009711851365864277,0.9995063543319702,0.4909845292568207,0.5238794684410095,-0.036149442195892334,0.9996422529220581,0.6006735563278198,0.6562341451644897,0.27551698684692383,0.9949913024902344,0.41939568519592285,0.6405332684516907,-0.04541780799627304,0.9987512230873108,0.6654129028320312,0.7791541814804077,0.19357135891914368,0.2376755326986313,0.46266117691993713,0.7056596875190735,-0.41515010595321655,0.8404470682144165,0.6689862012863159,0.8316132426261902,0.04342356696724892,0.3705269396305084,0.6632378697395325,0.620850682258606,-0.5417598485946655,0.7089669704437256,0.6798170804977417,0.8638619780540466,0.0007346239872276783,0.4043377637863159,0.6987148523330688,0.5981948375701904,-0.5882513523101807,0.6681392192840576,0.6704323887825012,0.8350458741188049,-0.009927505627274513,0.4284812808036804,0.7000598311424255,0.5831148028373718,-0.5529749393463135,0.6793723106384277,0.6625221967697144,0.8290140628814697,0.03099895641207695,0.4233189821243286,0.6846811771392822,0.5926268696784973,-0.5290605425834656,0.6493643522262573,0.6103507280349731,1.0893337726593018,0.05484858155250549,0.6002345085144043,0.5072198510169983,1.0919920206069946,-0.053638506680727005,0.6766248345375061,0.6559424996376038,1.2513872385025024,-0.0973440483212471,0.254863977432251,0.5426596403121948,1.3251953125,-0.13161790370941162,0.4847613573074341,0.6835752129554749,1.6367664337158203,0.01743384078145027,0.07030200213193893,0.610348641872406,1.7235928773880005,-0.12720917165279388,0.14497199654579163,0.6817435622215271,1.6975384950637817,0.021961692720651627,0.10651575028896332,0.5977838635444641,1.7900843620300293,-0.1330660879611969,0.1665181666612625,0.7156165838241577,1.7388701438903809,-0.18822374939918518,0.10465794056653976,0.6344696283340454,1.814354658126831,-0.34185898303985596,0.13883614540100098
0.496328204870224,0.48622238636016846,0.11982458829879761,0.9997097253799438,0.49746590852737427,0.45468220114707947,0.1694510281085968,0.9996331334114075,0.5055814981460571,0.45660412311553955,0.16924603283405304,0.999647319316864,0.514316976070404,0.4601845145225525,0.1690356433391571,0.9996529221534729,0.46240219473838806,0.45033538341522217,0.1323838233947754,0.9997539520263672,0.4522929787635803,0.45257899165153503,0.13224546611309052,0.9997696280479431,0.4380662441253662,0.452836811542511,0.13185885548591614,0.9997897744178772,0.5126005411148071,0.4752841591835022,0.37900370359420776,0.9996999502182007,0.42051857709884644,0.4649028480052948,0.21028657257556915,0.9998676180839539,0.5166455507278442,0.5267314314842224,0.19453547894954681,0.9995061159133911,0.4796219766139984,0.5236620306968689,0.1447480022907257,0.9996345639228821,0.5618122816085815,0.6561402082443237,0.4624307155609131,0.9945293664932251,0.41238775849342346,0.6337212324142456,0.03658076375722885,0.9988029599189758,0.6286259889602661,0.7585425972938538,0.4364399313926697,0.23120126128196716,0.4540107846260071,0.6989699006080627,-0.36451101303100586,0.8486507534980774,0.6661675572395325,0.7816519141197205,0.30246201157569885,0.3501087725162506,0.6674456000328064,0.6201282143592834,-0.47473448514938354,0.7120481133460999,0.6822601556777954,0.7892721891403198,0.2773109972476959,0.38118502497673035,0.704908549785614,0.6056848764419556,-0.5144235491752625,0.6655601263046265,0.6733297109603882,0.7657879590988159,0.25121361017227173,0.40329456329345703,0.7095160484313965,0.5960973501205444,-0.4796258509159088,0.6745058298110962,0.6656720042228699,0.7675002217292786,0.28544145822525024,0.40023741126060486,0.6974412202835083,0.6037639379501343,-0.4597824215888977,0.6456506848335266,0.5735177993774414,1.078813076019287,0.08917440474033356,0.6350187063217163,0.48876267671585083,1.0873280763626099,-0.08875548839569092,0.7071073651313782,0.6602477431297302,0.9499087929725647,-0.036524489521980286,0.28888076543807983,0.5689375400543213,1.122973084449768,-0.32449236512184143,0.5279413461685181,0.6708724498748779,1.3226754665374756,-0.067477747797966,0.09646236151456833,0.610146164894104,1.5521732568740845,-0.426973432302475,0.19668520987033844,0.6589040756225586,1.3880664110183716,-0.08424738794565201,0.14408300817012787,0.5959289073944092,1.5974136590957642,-0.4355422854423523,0.22215157747268677,0.726486325263977,1.4196524620056152,-0.20268897712230682,0.1293189972639084,0.653684675693512,1.7890489101409912,-0.570553719997406,0.18136489391326904
0.5086858868598938,0.49644285440444946,0.16096961498260498,0.9997324347496033,0.5049859285354614,0.4582290053367615,0.208248108625412,0.9996626973152161,0.5136749148368835,0.46072515845298767,0.20810501277446747,0.9996739029884338,0.5229610800743103,0.46503856778144836,0.20797863602638245,0.99968022108078,0.4702460765838623,0.45254719257354736,0.17023684084415436,0.9997730851173401,0.45980626344680786,0.4539898633956909,0.17011019587516785,0.9997867345809937,0.4499867558479309,0.4548971951007843,0.16981302201747894,0.9998064637184143,0.52251136302948,0.4817805588245392,0.39419078826904297,0.9997230768203735,0.4271155297756195,0.4654061198234558,0.21897053718566895,0.9998763203620911,0.5260024666786194,0.5363771915435791,0.22611775994300842,0.9995335340499878,0.4901863634586334,0.5312132239341736,0.1743275672197342,0.999654233455658,0.550428032875061,0.6588910818099976,0.47184520959854126,0.9944893717765808,0.42494863271713257,0.6318005919456482,0.04938996583223343,0.9988558888435364,0.6168800592422485,0.7476881742477417,0.45486560463905334,0.22079209983348846,0.45765790343284607,0.6956301927566528,-0.3334944248199463,0.8464362621307373,0.6742874979972839,0.7394644618034363,0.33073681592941284,0.3330625295639038,0.6680657267570496,0.6199467182159424,-0.5038500428199768,0.7036120891571045,0.6930433511734009,0.7500436305999756,0.3178446888923645,0.3627506196498871,0.7060561776161194,0.6066038012504578,-0.5404952764511108,0.6540156006813049,0.6880152225494385,0.7315860390663147,0.30007314682006836,0.38351014256477356,0.7108393907546997,0.5984848737716675,-0.49288058280944824,0.6615386009216309,0.6804018616676331,0.7320778965950012,0.3184558153152466,0.38090765476226807,0.6992079615592957,0.6061021089553833,-0.4834689497947693,0.6328495740890503,0.5655798316001892,1.079264760017395,0.10326367616653442,0.6652889251708984,0.5074049830436707,1.081655740737915,-0.10336746275424957,0.7332308292388916,0.6560548543930054,0.8744354844093323,0.1476072520017624,0.27724388241767883,0.6007118821144104,0.8999939560890198,-0.26586511731147766,0.535662055015564,0.6819226741790771,1.1541837453842163,0.039847273379564285,0.09420255571603775,0.6455948948860168,1.2059179544448853,-0.3294104039669037,0.19709087908267975,0.6708234548568726,1.2096543312072754,0.017959080636501312,0.14189937710762024,0.6245086789131165,1.2528966665267944,-0.3268048167228699,0.2313280701637268,0.732621967792511,1.2119719982147217,-0.03250501677393913,0.12848277390003204,0.7129954099655151,1.2947293519973755,-0.3395254611968994,0.18763534724712372
0.5012185573577881,0.49468326568603516,0.1804773509502411,0.9997522234916687,0.504152238368988,0.4575635492801666,0.23471632599830627,0.9996899962425232,0.5128595232963562,0.45995327830314636,0.23454764485359192,0.999699056148529,0.5257096886634827,0.465120404958725,0.23441779613494873,0.9997060298919678,0.4728168547153473,0.4523142874240875,0.1993209570646286,0.9997895359992981,0.4613828659057617,0.4534383714199066,0.19919607043266296,0.9998011589050293,0.45058363676071167,0.45418208837509155,0.19885507225990295,0.9998205900192261,0.5203191637992859,0.48003265261650085,0.45191073417663574,0.9997434020042419,0.4301094114780426,0.4647270441055298,0.2913200557231903,0.9998840689659119,0.5173546075820923,0.5343798398971558,0.2562161087989807,0.9995645880699158,0.4834258556365967,0.5295239686965942,0.20851047337055206,0.9996745586395264,0.5555647611618042,0.6545054912567139,0.5192732214927673,0.9946481585502625,0.41652268171310425,0.6258664727210999,0.0990898460149765,0.9989132881164551,0.6384057998657227,0.7476938366889954,0.42360585927963257,0.21352311968803406,0.4553438127040863,0.6843137145042419,-0.3115522265434265,0.8529155850410461,0.693337082862854,0.7190649509429932,0.14833372831344604,0.3348933458328247,0.6697678565979004,0.6083635687828064,-0.4527178704738617,0.7190670371055603,0.7131882905960083,0.7516999840736389,0.10562938451766968,0.36485594511032104,0.7125052809715271,0.5990038514137268,-0.4936146140098572,0.6676590442657471,0.7004846930503845,0.7302666306495667,0.08548638224601746,0.38526469469070435,0.714889407157898,0.581138014793396,-0.4561869502067566,0.6742560863494873,0.6910188794136047,0.7304651737213135,0.13112398982048035,0.38425764441490173,0.7030031085014343,0.587080717086792,-0.4331583082675934,0.6455596089363098,0.5688125491142273,1.0656020641326904,0.11074433475732803,0.6931017637252808,0.4902486801147461,1.0710805654525757,-0.1107473149895668,0.7568254470825195,0.68413245677948,0.812612771987915,0.0708429366350174,0.2886631488800049,0.5721553564071655,0.8831634521484375,-0.30853694677352905,0.560863196849823,0.6951453685760498,1.1137038469314575,-0.06734965741634369,0.10044053196907043,0.633942723274231,1.1847478151321411,-0.3769611716270447,0.20212401449680328,0.6798180937767029,1.1765029430389404,-0.09110239893198013,0.15047809481620789,0.6183956265449524,1.2341090440750122,-0.37823981046676636,0.23812435567378998,0.7518574595451355,1.1677947044372559,-0.15851323306560516,0.13520658016204834,0.709053099155426,1.2619593143463135,-0.4018450379371643,0.1947668045759201
0.5269457697868347,0.5030173063278198,-0.005626827012747526,0.9997220635414124,0.5261451005935669,0.467385858297348,0.0338972806930542,0.9996556043624878,0.5349210500717163,0.470127671957016,0.03362608328461647,0.9996644258499146,0.5455985069274902,0.47503870725631714,0.03340226784348488,0.9996747970581055,0.493281751871109,0.461182177066803,0.010657919570803642,0.99976646900177,0.48466914892196655,0.46301060914993286,0.010707978159189224,0.999769389629364,0.46542733907699585,0.4601609408855438,0.010384295135736465,0.9997866153717041,0.5467860698699951,0.48771288990974426,0.22747178375720978,0.9997130036354065,0.44323697686195374,0.4723232686519623,0.11952275037765503,0.9998480677604675,0.5541418790817261,0.5465793013572693,0.07189758121967316,0.9993150234222412,0.5175358653068542,0.5415995121002197,0.038957737386226654,0.9994646310806274,0.5909582376480103,0.6519185900688171,0.2477819174528122,0.9936091303825378,0.4427207112312317,0.6314968466758728,0.08510080724954605,0.9979480504989624,0.655388593673706,0.7480944395065308,0.11057309806346893,0.21013876795768738,0.48396509885787964,0.6906241178512573,-0.3074149787425995,0.8297926783561707,0.6843129396438599,0.7194861769676208,-0.02490169182419777,0.3223670721054077,0.6777094602584839,0.6202886700630188,-0.4842255711555481,0.7022191286087036,0.6999903321266174,0.751270055770874,-0.0622669979929924,0.35352978110313416,0.7139953374862671,0.6077920794487,-0.5260409712791443,0.6494004726409912,0.6903760433197021,0.7284355163574219,-0.05506978556513786,0.37569761276245117,0.7142819166183472,0.5935444235801697,-0.4833733141422272,0.6564139723777771,0.6831111907958984,0.729408323764801,-0.028587866574525833,0.37410882115364075,0.7122887969017029,0.6018764972686768,-0.46879085898399353,0.6272687315940857,0.6125859022140503,1.0681936740875244,0.01761205866932869,0.6498128175735474,0.5312608480453491,1.0703999996185303,-0.01666961796581745,0.71555095911026,0.6667925715446472,1.2989981174468994,-0.017081836238503456,0.27298280596733093,0.586905837059021,1.3028151988983154,-0.02214113436639309,0.513518750667572,0.6920291185379028,1.6225374937057495,0.11761071532964706,0.0911780595779419,0.6259103417396545,1.669447422027588,0.00728036230430007,0.1831076592206955,0.6963748335838318,1.6750907897949219,0.12505193054676056,0.13691358268260956,0.623754620552063,1.7322837114334106,0.006020077504217625,0.21580976247787476,0.723458468914032,1.70650053024292,-0.025196492671966553,0.12253482639789581,0.642691969871521,1.748582363128662,-0.17205044627189636,0.17632651329040527
0.5181910395622253,0.5023890137672424,-0.030048305168747902,0.9997203946113586,0.5221670866012573,0.4689321517944336,0.013295793905854225,0.999659538269043,0.5303649306297302,0.47123226523399353,0.013041341677308083,0.9996668696403503,0.5393051505088806,0.475251168012619,0.012861545197665691,0.9996789693832397,0.4930078983306885,0.46377232670783997,-0.024407746270298958,0.9997659921646118,0.48311835527420044,0.46459102630615234,-0.024388480931520462,0.9997662305831909,0.47038406133651733,0.46295681595802307,-0.024730268865823746,0.999783456325531,0.5389750599861145,0.4861852824687958,0.22257991135120392,0.9997105598449707,0.45062151551246643,0.472533255815506,0.04795820266008377,0.9998384714126587,0.538813054561615,0.5436542630195618,0.05018654465675354,0.9993029832839966,0.5044012665748596,0.5389291048049927,-0.0008163988823071122,0.9994499087333679,0.5783318877220154,0.6484953761100769,0.3330010771751404,0.9936197400093079,0.4346056580543518,0.6177880167961121,-0.07709997892379761,0.9979495406150818,0.6400052309036255,0.75099778175354,0.2087070494890213,0.20323938131332397,0.47449779510498047,0.6945765614509583,-0.40284842252731323,0.8333359956741333,0.6835472583770752,0.7227973937988281,0.10658165067434311,0.32508179545402527,0.6789945960044861,0.6249356865882874,-0.5273267030715942,0.7172632217407227,0.7042796611785889,0.7452491521835327,0.05774158984422684,0.36000150442123413,0.7178529500961304,0.6147478818893433,-0.5707037448883057,0.6659709215164185,0.6950958371162415,0.7246612906455994,-0.016638586297631264,0.3846498727798462,0.7181811928749084,0.5967467427253723,-0.5343708395957947,0.673369824886322,0.6867048740386963,0.726243257522583,0.0740685984492302,0.38154006004333496,0.7112974524497986,0.6094255447387695,-0.5123412013053894,0.643839955329895,0.5917805433273315,1.0506511926651,0.11877163499593735,0.6344181299209595,0.5251085162162781,1.051352620124817,-0.11765716224908829,0.7043772339820862,0.6656175255775452,1.2305700778961182,0.0699477344751358,0.2656402289867401,0.5433880090713501,1.2717643976211548,-0.09034562110900879,0.49924036860466003,0.683661937713623,1.5590745210647583,0.18615971505641937,0.0858066976070404,0.5793876647949219,1.6605093479156494,-0.1472935527563095,0.17346547544002533,0.6853917837142944,1.6125036478042603,0.18778657913208008,0.12878863513469696,0.5631669759750366,1.7248913049697876,-0.14993718266487122,0.20000919699668884,0.7252210974693298,1.6498807668685913,0.051591068506240845,0.11713734269142151,0.6382309794425964,1.7497740983963013,-0.30844712257385254,0.16623416543006897
0.5153629183769226,0.5014004111289978,-0.018696675077080727,0.9997159838676453,0.5222963094711304,0.4692625105381012,0.025113478302955627,0.9996600151062012,0.5300253033638,0.47142651677131653,0.024853669106960297,0.9996657371520996,0.5380938053131104,0.4751468896865845,0.024699483066797256,0.9996790289878845,0.4949125349521637,0.4646103084087372,-0.014959700405597687,0.9997629523277283,0.48439010977745056,0.4650430381298065,-0.014978053979575634,0.9997609853744507,0.4730454087257385,0.4640714228153229,-0.015348945744335651,0.999778687953949,0.5373921990394592,0.485408753156662,0.2338068187236786,0.999704897403717,0.45228180289268494,0.47236916422843933,0.04929738491773605,0.9998292326927185,0.5320075750350952,0.5421047806739807,0.061019785702228546,0.9992920160293579,0.49902185797691345,0.5372968316078186,0.007215746678411961,0.9994363784790039,0.5709482431411743,0.6478174328804016,0.35799962282180786,0.9935814142227173,0.43261855840682983,0.6098451614379883,-0.09420366585254669,0.9979764223098755,0.6326209306716919,0.7598729729652405,0.22716256976127625,0.19438111782073975,0.4720379412174225,0.6963374614715576,-0.41382473707199097,0.836601197719574,0.6886180639266968,0.7352657318115234,0.11833711713552475,0.3210916817188263,0.6783949136734009,0.6275758147239685,-0.5378371477127075,0.7331487536430359,0.7117143869400024,0.7477437853813171,0.07486853003501892,0.3604443073272705,0.7167214751243591,0.6148923635482788,-0.582715630531311,0.683811366558075,0.7022561430931091,0.7236952185630798,0.03740536421537399,0.3877532184123993,0.7167732119560242,0.5946664214134216,-0.5490071773529053,0.691487193107605,0.6935636401176453,0.7257677316665649,0.09381023794412613,0.3834333121776581,0.7066182494163513,0.6103461980819702,-0.5233248472213745,0.6615927815437317,0.5817242860794067,1.0495991706848145,0.14248459041118622,0.6199426054954529,0.5124610662460327,1.0480916500091553,-0.14147451519966125,0.6968427896499634,0.6645152568817139,1.2247034311294556,0.12006016820669174,0.25541630387306213,0.5358577370643616,1.258292317390442,-0.12115541845560074,0.4830229580402374,0.6790752410888672,1.547122836112976,0.23479311168193817,0.08044800162315369,0.5722469687461853,1.6516939401626587,-0.14596739411354065,0.16390183568000793,0.6763544082641602,1.6016823053359985,0.2364366352558136,0.12147555500268936,0.5539525747299194,1.7187665700912476,-0.145245760679245,0.18558113276958466,0.7303692698478699,1.6338602304458618,0.1077330932021141,0.11084312200546265,0.6392113566398621,1.7379969358444214,-0.320626825094223,0.15686653554439545
0.5201097130775452,0.5021793842315674,-0.035604365170001984,0.9997056126594543,0.5270808935165405,0.4708908200263977,0.007112716790288687,0.9996548891067505,0.5348412394523621,0.4729129374027252,0.006861442234367132,0.9996579885482788,0.5430873036384583,0.47630444169044495,0.006717579904943705,0.9996733069419861,0.49816298484802246,0.46653681993484497,-0.03147098049521446,0.9997556209564209,0.48569607734680176,0.4659964442253113,-0.03148684650659561,0.9997508525848389,0.4735058844089508,0.46519356966018677,-0.03184852749109268,0.99977046251297,0.5421367883682251,0.4850619435310364,0.2210647314786911,0.9996946454048157,0.4529709219932556,0.47275203466415405,0.04510640352964401,0.9998176097869873,0.5412980914115906,0.5419008731842041,0.04719327390193939,0.9992634654045105,0.5045295357704163,0.5369710326194763,-0.004221661947667599,0.9994109869003296,0.573676347732544,0.6463019251823425,0.3546137809753418,0.9933646321296692,0.438382089138031,0.6103887557983398,-0.09353755414485931,0.9979630708694458,0.640550434589386,0.7608732581138611,0.2734315097332001,0.18381956219673157,0.4786064028739929,0.6970981955528259,-0.4192221760749817,0.840653657913208,0.6874587535858154,0.7498504519462585,0.07076790183782578,0.3087178170681,0.680766224861145,0.6309563517570496,-0.5437474250793457,0.745470404624939,0.7075868844985962,0.7645174860954285,0.02392233908176422,0.3518412709236145,0.7179359197616577,0.6168979406356812,-0.5896486639976501,0.6967024207115173,0.6973320841789246,0.7381963133811951,-0.0021171271800994873,0.38089996576309204,0.7210606336593628,0.6003049612045288,-0.5537145733833313,0.7047622203826904,0.6897342205047607,0.7380549907684326,0.048799484968185425,0.37569040060043335,0.7108629941940308,0.6132906675338745,-0.5280529260635376,0.674345850944519,0.5919467806816101,1.0489540100097656,0.14228036999702454,0.6046217679977417,0.5084255933761597,1.0482184886932373,-0.14126089215278625,0.6878571510314941,0.6602771282196045,1.2260125875473022,0.09788043797016144,0.24616017937660217,0.5387283563613892,1.2830618619918823,-0.146921768784523,0.4643680155277252,0.680246889591217,1.553964376449585,0.207624152302742,0.07518316060304642,0.5737202763557434,1.6672966480255127,-0.14624081552028656,0.15389564633369446,0.6733589172363281,1.6067532300949097,0.20945167541503906,0.11429596692323685,0.5558719038963318,1.7324901819229126,-0.14746388792991638,0.17196078598499298,0.7315572500228882,1.6487163305282593,0.07627138495445251,0.10391802340745926,0.6399009227752686,1.7532272338867188,-0.3310253918170929,0.14696697890758514
0.5187658667564392,0.5025416016578674,-0.03588294982910156,0.9997053146362305,0.5259416103363037,0.471585750579834,0.005034574307501316,0.9996576309204102,0.5360015630722046,0.4746578335762024,0.004780949093401432,0.9996589422225952,0.5441762804985046,0.47805893421173096,0.004616930149495602,0.9996757507324219,0.49978727102279663,0.4679321050643921,-0.035435669124126434,0.9997556209564209,0.48716312646865845,0.4668533205986023,-0.035427890717983246,0.9997479319572449,0.47499117255210876,0.466104656457901,-0.03573497757315636,0.9997681379318237,0.5398920178413391,0.48510509729385376,0.20643682777881622,0.9996939897537231,0.45357125997543335,0.4728575348854065,0.020651938393712044,0.9998091459274292,0.5405293107032776,0.5418729186058044,0.04198988154530525,0.9992489218711853,0.5043200254440308,0.536626935005188,-0.011965746991336346,0.9993963241577148,0.5718330144882202,0.6453908681869507,0.345559686422348,0.993070662021637,0.4367293417453766,0.6102846264839172,-0.11679837852716446,0.9978907108306885,0.6341649889945984,0.7572337985038757,0.3174615800380707,0.17317549884319305,0.4813297390937805,0.6979331374168396,-0.4179331362247467,0.8398230671882629,0.684167742729187,0.7454542517662048,0.17619973421096802,0.295011043548584,0.6817536950111389,0.6318855881690979,-0.5332146286964417,0.7508631944656372,0.7039963006973267,0.7581223845481873,0.14101102948188782,0.34116241335868835,0.7198628187179565,0.6176981329917908,-0.5775999426841736,0.7041800618171692,0.6942622661590576,0.7328321933746338,0.10432698577642441,0.3712656497955322,0.7207810878753662,0.6003886461257935,-0.5411335229873657,0.712824821472168,0.6866655349731445,0.7337568998336792,0.15131010115146637,0.36565518379211426,0.7116302251815796,0.6148480176925659,-0.5178691148757935,0.6817411780357361,0.5856622457504272,1.0489757061004639,0.14877064526081085,0.5849119424819946,0.5019141435623169,1.0483381748199463,-0.14772146940231323,0.6712465286254883,0.6552932858467102,1.225594162940979,0.0993122011423111,0.23781397938728333,0.537208616733551,1.286059021949768,-0.15430480241775513,0.448842853307724,0.6799231767654419,1.5488067865371704,0.204244926571846,0.07050743699073792,0.5679861307144165,1.6697739362716675,-0.16172391176223755,0.14495034515857697,0.6702799201011658,1.6020399332046509,0.2048679143190384,0.10762253403663635,0.5480302572250366,1.7352910041809082,-0.16385643184185028,0.15961682796478271,0.7290339469909668,1.6366766691207886,0.0827522948384285,0.09861145168542862,0.6390965580940247,1.7531397342681885,-0.339306503534317,0.13840830326080322
0.5223285555839539,0.5043385028839111,-0.01315703522413969,0.9996818900108337,0.528544008731842,0.47425520420074463,0.030809825286269188,0.9996371269226074,0.5368508100509644,0.47673317790031433,0.03054889477789402,0.9996329545974731,0.5447527170181274,0.4799027442932129,0.03036748804152012,0.999652624130249,0.5008631944656372,0.4700060486793518,-0.005526498891413212,0.9997403025627136,0.49009618163108826,0.46955356001853943,-0.005540401209145784,0.9997280240058899,0.47777456045150757,0.46841731667518616,-0.005864675156772137,0.9997527599334717,0.5379600524902344,0.48570016026496887,0.23660755157470703,0.9996747374534607,0.455955445766449,0.4747787117958069,0.04657167196273804,0.9997965693473816,0.5460219383239746,0.5450674891471863,0.0656568706035614,0.9991666078567505,0.5067673921585083,0.5372961163520813,0.015664661303162575,0.9993343353271484,0.5664911866188049,0.6467418670654297,0.3677627146244049,0.9922829866409302,0.43972474336624146,0.6137250065803528,-0.10266506671905518,0.9978787899017334,0.6323379278182983,0.7574077844619751,0.3659859299659729,0.164202481508255,0.48140305280685425,0.7072476148605347,-0.41737014055252075,0.8398421406745911,0.6825882196426392,0.7286717891693115,0.21642473340034485,0.2810029685497284,0.6808719635009766,0.6322447061538696,-0.536730945110321,0.7468596696853638,0.7020028233528137,0.7315405011177063,0.1895310878753662,0.3269420564174652,0.7178462147712708,0.6192724108695984,-0.5761556625366211,0.699367105960846,0.6939253211021423,0.7065920233726501,0.16868436336517334,0.3566484749317169,0.7183124423027039,0.6024646162986755,-0.5390828847885132,0.7080082297325134,0.6868871450424194,0.7098292708396912,0.19820788502693176,0.35117706656455994,0.7030993700027466,0.6159833669662476,-0.5207597017288208,0.6759544014930725,0.5836322903633118,1.0517209768295288,0.15236160159111023,0.5853754281997681,0.5102769136428833,1.051806092262268,-0.15145547688007355,0.6811850070953369,0.6523743867874146,1.1906474828720093,0.1307947039604187,0.22974295914173126,0.5562769174575806,1.2508502006530762,-0.16754665970802307,0.438474178314209,0.6814805269241333,1.5152270793914795,0.24311164021492004,0.06741760671138763,0.5866802334785461,1.6297094821929932,-0.15058709681034088,0.14178690314292908,0.6714950799942017,1.5699882507324219,0.24426117539405823,0.10592210292816162,0.5694647431373596,1.6935527324676514,-0.1477963626384735,0.1556807905435562,0.7373009920120239,1.6034321784973145,0.1356886476278305,0.09440538287162781,0.6463795900344849,1.7192548513412476,-0.3027186989784241,0.1356297880411148
0.5304139256477356,0.5108022093772888,0.060909204185009,0.9996324777603149,0.5291039347648621,0.4775944948196411,0.10538796335458755,0.9995949268341064,0.5363101363182068,0.4796142280101776,0.10513222217559814,0.9995879530906677,0.5477847456932068,0.48411276936531067,0.10494985431432724,0.999610960483551,0.507003903388977,0.4753144085407257,0.06164493039250374,0.9997079968452454,0.491924524307251,0.473293662071228,0.061634164303541183,0.9996888041496277,0.48279982805252075,0.4739922881126404,0.061192452907562256,0.9997184872627258,0.5380308032035828,0.4919523596763611,0.29861706495285034,0.9996339678764343,0.4586578905582428,0.47922900319099426,0.08538593351840973,0.999769926071167,0.5500041842460632,0.5491752624511719,0.1351775825023651,0.9989901185035706,0.5252485871315002,0.5443440079689026,0.07557863742113113,0.9991922378540039,0.5643392205238342,0.651619553565979,0.39282137155532837,0.9914053082466125,0.44703084230422974,0.6179505586624146,-0.05546418949961662,0.9977562427520752,0.6320492029190063,0.768422544002533,0.35867518186569214,0.1565232276916504,0.4822646677494049,0.718586266040802,-0.3743561804294586,0.8318544626235962,0.6753416657447815,0.7125453352928162,0.19436226785182953,0.2685033977031708,0.6796904802322388,0.6408020257949829,-0.508629560470581,0.7362745404243469,0.694440484046936,0.7271794676780701,0.1634499877691269,0.31398168206214905,0.7156206965446472,0.6257128119468689,-0.5366426706314087,0.6867710947990417,0.6912052035331726,0.700673520565033,0.14284265041351318,0.34349727630615234,0.7164634466171265,0.6143760681152344,-0.5005651712417603,0.6951394081115723,0.6855493783950806,0.7052908539772034,0.17512188851833344,0.3374563157558441,0.7002125382423401,0.6317360997200012,-0.4919639229774475,0.6626362204551697,0.5847465395927429,1.056214690208435,0.13858391344547272,0.5731583833694458,0.5165358185768127,1.0517324209213257,-0.13776510953903198,0.676811158657074,0.6483705043792725,1.2261813879013062,0.1131829246878624,0.22488020360469818,0.5600790977478027,1.2846603393554688,-0.13308240473270416,0.4185338616371155,0.6797225475311279,1.5522366762161255,0.21630576252937317,0.06343140453100204,0.5894797444343567,1.652701735496521,-0.11464928090572357,0.13324131071567535,0.6707051992416382,1.6078319549560547,0.2176545411348343,0.10164612531661987,0.5768142938613892,1.7168307304382324,-0.11340905725955963,0.14675888419151306,0.7285479307174683,1.6396621465682983,0.09590321779251099,0.08792167901992798,0.6360205411911011,1.7348575592041016,-0.2830463945865631,0.12656950950622559
0.527848482131958,0.5102035403251648,0.0750822126865387,0.9995875954627991,0.5283147692680359,0.4784262478351593,0.1214933842420578,0.9995598196983337,0.5354129076004028,0.480394184589386,0.12126924842596054,0.9995494484901428,0.5454208850860596,0.4843045473098755,0.12109287828207016,0.9995774030685425,0.5033484101295471,0.47461044788360596,0.07648202776908875,0.9996817111968994,0.49044281244277954,0.4732295274734497,0.07646401226520538,0.9996578097343445,0.4812917709350586,0.47395604848861694,0.07604630291461945,0.9996933937072754,0.5372355580329895,0.4914817810058594,0.32138484716415405,0.9996055364608765,0.45764970779418945,0.47994253039360046,0.10915694385766983,0.9997521042823792,0.5474739670753479,0.5484680533409119,0.15098004043102264,0.9988272190093994,0.518531084060669,0.5433835983276367,0.09051378071308136,0.9990590810775757,0.5623906850814819,0.6510866284370422,0.42261022329330444,0.9905339479446411,0.4438173770904541,0.6179217100143433,-0.04647530987858772,0.9977025985717773,0.6299813985824585,0.7665843963623047,0.36094772815704346,0.14855711162090302,0.4793230891227722,0.7234140038490295,-0.37481164932250977,0.8292815685272217,0.6787319183349609,0.7044646143913269,0.19391922652721405,0.25470730662345886,0.6786836981773376,0.6466452479362488,-0.5171636343002319,0.7273418307304382,0.694951057434082,0.7249022126197815,0.15477177500724792,0.29927682876586914,0.7141678333282471,0.6307328343391418,-0.5509383678436279,0.6768205761909485,0.6910765767097473,0.6988599896430969,0.1356811374425888,0.3279431164264679,0.715203046798706,0.6165022253990173,-0.517238974571228,0.6849766373634338,0.6849102973937988,0.7028443813323975,0.17250648140907288,0.3223477900028229,0.698662281036377,0.6337333917617798,-0.5019503831863403,0.651412308216095,0.5828919410705566,1.0547995567321777,0.13652196526527405,0.5801361203193665,0.5116273164749146,1.0482128858566284,-0.13570818305015564,0.6889866590499878,0.6479710340499878,1.2095363140106201,0.07310591638088226,0.22843582928180695,0.5632354021072388,1.2615761756896973,-0.13509967923164368,0.4176689088344574,0.6794570684432983,1.52899968624115,0.19706693291664124,0.06289614737033844,0.5952295064926147,1.6291142702102661,-0.1423616111278534,0.13204722106456757,0.6705746054649353,1.584085464477539,0.1930423378944397,0.103514164686203,0.585311770439148,1.6920498609542847,-0.1426248550415039,0.1449165940284729,0.7281895875930786,1.6156154870986938,0.08315910398960114,0.085524782538414,0.6361676454544067,1.7156755924224854,-0.30502814054489136,0.12394385784864426
0.5267542600631714,0.5129680633544922,-0.0031949044205248356,0.9995550513267517,0.526822030544281,0.4794219136238098,0.03705274686217308,0.9995273947715759,0.5341247916221619,0.48151057958602905,0.03684066981077194,0.9995129108428955,0.5445234179496765,0.48525574803352356,0.03667193278670311,0.999541699886322,0.5020953416824341,0.4755365550518036,-0.005552805960178375,0.9996636509895325,0.4891185760498047,0.4729263484477997,-0.005586090497672558,0.9996344447135925,0.47899284958839417,0.4734838306903839,-0.0059369029477238655,0.9996693730354309,0.5363616943359375,0.4956420063972473,0.22921714186668396,0.9995647072792053,0.45667195320129395,0.47950124740600586,0.030322331935167313,0.9997301697731018,0.5452712178230286,0.550139307975769,0.07265647500753403,0.9986470937728882,0.5183203816413879,0.5432236194610596,0.014433003962039948,0.9989279508590698,0.5396448969841003,0.6769535541534424,0.33512693643569946,0.9886828660964966,0.4426991939544678,0.6252245306968689,-0.07892663776874542,0.9972790479660034,0.6006726026535034,0.7663711905479431,0.3340826630592346,0.13983239233493805,0.48135143518447876,0.7245076894760132,-0.3865151107311249,0.8118087649345398,0.6714304685592651,0.6877025961875916,0.22734086215496063,0.24041251838207245,0.677274763584137,0.656596302986145,-0.5353776216506958,0.7085663676261902,0.6913783550262451,0.7095916271209717,0.20692256093025208,0.2849918007850647,0.7131286859512329,0.6373134851455688,-0.5701060891151428,0.659924328327179,0.690887451171875,0.6848394870758057,0.1907387673854828,0.31368187069892883,0.7142688035964966,0.6286083459854126,-0.5299531817436218,0.6685885787010193,0.6845308542251587,0.690573513507843,0.21202941238880157,0.30798426270484924,0.6975204348564148,0.643292248249054,-0.5189118981361389,0.6352757215499878,0.5842517614364624,1.0601927042007446,0.11219135671854019,0.5469571948051453,0.5137161016464233,1.0547071695327759,-0.11120470613241196,0.6591283679008484,0.6202569007873535,1.2840989828109741,0.06814470142126083,0.21564875543117523,0.5581509470939636,1.3305854797363281,-0.1052151769399643,0.3863474130630493,0.6634765863418579,1.601244568824768,0.20465819537639618,0.057723455131053925,0.5831077694892883,1.6863536834716797,-0.08364880830049515,0.12132330238819122,0.6625906229019165,1.6514620780944824,0.20721261203289032,0.0955703854560852,0.5763465762138367,1.7463985681533813,-0.08467359095811844,0.1335747092962265,0.6908166408538818,1.6942092180252075,0.07463575899600983,0.07861854881048203,0.6059120297431946,1.7677390575408936,-0.27109915018081665,0.11425472050905228
0.5261023044586182,0.5141872763633728,-0.0935535579919815,0.9994006752967834,0.5265675783157349,0.4792598783969879,-0.05432750657200813,0.9993749260902405,0.5338033437728882,0.48117977380752563,-0.05465249344706535,0.9993556141853333,0.5437687039375305,0.4855193495750427,-0.054881174117326736,0.999393105506897,0.5007871985435486,0.47627705335617065,-0.09639374911785126,0.9995457530021667,0.48753637075424194,0.47298097610473633,-0.09639925509691238,0.9995076060295105,0.4785911440849304,0.4735628664493561,-0.09674553573131561,0.9995436668395996,0.5355392694473267,0.4963741600513458,0.15875032544136047,0.9993960857391357,0.45642924308776855,0.47955408692359924,-0.031993139535188675,0.9996180534362793,0.5442387461662292,0.5510786175727844,-0.007070198655128479,0.9982489943504333,0.515611469745636,0.5442604422569275,-0.06318948417901993,0.9986257553100586,0.5694500803947449,0.674735426902771,0.28293925523757935,0.9867850542068481,0.4419526159763336,0.6315786242485046,-0.12592388689517975,0.9959659576416016,0.595697820186615,0.7902701497077942,0.28847622871398926,0.13215191662311554,0.48107582330703735,0.7243378758430481,-0.45404404401779175,0.8105278015136719,0.6587084531784058,0.7966844439506531,0.22171266376972198,0.2296641767024994,0.6768881678581238,0.6564168334007263,-0.6094053983688354,0.7174266576766968,0.6720582842826843,0.8187037706375122,0.19387170672416687,0.27461597323417664,0.7127074003219604,0.6408627033233643,-0.6595730185508728,0.6676035523414612,0.6701300144195557,0.7877348065376282,0.1655096858739853,0.3039061427116394,0.7128992080688477,0.6281836032867432,-0.614992082118988,0.6765198707580566,0.6655377149581909,0.7850085496902466,0.19632989168167114,0.29843440651893616,0.6964312195777893,0.6424738764762878,-0.5922687649726868,0.6438173651695251,0.6112574338912964,1.073919653892517,0.09998603165149689,0.5075028538703918,0.5185092687606812,1.0738478899002075,-0.09877660125494003,0.6148721575737,0.6307829022407532,1.3770533800125122,0.07655800879001617,0.20092153549194336,0.557819128036499,1.3826003074645996,-0.08083502948284149,0.35597074031829834,0.66484135389328,1.6901650428771973,0.28659313917160034,0.052418678998947144,0.5821883082389832,1.742510437965393,0.003470962168648839,0.11073951423168182,0.664494514465332,1.7324680089950562,0.2947319746017456,0.08661112189292908,0.5758923292160034,1.8012373447418213,0.004477676935493946,0.1215602234005928,0.6931225657463074,1.7914351224899292,0.10600308328866959,0.07171663641929626,0.612219512462616,1.8242295980453491,-0.23059213161468506,0.10464096069335938
0.5290824174880981,0.5145372748374939,-0.05672498419880867,0.9992714524269104,0.5233453512191772,0.47799474000930786,-0.015135996043682098,0.9992494583129883,0.5286191701889038,0.478974312543869,-0.015465149655938148,0.9992429614067078,0.543633759021759,0.48427537083625793,-0.015693046152591705,0.999288022518158,0.50003981590271,0.4758460819721222,-0.05438202619552612,0.9994558691978455,0.48534393310546875,0.4727845788002014,-0.05440661311149597,0.9994209408760071,0.4780851900577545,0.4732910692691803,-0.054796360433101654,0.9994546175003052,0.5271545648574829,0.4930492043495178,0.19410154223442078,0.9993007779121399,0.4546857476234436,0.4793556332588196,0.013485772535204887,0.9995414614677429,0.5467371344566345,0.5514079928398132,0.0271180160343647,0.9976949095726013,0.513511598110199,0.544949471950531,-0.02571902610361576,0.9981388449668884,0.5898752212524414,0.6641634106636047,0.29374057054519653,0.9847742319107056,0.44664040207862854,0.6403760313987732,-0.11976836621761322,0.9944351315498352,0.6184848546981812,0.7877935171127319,0.2810804843902588,0.1258877068758011,0.48218899965286255,0.7279954552650452,-0.42777806520462036,0.8020941019058228,0.6517483592033386,0.78773033618927,0.20623290538787842,0.2161712944507599,0.6736762523651123,0.6605443954467773,-0.583562970161438,0.7166357636451721,0.6602145433425903,0.809067964553833,0.18018989264965057,0.2603720724582672,0.7120262384414673,0.6569070219993591,-0.6294394731521606,0.6662001013755798,0.6561264991760254,0.7805904746055603,0.16250643134117126,0.2893901467323303,0.7124170064926147,0.6390232443809509,-0.5886193513870239,0.6757214665412903,0.6528825163841248,0.7780530452728271,0.18887653946876526,0.2844662070274353,0.6958629488945007,0.6525549292564392,-0.5682523846626282,0.6432082653045654,0.6235870122909546,1.0728703737258911,0.07282193750143051,0.4727924168109894,0.5246983766555786,1.0724464654922485,-0.07157019525766373,0.5738399624824524,0.6502848863601685,1.3654303550720215,0.025851551443338394,0.18873339891433716,0.5662816762924194,1.3814647197723389,-0.053407710045576096,0.32615891098976135,0.688795804977417,1.6783297061920166,0.2576003670692444,0.04767001047730446,0.6008378863334656,1.7286601066589355,-0.0034969798289239407,0.10074015706777573,0.6935374140739441,1.7237262725830078,0.28275397419929504,0.07869318872690201,0.597307562828064,1.7870657444000244,-0.005117895547300577,0.1104736179113388,0.695445716381073,1.7714121341705322,0.023998815566301346,0.06544169783592224,0.619880735874176,1.8062214851379395,-0.22128911316394806,0.09561979025602341
0.514150857925415,0.5106014609336853,-0.08074642717838287,0.9992722272872925,0.5108879804611206,0.47341105341911316,-0.042077869176864624,0.9992543458938599,0.5167971849441528,0.473856121301651,-0.04231180250644684,0.9992456436157227,0.5256690382957458,0.4763241410255432,-0.042481500655412674,0.9992930293083191,0.4847460389137268,0.4719851613044739,-0.08604582399129868,0.9994586706161499,0.4741249084472656,0.47073715925216675,-0.08604075759649277,0.9994238018989563,0.46532607078552246,0.47135889530181885,-0.0863538607954979,0.9994550347328186,0.5205321311950684,0.48793265223503113,0.16857939958572388,0.9993115067481995,0.4471402168273926,0.47924092411994934,-0.02955332025885582,0.9995437264442444,0.5310074090957642,0.5494903326034546,0.004441528581082821,0.9977200627326965,0.49952298402786255,0.5445932149887085,-0.053466420620679855,0.9981304407119751,0.5802230834960938,0.655668318271637,0.31350693106651306,0.9837652444839478,0.4463927149772644,0.639397919178009,-0.16484974324703217,0.9942970871925354,0.6032020449638367,0.7601010799407959,0.3326592743396759,0.11890985071659088,0.4808174967765808,0.6983615159988403,-0.49632152915000916,0.811823844909668,0.6510012149810791,0.7613649368286133,0.2738087475299835,0.2038891315460205,0.6732252836227417,0.6491796374320984,-0.5965546369552612,0.7266233563423157,0.6642501950263977,0.7064003348350525,0.2572348713874817,0.2475057989358902,0.711516261100769,0.642512321472168,-0.6390699148178101,0.676027238368988,0.6563531756401062,0.7554413676261902,0.23140355944633484,0.2763350307941437,0.7125052213668823,0.6342769265174866,-0.6011096835136414,0.6861388683319092,0.6520603895187378,0.7519065141677856,0.25494202971458435,0.27231305837631226,0.7032344937324524,0.635373055934906,-0.5809760689735413,0.6548439860343933,0.6170369386672974,1.0725810527801514,0.0924978107213974,0.4467950463294983,0.5187894701957703,1.0736637115478516,-0.0907854437828064,0.5504469275474548,0.6248480081558228,1.3247921466827393,-0.016602858901023865,0.18105633556842804,0.5523638129234314,1.3518346548080444,-0.13503903150558472,0.3140399754047394,0.6768618226051331,1.6469998359680176,0.12544982135295868,0.04390842095017433,0.5864046812057495,1.7183780670166016,-0.11870769411325455,0.09324207156896591,0.6806951761245728,1.6939811706542969,0.1282591074705124,0.0724128782749176,0.5768988132476807,1.7797175645828247,-0.12778005003929138,0.10241442918777466,0.6950090527534485,1.7401782274246216,-0.07257507741451263,0.06120022013783455,0.6188703775405884,1.7980107069015503,-0.35575467348098755,0.08954323083162308
0.5058871507644653,0.5075629949569702,-0.09229689836502075,0.9992338418960571,0.5029761791229248,0.47105515003204346,-0.05412588641047478,0.9992212057113647,0.5089057683944702,0.47118669748306274,-0.05438023805618286,0.9992112517356873,0.5153720378875732,0.47240933775901794,-0.05455956980586052,0.9992631077766418,0.47725653648376465,0.47056350111961365,-0.0955420434474945,0.9994386434555054,0.4675724506378174,0.47037139534950256,-0.09556259959936142,0.9994034767150879,0.45838889479637146,0.4712255895137787,-0.09593300521373749,0.9994321465492249,0.5142363905906677,0.48534318804740906,0.15173064172267914,0.9992890357971191,0.44271987676620483,0.47947296500205994,-0.03529501333832741,0.9995260238647461,0.5216658711433411,0.5476310849189758,-0.008662024512887001,0.9975920915603638,0.4932084083557129,0.544364869594574,-0.06372953951358795,0.9980309009552002,0.5769350528717041,0.6489444375038147,0.27910301089286804,0.9822458624839783,0.44558006525039673,0.6380321383476257,-0.15205536782741547,0.9936522841453552,0.597052276134491,0.735421895980835,0.2978605628013611,0.11472498625516891,0.4799075722694397,0.6936079859733582,-0.48781055212020874,0.8169398307800293,0.6491655707359314,0.7359854578971863,0.23956990242004395,0.1942552626132965,0.673122227191925,0.6433247923851013,-0.6006672382354736,0.7308329343795776,0.6659329533576965,0.6890903115272522,0.2174801528453827,0.23656775057315826,0.7111586928367615,0.6344479322433472,-0.6429669260978699,0.678047776222229,0.6540570855140686,0.7248132228851318,0.1957874298095703,0.2650769054889679,0.7122654914855957,0.6293278932571411,-0.6049354076385498,0.6884499192237854,0.6499011516571045,0.7235543131828308,0.2223694622516632,0.26152321696281433,0.7042310237884521,0.6286413073539734,-0.585319459438324,0.6571967601776123,0.6105281710624695,1.0721684694290161,0.08545831590890884,0.420731782913208,0.5170490145683289,1.0725945234298706,-0.08403579145669937,0.5227245688438416,0.6252304911613464,1.3390988111495972,-0.017962323501706123,0.17129291594028473,0.5554296374320984,1.3515483140945435,-0.10533380508422852,0.29199331998825073,0.6799879670143127,1.6506847143173218,0.12162721157073975,0.04022474214434624,0.5901252031326294,1.7117928266525269,-0.08674769848585129,0.08586464077234268,0.6850917935371399,1.696792483329773,0.12258206307888031,0.0663967952132225,0.5835954546928406,1.7737767696380615,-0.09478393942117691,0.09452002495527267,0.696631908416748,1.7381361722946167,-0.06842261552810669,0.05662335827946663,0.6195849180221558,1.7864266633987427,-0.3339426517486572,0.08334138244390488
0.5112886428833008,0.5075839757919312,-0.1353687047958374,0.9992662072181702,0.5028912425041199,0.470072478055954,-0.10083208978176117,0.9992504119873047,0.5085117816925049,0.46983394026756287,-0.10111083835363388,0.9992427825927734,0.5144333243370056,0.4702896773815155,-0.10132934898138046,0.9992918372154236,0.47523730993270874,0.4696188271045685,-0.12573674321174622,0.9994593858718872,0.46646982431411743,0.4702712595462799,-0.12568950653076172,0.9994239211082458,0.45406174659729004,0.470640629529953,-0.12596113979816437,0.9994466304779053,0.5131335854530334,0.48287296295166016,0.09416605532169342,0.9993214011192322,0.4401775002479553,0.4795195162296295,-0.023355018347501755,0.9995366334915161,0.5359745621681213,0.548213005065918,-0.055801987648010254,0.9976397156715393,0.5053732991218567,0.5461665987968445,-0.09003430604934692,0.9980350136756897,0.5934295058250427,0.6393954157829285,0.14266088604927063,0.9821274280548096,0.45397233963012695,0.6418558359146118,-0.08662451803684235,0.992414653301239,0.6023198366165161,0.7382680773735046,0.056719280779361725,0.11336100101470947,0.4969366490840912,0.6993399858474731,-0.4219296872615814,0.8003431558609009,0.6390858888626099,0.7361194491386414,-0.04370740428566933,0.18590566515922546,0.6729942560195923,0.642656683921814,-0.5931638479232788,0.7256209254264832,0.6452916860580444,0.721569836139679,-0.07962055504322052,0.22913837432861328,0.7094504237174988,0.6328146457672119,-0.6412193179130554,0.6732625365257263,0.6365344524383545,0.7250357270240784,-0.08941315114498138,0.25876784324645996,0.7104603052139282,0.6288538575172424,-0.6070439219474792,0.6846882700920105,0.634524941444397,0.7239466905593872,-0.05451982095837593,0.2548200786113739,0.7033725380897522,0.6283770799636841,-0.5820857882499695,0.6529269814491272,0.6186379194259644,1.0646692514419556,0.0011151578510180116,0.3895101249217987,0.5216081142425537,1.0710443258285522,0.0002264947397634387,0.4843699634075165,0.6253501176834106,1.323297381401062,-0.10828997939825058,0.1673872023820877,0.555603563785553,1.3392951488494873,-0.045666664838790894,0.27175572514533997,0.6797312498092651,1.642761468887329,0.03938978165388107,0.03686986118555069,0.5964943170547485,1.7047374248504639,-0.023825203999876976,0.07819680124521255,0.6887136697769165,1.6899908781051636,0.04166606068611145,0.06070997193455696,0.6018686294555664,1.770546317100525,-0.029614191502332687,0.08599308878183365,0.6748060584068298,1.7343192100524902,-0.14166565239429474,0.05167210474610329,0.6001545190811157,1.7781562805175781,-0.23294608294963837,0.07593891024589539
0.5030664205551147,0.5028425455093384,-0.1573624163866043,0.999263346195221,0.49792104959487915,0.46768543124198914,-0.1197269931435585,0.999239444732666,0.5076383352279663,0.46868985891342163,-0.1199989914894104,0.9992300271987915,0.5135456323623657,0.4688023328781128,-0.1202324628829956,0.999284565448761,0.4736694395542145,0.46870526671409607,-0.1403343677520752,0.9994513988494873,0.46225279569625854,0.4690159261226654,-0.14026162028312683,0.9994117617607117,0.4520987868309021,0.46995463967323303,-0.14052638411521912,0.9994282126426697,0.5135794281959534,0.4813380837440491,0.0832449346780777,0.999318540096283,0.43830499053001404,0.47944530844688416,-0.015292033553123474,0.9995170831680298,0.5240464806556702,0.5430732369422913,-0.07556243985891342,0.9975754618644714,0.4951969087123871,0.5438089966773987,-0.10433356463909149,0.9979194402694702,0.5986073017120361,0.6325210332870483,0.11293139308691025,0.9820034503936768,0.4522746205329895,0.6408132910728455,-0.05614963918924332,0.9913473129272461,0.6349413990974426,0.7351711988449097,0.015341093763709068,0.11959148943424225,0.49722418189048767,0.7005962133407593,-0.3908524513244629,0.7928686738014221,0.6271759271621704,0.736064612865448,-0.07319439202547073,0.1805877387523651,0.6736019849777222,0.6378005743026733,-0.5683578252792358,0.7081599235534668,0.6247607469558716,0.7311493754386902,-0.10890595614910126,0.22223182022571564,0.7144728302955627,0.6355865597724915,-0.6172327995300293,0.6533793807029724,0.6172424554824829,0.7239634990692139,-0.1102944016456604,0.25201141834259033,0.7132941484451294,0.6287545561790466,-0.5855277180671692,0.6658737659454346,0.6174854636192322,0.7228901386260986,-0.07968731969594955,0.2478434294462204,0.7028993368148804,0.6309757232666016,-0.5613387823104858,0.6333736777305603,0.6227434277534485,1.0530502796173096,-0.03159984201192856,0.37293684482574463,0.5201029777526855,1.0622678995132446,0.032825253903865814,0.4647555649280548,0.626817524433136,1.3127772808074951,-0.1364283263683319,0.16540296375751495,0.5523607730865479,1.314742922782898,-0.002672774251550436,0.2541285753250122,0.6794036626815796,1.6308306455612183,0.027967920526862144,0.034345999360084534,0.5970470905303955,1.645546793937683,0.0408698245882988,0.07234592735767365,0.6896272897720337,1.671499252319336,0.032837074249982834,0.05642741173505783,0.6082719564437866,1.6979390382766724,0.03803300857543945,0.07955707609653473,0.665910005569458,1.7300752401351929,-0.15045210719108582,0.047752853482961655,0.5778552293777466,1.7355464696884155,-0.15434792637825012,0.07033075392246246
0.5088542699813843,0.5028579831123352,-0.1744339019060135,0.999259352684021,0.49818435311317444,0.4674822986125946,-0.138888418674469,0.99922114610672,0.5081431865692139,0.4683816134929657,-0.13917507231235504,0.9992162585258484,0.5235017538070679,0.46915289759635925,-0.1394319236278534,0.9992726445198059,0.4746669828891754,0.4676121771335602,-0.153147354722023,0.9994402527809143,0.4637349545955658,0.4687442481517792,-0.15307435393333435,0.9993971586227417,0.45249637961387634,0.4686146080493927,-0.15329518914222717,0.999401867389679,0.5704025030136108,0.48460498452186584,0.05999890714883804,0.9993147253990173,0.4383259415626526,0.47955024242401123,-0.009967615827918053,0.9994826316833496,0.5343061685562134,0.5433719158172607,-0.0945623368024826,0.9974741339683533,0.5074904561042786,0.5444783568382263,-0.11496782302856445,0.9977591633796692,0.6161352396011353,0.6302162408828735,0.05686844512820244,0.9819677472114563,0.46728020906448364,0.6345287561416626,-0.01211654394865036,0.9898620843887329,0.6446229815483093,0.7369454503059387,-0.04602902755141258,0.12437622249126434,0.5002031326293945,0.7019141316413879,-0.3369995951652527,0.770830512046814,0.6268328428268433,0.7698546648025513,-0.11064454168081284,0.17194242775440216,0.6737043261528015,0.6353005766868591,-0.5287262201309204,0.6811085939407349,0.626520574092865,0.7921684980392456,-0.14747761189937592,0.212148517370224,0.7128434181213379,0.6279698014259338,-0.5729221105575562,0.6257566809654236,0.6193434596061707,0.7667171955108643,-0.15178334712982178,0.2417239546775818,0.7140270471572876,0.628961980342865,-0.5453696250915527,0.6390901803970337,0.6191050410270691,0.7617060542106628,-0.11731841415166855,0.23802831768989563,0.7027179598808289,0.633601725101471,-0.5234904885292053,0.6075587868690491,0.6405236721038818,1.0490620136260986,-0.06094057112932205,0.3538402318954468,0.5337385535240173,1.0600974559783936,0.062070079147815704,0.44100475311279297,0.6389789581298828,1.3123646974563599,-0.16408811509609222,0.168376162648201,0.5640918612480164,1.304044246673584,0.03323622792959213,0.23853908479213715,0.6856709122657776,1.628604531288147,0.0015255204634740949,0.03238627687096596,0.6109346151351929,1.6290452480316162,0.07195940613746643,0.06701315939426422,0.701987624168396,1.669929027557373,0.006026227027177811,0.05276239663362503,0.6268601417541504,1.6815083026885986,0.06822824478149414,0.07360094785690308,0.6652014851570129,1.7252522706985474,-0.17503094673156738,0.0442238412797451,0.5788281559944153,1.7180728912353516,-0.11707824468612671,0.06501151621341705
0.5110249519348145,0.5023044943809509,-0.16019007563591003,0.9992038011550903,0.49899545311927795,0.4670751690864563,-0.11929299682378769,0.9990556836128235,0.5085965991020203,0.46794217824935913,-0.11989526450634003,0.9990419745445251,0.538097620010376,0.47064971923828125,-0.12001828104257584,0.9991393685340881,0.4753207266330719,0.46666374802589417,-0.13445332646369934,0.9993500113487244,0.46740832924842834,0.4687168002128601,-0.13439825177192688,0.9992782473564148,0.46701377630233765,0.4694519340991974,-0.13510777056217194,0.9992944598197937,0.5743287801742554,0.4886839687824249,0.10276075452566147,0.9991914629936218,0.434962660074234,0.47978490591049194,-0.01959778182208538,0.9994113445281982,0.5355719923973083,0.5426857471466064,-0.07339617609977722,0.9969423413276672,0.5075691938400269,0.5428065061569214,-0.09537798911333084,0.9971491098403931,0.6070175170898438,0.6302878260612488,0.14920733869075775,0.980877161026001,0.4634665846824646,0.6305887699127197,-0.030849162489175797,0.9896062612533569,0.6405016183853149,0.6803496479988098,0.10563188791275024,0.13077479600906372,0.5184963941574097,0.6496112942695618,-0.23575565218925476,0.770504355430603,0.6238659620285034,0.6861073970794678,0.18244504928588867,0.1630871742963791,0.6701230406761169,0.6204617619514465,-0.20910994708538055,0.6339240670204163,0.6233314275741577,0.6934921741485596,0.1778552532196045,0.19927667081356049,0.7098034024238586,0.6271607875823975,-0.22457313537597656,0.5781466960906982,0.6169764995574951,0.6819553971290588,0.18156227469444275,0.22617089748382568,0.7139284014701843,0.6299400925636292,-0.18455731868743896,0.5894017219543457,0.617141604423523,0.6847612857818604,0.18174636363983154,0.2239638715982437,0.7024267911911011,0.6347907185554504,-0.19258582592010498,0.5616047978401184,0.6324150562286377,1.0285249948501587,-0.013614336960017681,0.3936249911785126,0.5415208339691162,1.042529582977295,0.014518117532134056,0.4866044223308563,0.6408540606498718,1.0862765312194824,-0.11090309917926788,0.18934275209903717,0.5680371522903442,1.1782914400100708,-0.1715509444475174,0.2767059803009033,0.690876841545105,1.3823494911193848,0.006026021204888821,0.04532446712255478,0.6421600580215454,1.4868710041046143,-0.10015139728784561,0.10151819884777069,0.7038834691047668,1.4284363985061646,0.00991644524037838,0.06801086664199829,0.6592775583267212,1.5205576419830322,-0.09115248918533325,0.11677441745996475,0.6904365420341492,1.4798341989517212,-0.1274317353963852,0.05414464324712753,0.6062020063400269,1.6177552938461304,-0.15239886939525604,0.08771663904190063
0.5147470831871033,0.5016462802886963,-0.03572678193449974,0.9991185069084167,0.49943575263023376,0.46681544184684753,0.0012917887652292848,0.9988999962806702,0.508634090423584,0.467454731464386,0.0011223190231248736,0.9988551139831543,0.5436326265335083,0.4714418947696686,0.0009261014638468623,0.9990121126174927,0.5000284910202026,0.46832790970802307,-0.032398197799921036,0.9992651343345642,0.47185125946998596,0.46864721179008484,-0.03241575509309769,0.9991763830184937,0.47585615515708923,0.4697900116443634,-0.032643429934978485,0.999226987361908,0.5758587121963501,0.4889318645000458,0.18490786850452423,0.9990862011909485,0.43789663910865784,0.47977107763290405,0.023342449218034744,0.9993612170219421,0.5385445356369019,0.5414888858795166,0.0354645773768425,0.9963840842247009,0.5082390308380127,0.5392357707023621,-0.01034717820584774,0.9966479539871216,0.6034280061721802,0.6308932900428772,0.25105738639831543,0.9782209396362305,0.4614958167076111,0.6259816884994507,-0.032147116959095,0.9897206425666809,0.644775927066803,0.6619737148284912,0.29331231117248535,0.12887905538082123,0.5198668241500854,0.6422421932220459,-0.25474292039871216,0.7749285101890564,0.6320326924324036,0.6378753781318665,0.3127073645591736,0.15288767218589783,0.6689447164535522,0.6153752207756042,-0.23936617374420166,0.5915290713310242,0.6258879899978638,0.6381660103797913,0.3149174153804779,0.18568165600299835,0.7077716588973999,0.6256647109985352,-0.25228151679039,0.5349462032318115,0.622248113155365,0.6281518936157227,0.3208177983760834,0.20999093353748322,0.711509108543396,0.6224294304847717,-0.210064098238945,0.5442177653312683,0.623099684715271,0.632736325263977,0.3123624920845032,0.20861731469631195,0.7019785046577454,0.6227447390556335,-0.22078736126422882,0.5192466974258423,0.6280601620674133,1.0227702856063843,0.029319286346435547,0.43062064051628113,0.543148398399353,1.0346070528030396,-0.029471691697835922,0.5293434858322144,0.6542733311653137,0.9947975873947144,-0.06846382468938828,0.19371309876441956,0.5876953601837158,1.0894694328308105,-0.23528912663459778,0.31533896923065186,0.6945674419403076,1.2729157209396362,0.03054678998887539,0.05154859274625778,0.6577849388122559,1.3838266134262085,-0.16143310070037842,0.1309853196144104,0.7013725638389587,1.3208692073822021,0.03268112614750862,0.07702910900115967,0.6612681746482849,1.4171106815338135,-0.14972428977489471,0.1556164026260376,0.7147418260574341,1.3454662561416626,-0.06444932520389557,0.060580600053071976,0.6628989577293396,1.4962209463119507,-0.15393975377082825,0.11058520525693893
0.5668550133705139,0.5102205276489258,-0.013103606179356575,0.9990271329879761,0.5045974254608154,0.4668874144554138,0.015917237848043442,0.99875807762146,0.509447455406189,0.46742990612983704,0.015788564458489418,0.9986737966537476,0.5534350872039795,0.4735158681869507,0.015574281103909016,0.9988875985145569,0.5195373296737671,0.4721216857433319,-0.02503116987645626,0.9991865158081055,0.47936755418777466,0.46855002641677856,-0.02501218393445015,0.9990606904029846,0.4858240485191345,0.47037938237190247,-0.02514968253672123,0.9991477131843567,0.5712603330612183,0.4902070462703705,0.1769411563873291,0.998958170413971,0.4439155161380768,0.4797479510307312,-0.013769659213721752,0.999297559261322,0.5470503568649292,0.5414988398551941,0.04701274633407593,0.9959441423416138,0.557741641998291,0.5444473624229431,-0.007439614739269018,0.9960790872573853,0.5886170864105225,0.6311317682266235,0.2545200288295746,0.9743947982788086,0.48553285002708435,0.6229365468025208,-0.07544206082820892,0.9894178509712219,0.6418696641921997,0.6292345523834229,0.3735623359680176,0.12049435824155807,0.5593044757843018,0.6355756521224976,-0.11150485277175903,0.7692657709121704,0.6409999132156372,0.6325692534446716,0.46833109855651855,0.1391918957233429,0.6673051118850708,0.611994743347168,0.1304073929786682,0.5421512722969055,0.6426081657409668,0.6394255757331848,0.4784061908721924,0.16908226907253265,0.7064078450202942,0.6246306300163269,0.144527405500412,0.4897489547729492,0.6391165852546692,0.633673369884491,0.4716850817203522,0.19113515317440033,0.7095440030097961,0.6160650253295898,0.15475425124168396,0.4980434477329254,0.6372901201248169,0.6355441212654114,0.46172094345092773,0.19031064212322235,0.6982699036598206,0.6205304861068726,0.14237305521965027,0.4760836362838745,0.6184767484664917,1.025406002998352,0.04711795598268509,0.45317932963371277,0.5439982414245605,1.0367993116378784,-0.04714272543787956,0.5634137392044067,0.6371446251869202,1.0454566478729248,-0.021726299077272415,0.19155269861221313,0.5820131301879883,1.1684327125549316,-0.2006329596042633,0.33936193585395813,0.6750667691230774,1.3483202457427979,0.037873316556215286,0.05318169668316841,0.6437711715698242,1.4805158376693726,-0.1529197096824646,0.1492600291967392,0.6756627559661865,1.402187705039978,0.04284794256091118,0.0810350626707077,0.6472925543785095,1.5192922353744507,-0.14635594189167023,0.18450070917606354,0.7096266746520996,1.4201412200927734,-0.020771723240613937,0.06235309690237045,0.6485315561294556,1.5858113765716553,-0.19023369252681732,0.12345800548791885
0.5781075358390808,0.5110781192779541,0.022265471518039703,0.998799741268158,0.5067013502120972,0.4666614830493927,0.05211823061108589,0.9985462427139282,0.5553334951400757,0.4726204574108124,0.05197776108980179,0.9984105229377747,0.5625396370887756,0.47488346695899963,0.051728539168834686,0.9987083077430725,0.5231168270111084,0.47257834672927856,0.009295986965298653,0.9990560412406921,0.5267947316169739,0.4742450416088104,0.009320535697042942,0.9988729357719421,0.4870541989803314,0.4701487123966217,0.009108557365834713,0.9990206956863403,0.5734795928001404,0.4893905222415924,0.2009676694869995,0.9987478256225586,0.44539356231689453,0.4783572554588318,-0.0009507693466730416,0.9992056488990784,0.5984570980072021,0.5458072423934937,0.08143038302659988,0.9950835704803467,0.5621484518051147,0.5443580746650696,0.024545660242438316,0.9952253699302673,0.5835862159729004,0.626848042011261,0.29528263211250305,0.9709765315055847,0.4958689212799072,0.6175661087036133,-0.06955692917108536,0.9889211654663086,0.6375256776809692,0.6372883915901184,0.4224580228328705,0.11177302896976471,0.5662940144538879,0.642553985118866,-0.035748183727264404,0.7519687414169312,0.6456190943717957,0.6378918886184692,0.5348312258720398,0.1262911707162857,0.6668856143951416,0.611804723739624,0.2842687964439392,0.49386322498321533,0.6513048410415649,0.646668553352356,0.5432522296905518,0.1535910665988922,0.7055280208587646,0.6244841814041138,0.30806809663772583,0.445925235748291,0.6463707089424133,0.6405238509178162,0.5380457043647766,0.1735910177230835,0.7066690921783447,0.6164976954460144,0.31706374883651733,0.4533633589744568,0.6431187987327576,0.6422420144081116,0.5284221768379211,0.17312365770339966,0.6960336565971375,0.6212977170944214,0.29803624749183655,0.43419376015663147,0.6094018220901489,1.0240566730499268,0.06111414358019829,0.46029672026634216,0.5453088283538818,1.0350861549377441,-0.06098737567663193,0.5809555053710938,0.6260262131690979,1.1079219579696655,0.0020431745797395706,0.1935424953699112,0.5833886861801147,1.203256368637085,-0.16918633878231049,0.34575897455215454,0.6730647683143616,1.4143009185791016,0.048068299889564514,0.05299709737300873,0.6370543241500854,1.4958176612854004,-0.15063007175922394,0.1485239714384079,0.673966646194458,1.4595972299575806,0.04496989771723747,0.08217883855104446,0.6431207060813904,1.5462406873703003,-0.1499304473400116,0.18798774480819702,0.7086381316184998,1.4890912771224976,-0.02750270627439022,0.061040956526994705,0.6451371312141418,1.6151481866836548,-0.2600138187408447,0.12032150477170944
0.591321587562561,0.5147311091423035,-0.006598684936761856,0.9987203478813171,0.5792111158370972,0.4829503893852234,0.0254916250705719,0.9984670281410217,0.6043845415115356,0.4736666679382324,0.025330284610390663,0.9983143210411072,0.6076592206954956,0.4750937223434448,0.025097167119383812,0.9986399412155151,0.5982803106307983,0.4938592314720154,-0.013170359656214714,0.9990032911300659,0.551215648651123,0.482796847820282,-0.013147801160812378,0.9987905025482178,0.5616004467010498,0.48816707730293274,-0.01336204819381237,0.9989657998085022,0.595150351524353,0.49072644114494324,0.19663193821907043,0.9986590147018433,0.5398116111755371,0.48701927065849304,-0.0013832638505846262,0.9991700053215027,0.6650078296661377,0.5636482834815979,0.058627914637327194,0.9946001172065735,0.6238842010498047,0.5570762753486633,0.006826462689787149,0.9946914315223694,0.5990849733352661,0.6259939670562744,0.2762310206890106,0.9678834080696106,0.5193931460380554,0.6176481246948242,-0.04717312753200531,0.9875989556312561,0.6362398266792297,0.6362749338150024,0.40306320786476135,0.10526836663484573,0.5693432688713074,0.6498868465423584,-0.010929802432656288,0.7305746078491211,0.6473942995071411,0.6409189701080322,0.550442099571228,0.11497268080711365,0.6665771007537842,0.6137722730636597,0.26413828134536743,0.45084384083747864,0.652695894241333,0.6490457057952881,0.5651935935020447,0.14001190662384033,0.7008987069129944,0.6243196725845337,0.281684935092926,0.4073264002799988,0.6491073369979858,0.6446558833122253,0.5574257969856262,0.15821422636508942,0.702093243598938,0.6167992949485779,0.29542678594589233,0.4141388535499573,0.6459992527961731,0.6468546986579895,0.544093906879425,0.1581762135028839,0.6927288770675659,0.6215864419937134,0.277474045753479,0.3974073827266693,0.6210843920707703,1.0243722200393677,0.05101172998547554,0.4610292911529541,0.5659588575363159,1.0358399152755737,-0.050872690975666046,0.5875110626220703,0.6273188591003418,1.131105899810791,0.0006802505231462419,0.195763498544693,0.5858361124992371,1.2123990058898926,-0.16298623383045197,0.3442575931549072,0.679888904094696,1.4368144273757935,0.04013966768980026,0.05227918550372124,0.6437679529190063,1.5231343507766724,-0.13966874778270721,0.14392507076263428,0.6849417090415955,1.4859755039215088,0.03831794857978821,0.0826571136713028,0.6496104001998901,1.5717602968215942,-0.1397068351507187,0.18629902601242065,0.7115392684936523,1.5030217170715332,-0.04641174525022507,0.059649549424648285,0.6495276689529419,1.6271895170211792,-0.2609812617301941,0.11602465063333511
0.6592201590538025,0.5361520648002625,-0.09503768384456635,0.9987807869911194,0.6761583089828491,0.5122549533843994,-0.08238209784030914,0.9985332489013672,0.6846489906311035,0.5079131722450256,-0.08243472874164581,0.9983823895454407,0.6917286515235901,0.5059482455253601,-0.08265793323516846,0.9987024664878845,0.6600944995880127,0.5200612545013428,-0.06987890601158142,0.9990406036376953,0.6537823677062988,0.5194700956344604,-0.06986448168754578,0.9988123774528503,0.6466737389564514,0.521467387676239,-0.06999735534191132,0.9990027546882629,0.7043618559837341,0.5193207263946533,0.018744850531220436,0.9987111687660217,0.6512195467948914,0.5346116423606873,0.045200277119874954,0.9991942644119263,0.6870034337043762,0.5665494203567505,-0.05674610659480095,0.9948403239250183,0.6615601181983948,0.5670350193977356,-0.04067157208919525,0.99496990442276,0.712814211845398,0.6538249254226685,-0.03286265209317207,0.968349814414978,0.6215695142745972,0.6402238607406616,0.17481818795204163,0.9865604043006897,0.6506580114364624,0.5968582630157471,0.003240026533603668,0.17538753151893616,0.5712668895721436,0.6538411378860474,0.27677422761917114,0.698308527469635,0.6475473642349243,0.635633111000061,0.5133355259895325,0.11371327936649323,0.6351969838142395,0.6113912463188171,0.4776769280433655,0.41519397497177124,0.652716875076294,0.6421821713447571,0.4140523374080658,0.1335214227437973,0.6560423374176025,0.6241480112075806,0.504821240901947,0.37485334277153015,0.6496837139129639,0.6485207080841064,0.3946220278739929,0.15028293430805206,0.6638230085372925,0.6253408193588257,0.5233031511306763,0.3815139830112457,0.6472791433334351,0.652278482913971,0.42396560311317444,0.15264347195625305,0.6641607880592346,0.6313039660453796,0.48482245206832886,0.36773625016212463,0.7209791541099548,1.0353164672851562,-0.09941171854734421,0.458279013633728,0.6692548990249634,1.0538767576217651,0.0997612252831459,0.5846899151802063,0.6723899841308594,1.1405061483383179,-0.16435641050338745,0.22223947942256927,0.6356476545333862,1.210532784461975,0.06066717952489853,0.3255516290664673,0.7147645950317383,1.446583867073059,-0.04079767316579819,0.055396344512701035,0.6920676827430725,1.519352674484253,0.07086573541164398,0.13484129309654236,0.7401441335678101,1.4975299835205078,-0.03452566638588905,0.09024618566036224,0.7161394953727722,1.5714547634124756,0.06901635229587555,0.17804646492004395,0.6924848556518555,1.5166882276535034,-0.09646277129650116,0.06255117058753967,0.6478019952774048,1.6056939363479614,-0.01049886830151081,0.11216341704130173
0.6317284107208252,0.5322161316871643,-0.08252675831317902,0.9985451698303223,0.6332374811172485,0.5060418248176575,-0.061848949640989304,0.9982219338417053,0.6397010684013367,0.5039321780204773,-0.06196094676852226,0.998005211353302,0.6463550329208374,0.5033299326896667,-0.06217758730053902,0.9984753727912903,0.6622070074081421,0.5296221971511841,-0.07034283876419067,0.9987837672233582,0.6613043546676636,0.5320461988449097,-0.07032355666160583,0.9984115362167358,0.6340553760528564,0.5270907878875732,-0.07036490738391876,0.9986986517906189,0.6934332251548767,0.5344777703285217,0.06658242642879486,0.9984012842178345,0.6519342064857483,0.5474978685379028,0.008022891357541084,0.998875617980957,0.6880614757537842,0.5747371315956116,-0.03253690153360367,0.9938654899597168,0.6632801294326782,0.574360191822052,-0.04610453546047211,0.9938426613807678,0.6626936793327332,0.6492990851402283,0.07598382979631424,0.9683581590652466,0.5889610052108765,0.6398375630378723,0.0642600879073143,0.982780933380127,0.6544626355171204,0.5855908989906311,0.10544411092996597,0.1956082284450531,0.5607923269271851,0.6195693612098694,0.008555910550057888,0.6693843007087708,0.6522399187088013,0.6243035197257996,0.2527022957801819,0.11406394094228745,0.6394119262695312,0.6125783920288086,-0.0029277452267706394,0.38075220584869385,0.6715586185455322,0.610832929611206,0.239690899848938,0.13054367899894714,0.6640671491622925,0.6510242223739624,-0.022371407598257065,0.34372127056121826,0.6593417525291443,0.6508025527000427,0.24106061458587646,0.1460058093070984,0.6724437475204468,0.6570863723754883,0.00883565004914999,0.34971070289611816,0.6586574912071228,0.654145359992981,0.24239036440849304,0.14943450689315796,0.6679623126983643,0.6591005325317383,0.002617090940475464,0.33800509572029114,0.6798595190048218,1.0254907608032227,-0.04446116089820862,0.48039835691452026,0.6273543834686279,1.0377329587936401,0.04468313977122307,0.6023367047309875,0.6749799251556396,1.0290467739105225,-0.11256931722164154,0.22471992671489716,0.6175475716590881,1.105825662612915,-0.01902351714670658,0.3266597390174866,0.6985769867897034,1.2696889638900757,-0.0005196510464884341,0.058632656931877136,0.6806722283363342,1.3697201013565063,-0.008323421701788902,0.14110113680362701,0.7185505032539368,1.3083244562149048,0.002341248095035553,0.09354568272829056,0.6884130835533142,1.4004439115524292,-0.0072015998885035515,0.18891999125480652,0.6586765050888062,1.3204401731491089,-0.050642095506191254,0.06644275039434433,0.6291917562484741,1.454943299293518,-0.09035039693117142,0.12095912545919418
0.6151903867721558,0.5302793979644775,-0.03380519896745682,0.9983669519424438,0.6131787300109863,0.5016783475875854,-0.009277797304093838,0.9979326725006104,0.6191385388374329,0.5003876686096191,-0.009368451312184334,0.9976496696472168,0.626083493232727,0.5007683038711548,-0.009528943337500095,0.9982572197914124,0.6165634393692017,0.5213736295700073,-0.03403395414352417,0.998576819896698,0.6061931252479553,0.5284877419471741,-0.03404045104980469,0.9981668591499329,0.6283861398696899,0.5273979902267456,-0.03405432403087616,0.9985095262527466,0.6768248677253723,0.5266465544700623,0.10853318125009537,0.9980557560920715,0.6140041947364807,0.5413512587547302,0.007281795144081116,0.9986334443092346,0.6619385480880737,0.5753592848777771,0.01418332289904356,0.9928496479988098,0.6309069395065308,0.571165919303894,-0.01993696577847004,0.9931048154830933,0.6225280165672302,0.6457951068878174,0.13386157155036926,0.9691792726516724,0.5578234195709229,0.6278546452522278,0.026498178020119667,0.9826416969299316,0.6508505344390869,0.5850374698638916,0.24213477969169617,0.1944437325000763,0.5583730936050415,0.5644456744194031,-0.0819283053278923,0.6559557914733887,0.6665976643562317,0.6152001619338989,0.3425345718860626,0.11139269173145294,0.6427972912788391,0.6052773594856262,-0.03197653219103813,0.35021257400512695,0.6970001459121704,0.6038755178451538,0.3510819673538208,0.12642602622509003,0.6887940764427185,0.6440414190292358,-0.04091477394104004,0.3156569004058838,0.6877438426017761,0.6428284049034119,0.34993618726730347,0.14059893786907196,0.7004495859146118,0.6556905508041382,-0.01367657445371151,0.3209829032421112,0.6823946237564087,0.6458467245101929,0.3408275842666626,0.14448435604572296,0.690000593662262,0.6553651690483093,-0.022179344668984413,0.3113075792789459,0.642989456653595,1.0162662267684937,0.01371193677186966,0.5190380215644836,0.6265658140182495,1.024889588356018,-0.014638958498835564,0.6345434188842773,0.67998868227005,0.9471306204795837,0.01669987291097641,0.21316592395305634,0.6099680066108704,0.9612770676612854,-0.24845683574676514,0.34159475564956665,0.6831079721450806,1.1641252040863037,-0.031859055161476135,0.05851392075419426,0.6602299809455872,1.2312291860580444,-0.28321272134780884,0.14865034818649292,0.680090069770813,1.1977039575576782,-0.04082988202571869,0.09189672768115997,0.6452314853668213,1.2580430507659912,-0.279079794883728,0.20024676620960236,0.6675083637237549,1.2152297496795654,-0.08953891694545746,0.06920098513364792,0.6507581472396851,1.3209235668182373,-0.31738877296447754,0.13191483914852142
0.6390500068664551,0.5352322459220886,-0.007389926817268133,0.9984396696090698,0.6131325960159302,0.49965938925743103,0.021049190312623978,0.9980226159095764,0.6178914308547974,0.4997224807739258,0.020951682701706886,0.9977418780326843,0.6231310367584229,0.49904245138168335,0.02081034705042839,0.9983347654342651,0.6573814153671265,0.5293797254562378,-0.00523016694933176,0.9986333250999451,0.6128937005996704,0.5219775438308716,-0.0052414448000490665,0.9982425570487976,0.6307172179222107,0.5290386080741882,-0.005272909998893738,0.9985748529434204,0.6549060344696045,0.5250226855278015,0.14965516328811646,0.9981406927108765,0.6053028702735901,0.5381081104278564,0.0299477931112051,0.9986865520477295,0.65172278881073,0.5733560919761658,0.04226832464337349,0.9930652379989624,0.6242261528968811,0.5697597861289978,0.0058557214215397835,0.9933769702911377,0.6217689514160156,0.6399847269058228,0.18309763073921204,0.9704853296279907,0.5557129979133606,0.6214321255683899,0.017540285363793373,0.9828690886497498,0.6595260500907898,0.5648977160453796,0.2545471489429474,0.1969265639781952,0.5511618852615356,0.5514658093452454,-0.09149864315986633,0.650665283203125,0.6756031513214111,0.5876341462135315,0.3338363468647003,0.1107315868139267,0.6465715765953064,0.5911061763763428,-0.046886052936315536,0.326978474855423,0.7074598073959351,0.6031664609909058,0.3378690183162689,0.12418820708990097,0.701337993144989,0.6212603449821472,-0.05528281256556511,0.29402896761894226,0.6987110376358032,0.6177665591239929,0.3359432816505432,0.1373986005783081,0.7101401686668396,0.6296215057373047,-0.029357459396123886,0.29887574911117554,0.6938305497169495,0.6208186745643616,0.3310941755771637,0.14225561916828156,0.6982585787773132,0.631074845790863,-0.03623616695404053,0.29103749990463257,0.6425725221633911,1.008354902267456,0.021421445533633232,0.5540223121643066,0.6064660549163818,1.0119534730911255,-0.022160258144140244,0.6613574624061584,0.697611927986145,0.9178051352500916,0.00728992884978652,0.20261065661907196,0.6440791487693787,0.945049524307251,-0.18869154155254364,0.3433022201061249,0.6868776679039001,1.145178198814392,-0.012677830643951893,0.057224418967962265,0.6606802940368652,1.1988314390182495,-0.2022177278995514,0.147355318069458,0.6805332899093628,1.181808590888977,-0.018023375421762466,0.08998946845531464,0.6486352682113647,1.2268478870391846,-0.19818463921546936,0.20174898207187653,0.6723300218582153,1.1981767416000366,-0.06970401108264923,0.0695677325129509,0.6665835380554199,1.2831069231033325,-0.30859652161598206,0.13431686162948608
0.6323621273040771,0.5297625660896301,0.07790346443653107,0.9984815120697021,0.6028342843055725,0.4976910352706909,0.09471706300973892,0.9981075525283813,0.6152669191360474,0.49755194783210754,0.09462858736515045,0.9978414177894592,0.6114656925201416,0.4975832998752594,0.09450466930866241,0.9984080791473389,0.6429548263549805,0.5089828968048096,0.053547877818346024,0.9986532926559448,0.6103121638298035,0.5183707475662231,0.053563423454761505,0.9982750415802002,0.623847246170044,0.5265380144119263,0.05360279604792595,0.9985858798027039,0.5963435173034668,0.5232451558113098,0.18682405352592468,0.9982497692108154,0.593558669090271,0.5145745277404785,0.017063405364751816,0.9986960291862488,0.6113070249557495,0.5568898916244507,0.1178169846534729,0.9934360980987549,0.6018728017807007,0.55396568775177,0.06257583200931549,0.9936670064926147,0.5307303667068481,0.6380414366722107,0.25506898760795593,0.9731220006942749,0.5592195987701416,0.5796830654144287,-0.05848968029022217,0.984381377696991,0.5386354923248291,0.5828847289085388,0.37550345063209534,0.20140326023101807,0.6304164528846741,0.49312278628349304,-0.09592480957508087,0.6650758981704712,0.6314968466758728,0.6058127284049988,0.45415014028549194,0.11026076227426529,0.651513934135437,0.5799362659454346,0.12456043809652328,0.3097595274448395,0.6593894958496094,0.6134519577026367,0.47587499022483826,0.1230916827917099,0.6966432929039001,0.5860362648963928,0.14362281560897827,0.2763362526893616,0.6562930345535278,0.6253231763839722,0.46498483419418335,0.13547492027282715,0.7080148458480835,0.6043813228607178,0.164277121424675,0.28038766980171204,0.6516298651695251,0.6269771456718445,0.45042866468429565,0.14013701677322388,0.6977379322052002,0.6077762246131897,0.1391119807958603,0.27389800548553467,0.5807774066925049,1.006415843963623,0.08978474885225296,0.5945305228233337,0.6024504899978638,1.0012001991271973,-0.09069439768791199,0.6928749680519104,0.6870006918907166,0.8669516444206238,0.23651476204395294,0.19194768369197845,0.6557143926620483,0.9243575930595398,-0.11345000565052032,0.3729702830314636,0.6779279112815857,1.054963231086731,0.18790355324745178,0.059757232666015625,0.6668399572372437,1.1650274991989136,-0.17298316955566406,0.17182661592960358,0.6670113801956177,1.0883744955062866,0.18237954378128052,0.09321163594722748,0.6490443348884583,1.197331190109253,-0.15734665095806122,0.23404857516288757,0.6778660416603088,1.083225131034851,0.2112250030040741,0.07701466232538223,0.7095956802368164,1.2267646789550781,-0.08718299865722656,0.16120897233486176
0.5410333871841431,0.5007385015487671,0.21927635371685028,0.9985827207565308,0.5134392976760864,0.46742746233940125,0.24537046253681183,0.9982263445854187,0.5129801630973816,0.46640634536743164,0.24526751041412354,0.9979811906814575,0.5133227109909058,0.4668879508972168,0.24517972767353058,0.9985111951828003,0.4899403154850006,0.4613839387893677,0.20352621376514435,0.9987282156944275,0.4876452386379242,0.4658404588699341,0.20352426171302795,0.9983784556388855,0.4932965636253357,0.47038501501083374,0.20347650349140167,0.9986616969108582,0.5562819242477417,0.5153855085372925,0.34709838032722473,0.9983617067337036,0.460479199886322,0.46808353066444397,0.1576773226261139,0.9987612366676331,0.574363648891449,0.5421313643455505,0.26042404770851135,0.9938974380493164,0.5636664628982544,0.5382737517356873,0.20504741370677948,0.9940594434738159,0.5007826685905457,0.637615442276001,0.41035208106040955,0.9755866527557373,0.5542324781417847,0.5550560355186462,0.034824568778276443,0.9858822822570801,0.5510697364807129,0.5950901508331299,0.4781269431114197,0.20711129903793335,0.6041975617408752,0.5142486691474915,-0.0021209295373409986,0.6686369776725769,0.6381908059120178,0.6368478536605835,0.5366050004959106,0.11288195103406906,0.6709014773368835,0.5768670439720154,0.23374255001544952,0.29601311683654785,0.6607559323310852,0.6450117826461792,0.5687979459762573,0.12466325610876083,0.7155622243881226,0.5844857096672058,0.26155951619148254,0.2624591886997223,0.6603496670722961,0.6459949612617493,0.5653303861618042,0.13600827753543854,0.7168979048728943,0.6033014059066772,0.28238946199417114,0.265519380569458,0.6560794115066528,0.6479865312576294,0.5369364619255066,0.14106838405132294,0.7083848714828491,0.6081241965293884,0.2508259415626526,0.26045334339141846,0.5482462644577026,1.0027828216552734,0.09903466701507568,0.6343187093734741,0.5683172941207886,0.9826948046684265,-0.10036399215459824,0.7230650186538696,0.6851382255554199,0.8673933744430542,0.32580000162124634,0.18512184917926788,0.649445116519928,0.9172484278678894,-0.055725615471601486,0.39353349804878235,0.6636618375778198,1.046057939529419,0.11923480033874512,0.07012016326189041,0.6642632484436035,1.1642444133758545,-0.2698524594306946,0.19789065420627594,0.6495463848114014,1.0814460515975952,0.12288858741521835,0.11185012012720108,0.6314007043838501,1.1983075141906738,-0.28468650579452515,0.27408599853515625,0.6793802380561829,1.0808396339416504,0.08236869424581528,0.10041960328817368,0.70106440782547,1.2400518655776978,-0.24590018391609192,0.1962924748659134
0.49289852380752563,0.47494998574256897,0.14962276816368103,0.9986991286277771,0.48351550102233887,0.4485611021518707,0.17255930602550507,0.9983641505241394,0.4854525625705719,0.44852322340011597,0.17242422699928284,0.9981436729431152,0.4880940914154053,0.44943395256996155,0.17229695618152618,0.9986303448677063,0.4689694344997406,0.4448806047439575,0.13289442658424377,0.9988211393356323,0.46307867765426636,0.44597113132476807,0.13292048871517181,0.9985039830207825,0.45759257674217224,0.4470576345920563,0.13291135430335999,0.9987590312957764,0.4853133261203766,0.46736544370651245,0.27908021211624146,0.9984962344169617,0.43608158826828003,0.4524487555027008,0.10118632018566132,0.9988508820533752,0.502469539642334,0.5045868158340454,0.1943354457616806,0.994391679763794,0.5305929780006409,0.5234063863754272,0.1411566287279129,0.9944902658462524,0.47811490297317505,0.6323262453079224,0.3470759987831116,0.9778713583946228,0.5310183763504028,0.5546234846115112,0.03337148204445839,0.9871881604194641,0.5583375692367554,0.6100640892982483,0.41813111305236816,0.22060279548168182,0.6357098817825317,0.5025458931922913,-0.03535163775086403,0.6792605519294739,0.6388537883758545,0.6533547043800354,0.47273701429367065,0.119459368288517,0.675349771976471,0.5713239908218384,0.17793788015842438,0.29168370366096497,0.6719946265220642,0.6432801485061646,0.5027567148208618,0.12925437092781067,0.7130788564682007,0.5870941877365112,0.20008835196495056,0.25645753741264343,0.6614051461219788,0.6518847942352295,0.49554339051246643,0.1396871656179428,0.7152214646339417,0.5949010252952576,0.22129711508750916,0.25839245319366455,0.6571522355079651,0.6546971201896667,0.4710708558559418,0.14564281702041626,0.7117612957954407,0.5936955213546753,0.19309383630752563,0.2542424201965332,0.5258420705795288,0.9958521723747253,0.07956346869468689,0.6694206595420837,0.5385130047798157,0.9787267446517944,-0.0804227739572525,0.7493332624435425,0.6383219361305237,0.8984362483024597,0.2032022774219513,0.18176762759685516,0.6407132744789124,0.9263448715209961,-0.07015247642993927,0.4003686308860779,0.6286529898643494,1.085101842880249,0.02972886897623539,0.0776694118976593,0.6334415078163147,1.1687756776809692,-0.2466132640838623,0.20613084733486176,0.6202982664108276,1.118602991104126,0.009407596662640572,0.12696266174316406,0.6106871366500854,1.1971967220306396,-0.2573555111885071,0.2990722358226776,0.6509137153625488,1.124401330947876,0.03578170761466026,0.11783341318368912,0.6819012761116028,1.2512879371643066,-0.23646180331707,0.21455956995487213
0.5879063606262207,0.4836704134941101,0.10969575494527817,0.9986883997917175,0.5839701294898987,0.4732607901096344,0.1578477919101715,0.9983933568000793,0.5836130380630493,0.4741504490375519,0.15781138837337494,0.9981503486633301,0.5829280018806458,0.4746050536632538,0.15787871181964874,0.9986438155174255,0.5750741958618164,0.4672427773475647,0.09199781715869904,0.9988577365875244,0.5713193416595459,0.46865904331207275,0.0920913815498352,0.9985302090644836,0.5643405914306641,0.4648551344871521,0.09210441261529922,0.9987934827804565,0.5579217672348022,0.49648725986480713,0.19361549615859985,0.998549222946167,0.5484057664871216,0.49733611941337585,0.08202672749757767,0.9989122152328491,0.5763599276542664,0.5125357508659363,0.1566086709499359,0.9945959448814392,0.5790771842002869,0.5267441868782043,0.11307724565267563,0.9946966171264648,0.5512574911117554,0.6313275694847107,0.16447579860687256,0.9793300628662109,0.5675898194313049,0.5924132466316223,0.06401172280311584,0.9882090091705322,0.6212268471717834,0.5936205387115479,0.2264862358570099,0.23545598983764648,0.625,0.513716459274292,-0.039879269897937775,0.6580570936203003,0.6550089120864868,0.6078792810440063,0.3465038537979126,0.1170148253440857,0.6714895963668823,0.5761036276817322,-0.09836192429065704,0.28204792737960815,0.6822038292884827,0.5978342294692993,0.35598352551460266,0.12607526779174805,0.7118149995803833,0.5914989113807678,-0.11060059070587158,0.24745607376098633,0.6743096113204956,0.6163733601570129,0.35525840520858765,0.1359640657901764,0.7115769386291504,0.5999588370323181,-0.09679684042930603,0.24882011115550995,0.6718515157699585,0.6201488971710205,0.34656789898872375,0.14340069890022278,0.7091230154037476,0.5983077883720398,-0.09407711774110794,0.24663493037223816,0.6008511185646057,0.996177077293396,-0.03152616322040558,0.7013866901397705,0.6048249006271362,0.9841446280479431,0.030717751011252403,0.7739124298095703,0.6192523241043091,0.90196293592453,0.00037298668758012354,0.21328747272491455,0.6187865734100342,1.0489470958709717,0.015188154764473438,0.38689860701560974,0.6418609619140625,1.1910444498062134,-0.04649287834763527,0.0879211276769638,0.6609321236610413,1.3264449834823608,-0.10837952047586441,0.2057977169752121,0.6396292448043823,1.2239173650741577,-0.05338671803474426,0.15295884013175964,0.6830939054489136,1.3590648174285889,-0.12371687591075897,0.30713316798210144,0.653054416179657,1.286316990852356,-0.0592903196811676,0.1293063461780548,0.6503423452377319,1.4389433860778809,-0.17540782690048218,0.21399171650409698
0.6258612871170044,0.4989914000034332,0.10867492109537125,0.9986885190010071,0.6214247345924377,0.49065154790878296,0.12991446256637573,0.9984367489814758,0.6217776536941528,0.4919563829898834,0.12975451350212097,0.9982033967971802,0.6219393014907837,0.49278193712234497,0.1296166479587555,0.9986803531646729,0.6147857904434204,0.4852987825870514,0.09637489169836044,0.998857855796814,0.6107912659645081,0.4861559271812439,0.09636449813842773,0.9985315203666687,0.6057670712471008,0.4820635914802551,0.09634328633546829,0.9987757802009583,0.602766215801239,0.514779269695282,0.193635955452919,0.9986103177070618,0.5890008807182312,0.5153259038925171,0.0770079642534256,0.9988999962806702,0.6202369332313538,0.5197072625160217,0.14259149134159088,0.9947199821472168,0.6129886507987976,0.5300031304359436,0.10509955883026123,0.9946922063827515,0.5705405473709106,0.6316706538200378,0.16794589161872864,0.9810217618942261,0.6072815656661987,0.6044673919677734,0.08307147771120071,0.9883936643600464,0.6191118359565735,0.5955747961997986,0.2274199277162552,0.24899423122406006,0.6493446826934814,0.5293018817901611,-0.0554034598171711,0.6206194162368774,0.6582192182540894,0.609169602394104,0.3254360556602478,0.12154155969619751,0.6687656044960022,0.5788604617118835,-0.08299064636230469,0.26482048630714417,0.6829220056533813,0.6063870787620544,0.33716171979904175,0.12985758483409882,0.6841439008712769,0.6026843786239624,-0.08160273730754852,0.23360756039619446,0.6733507513999939,0.6239624619483948,0.3376639485359192,0.13910804688930511,0.6832031011581421,0.6165762543678284,-0.06315878033638,0.23462185263633728,0.6707573533058167,0.626994252204895,0.3269433379173279,0.14699308574199677,0.6828731298446655,0.6169528961181641,-0.07585570961236954,0.2337498664855957,0.6246368288993835,0.9990841150283813,-0.028693580999970436,0.729048490524292,0.634485125541687,0.989873468875885,0.028047632426023483,0.7939605116844177,0.6314237117767334,0.897620439529419,0.009313831105828285,0.222398042678833,0.641903281211853,0.9647982120513916,0.08977590501308441,0.36135444045066833,0.6630141735076904,1.1188607215881348,-0.049736957997083664,0.09201914072036743,0.6791135668754578,1.156689167022705,-0.05151832103729248,0.19581761956214905,0.6756272912025452,1.1448619365692139,-0.05884680896997452,0.16075526177883148,0.6940163373947144,1.1773823499679565,-0.0646681860089302,0.3052423894405365,0.6588054299354553,1.1894840002059937,-0.053919922560453415,0.13331301510334015,0.6531456708908081,1.2364965677261353,-0.06531475484371185,0.20702528953552246
0.6162960529327393,0.492116242647171,0.12707479298114777,0.9987974762916565,0.5826890468597412,0.4838999807834625,0.1515234410762787,0.9985688924789429,0.5740085244178772,0.483802855014801,0.15131588280200958,0.9983578324317932,0.5689929723739624,0.4857397973537445,0.15115730464458466,0.9987932443618774,0.5242986083030701,0.4647182524204254,0.11661223322153091,0.9989500045776367,0.53192538022995,0.4678148031234741,0.11659272015094757,0.9986509084701538,0.5415217876434326,0.47039610147476196,0.1165928989648819,0.9988710880279541,0.5092622637748718,0.47779563069343567,0.24669191241264343,0.998735785484314,0.48758968710899353,0.4736958146095276,0.09087351709604263,0.9989876747131348,0.6061902642250061,0.518866240978241,0.16623984277248383,0.995175838470459,0.5949016213417053,0.521676778793335,0.12021251022815704,0.9951282739639282,0.5428870916366577,0.630965530872345,0.2579929232597351,0.9827646017074585,0.5846363306045532,0.5859007239341736,0.05880966782569885,0.9893689155578613,0.5838226675987244,0.6220443248748779,0.29329535365104675,0.2598959505558014,0.6439692974090576,0.511295735836029,-0.04897519201040268,0.6165539026260376,0.6679551601409912,0.6338208913803101,0.32597100734710693,0.12387886643409729,0.6691770553588867,0.5740852952003479,0.06057474762201309,0.24938568472862244,0.6862360835075378,0.638441264629364,0.3484823703765869,0.13124170899391174,0.6965182423591614,0.5808950066566467,0.07533986121416092,0.219659686088562,0.6802610158920288,0.6357132792472839,0.34914225339889526,0.13994520902633667,0.6907302141189575,0.5979128479957581,0.09415990114212036,0.22020365297794342,0.6769508123397827,0.6405686736106873,0.3315442204475403,0.14823448657989502,0.6891402006149292,0.6038691997528076,0.07092229276895523,0.2207816243171692,0.595544695854187,0.9900278449058533,-0.0016173130134120584,0.7553410530090332,0.6311148405075073,0.9799840450286865,0.0002689459943212569,0.8138113617897034,0.6395685076713562,0.9154491424560547,0.12543721497058868,0.21659012138843536,0.6601822972297668,0.9801074266433716,0.037258706986904144,0.35828399658203125,0.6585581302642822,1.1371785402297974,-0.14717113971710205,0.09522625803947449,0.6734534502029419,1.2211613655090332,-0.3331383168697357,0.20091047883033752,0.6613028049468994,1.172019362449646,-0.1811908632516861,0.17213940620422363,0.6824175119400024,1.250410556793213,-0.3614136278629303,0.3258037567138672,0.6610887050628662,1.1943151950836182,-0.20356278121471405,0.14539286494255066,0.6751630306243896,1.3063995838165283,-0.38301488757133484,0.22130058705806732
0.5276565551757812,0.4830856919288635,0.1691443920135498,0.9988747239112854,0.4947521686553955,0.4593185484409332,0.19522203505039215,0.9986553192138672,0.4957641065120697,0.46053019165992737,0.19504401087760925,0.9984621405601501,0.4980245530605316,0.46288013458251953,0.19491234421730042,0.9988709688186646,0.48070448637008667,0.45052799582481384,0.1545330137014389,0.9990063309669495,0.47950929403305054,0.4512282609939575,0.15452440083026886,0.9987278580665588,0.4699024260044098,0.45067688822746277,0.15450066328048706,0.9989304542541504,0.4791108965873718,0.46180012822151184,0.30558568239212036,0.998825192451477,0.44724297523498535,0.45617055892944336,0.11849192529916763,0.9990461468696594,0.5629249811172485,0.5112749934196472,0.21360957622528076,0.9954987168312073,0.548841655254364,0.5105780363082886,0.15905573964118958,0.9954001903533936,0.49855273962020874,0.622732937335968,0.3549754321575165,0.9842495918273926,0.5368757843971252,0.5575111508369446,0.05430537462234497,0.99032062292099,0.5824036598205566,0.6180411577224731,0.39514580368995667,0.26375746726989746,0.612500786781311,0.501136839389801,-0.022181302309036255,0.6278985738754272,0.6673310995101929,0.6460039615631104,0.42621684074401855,0.12628620862960815,0.6708275079727173,0.5760148763656616,0.20628318190574646,0.2412891685962677,0.6848496198654175,0.6384104490280151,0.44795098900794983,0.13256210088729858,0.6976821422576904,0.5857002139091492,0.22764308750629425,0.21063627302646637,0.6759739518165588,0.6475771069526672,0.4445076584815979,0.14091823995113373,0.6992708444595337,0.5990772843360901,0.24634401500225067,0.21052174270153046,0.6734550595283508,0.6509827375411987,0.42620253562927246,0.14942316710948944,0.6955029368400574,0.6051684021949768,0.22115680575370789,0.21254801750183105,0.5538920164108276,0.9767037630081177,0.059588395059108734,0.7781713604927063,0.5644668340682983,0.9658868312835693,-0.06053570657968521,0.8316006660461426,0.6401045322418213,0.9160194993019104,0.17676600813865662,0.21479232609272003,0.649248480796814,0.9920628070831299,-0.1433550864458084,0.3904472887516022,0.6532930135726929,1.1435285806655884,-0.07620161026716232,0.10253796726465225,0.666824460029602,1.2284430265426636,-0.3772818148136139,0.22568880021572113,0.6452662944793701,1.1803995370864868,-0.10059179365634918,0.18703387677669525,0.6581943035125732,1.2700212001800537,-0.3947524428367615,0.3570980429649353,0.6699409484863281,1.2018280029296875,-0.12271897494792938,0.16047632694244385,0.6881926655769348,1.343708872795105,-0.4142279624938965,0.24666547775268555
0.5139588117599487,0.48101645708084106,0.0853571742773056,0.9988011121749878,0.48155125975608826,0.45216724276542664,0.09830242395401001,0.9986127018928528,0.4839352071285248,0.45342952013015747,0.09814167767763138,0.9984012246131897,0.48785772919654846,0.4559031128883362,0.09795837849378586,0.9988357424736023,0.47174960374832153,0.446344792842865,0.054038405418395996,0.9989818334579468,0.4704468846321106,0.44713470339775085,0.05406210571527481,0.9986979365348816,0.45458221435546875,0.4462055265903473,0.05405201390385628,0.9989004731178284,0.4730009436607361,0.4585947096347809,0.19116199016571045,0.9988047480583191,0.43541058897972107,0.4553769826889038,-0.005007372237741947,0.9990074634552002,0.5555563569068909,0.5134822726249695,0.12784066796302795,0.9954275488853455,0.5429232120513916,0.5122897028923035,0.06803341954946518,0.995199978351593,0.4986342787742615,0.618533194065094,0.3388957381248474,0.9850099682807922,0.5327168703079224,0.564460039138794,-0.07809201627969742,0.9908345937728882,0.583889901638031,0.6092242002487183,0.3733820617198944,0.2565869688987732,0.6192492246627808,0.5131233930587769,-0.08186594396829605,0.6337872743606567,0.6472806334495544,0.6071908473968506,0.4262661039829254,0.12197006493806839,0.6645526885986328,0.5585151314735413,0.14180132746696472,0.23676837980747223,0.6574826836585999,0.6054563522338867,0.44710493087768555,0.1275506168603897,0.6840460896492004,0.562470018863678,0.15685246884822845,0.2058142125606537,0.6477351784706116,0.617647111415863,0.4412388801574707,0.13551069796085358,0.6814987063407898,0.5686616897583008,0.16712012887001038,0.20525303483009338,0.6473858952522278,0.6223849654197693,0.4239608347415924,0.1440075933933258,0.6766619682312012,0.575329601764679,0.15249472856521606,0.2074594348669052,0.5553438067436218,0.9801876544952393,0.08773824572563171,0.7978610396385193,0.5592516660690308,0.9729328155517578,-0.08845163881778717,0.8469963669776917,0.6410447359085083,0.9890717267990112,0.15458261966705322,0.21775397658348083,0.6454845666885376,1.0558909177780151,-0.14092302322387695,0.42024296522140503,0.6529106497764587,1.225320816040039,0.15695098042488098,0.1101633757352829,0.6638525724411011,1.360822081565857,-0.15697342157363892,0.2547430694103241,0.6463770866394043,1.2573548555374146,0.15545672178268433,0.19711339473724365,0.6517508625984192,1.3909991979599,-0.15290449559688568,0.37729141116142273,0.6720743179321289,1.2932623624801636,0.13806898891925812,0.16954807937145233,0.6893563866615295,1.475355625152588,-0.18618614971637726,0.2689095139503479
0.5285431742668152,0.4717940092086792,0.08162183314561844,0.998816192150116,0.4832109808921814,0.4486006796360016,0.09372024983167648,0.9986178874969482,0.48440662026405334,0.4496318995952606,0.09355002641677856,0.9984362125396729,0.48632892966270447,0.4513537585735321,0.09343068301677704,0.9988476037979126,0.47311753034591675,0.4443384110927582,0.04659417271614075,0.9989657402038574,0.4683799147605896,0.44448792934417725,0.04655129462480545,0.9987090826034546,0.461090087890625,0.4444067180156708,0.04648401960730553,0.9988886117935181,0.47137364745140076,0.45568138360977173,0.18790175020694733,0.9988400936126709,0.43883100152015686,0.4544202387332916,-0.024647701531648636,0.9990034699440002,0.5046821236610413,0.5085098147392273,0.12328411638736725,0.9955717325210571,0.5283875465393066,0.5022392868995667,0.05982504040002823,0.9953575730323792,0.4791221022605896,0.61905837059021,0.31850966811180115,0.9861055612564087,0.4762619137763977,0.5610710978507996,-0.12720055878162384,0.9916024804115295,0.5598329305648804,0.6263827681541443,0.3563385009765625,0.2431899458169937,0.5911383628845215,0.48615020513534546,-0.14175836741924286,0.6490309834480286,0.6452597379684448,0.6226670742034912,0.31048932671546936,0.12124143540859222,0.6650086045265198,0.5572380423545837,0.1203744038939476,0.2495579719543457,0.6537678837776184,0.6252889037132263,0.31495508551597595,0.1284329742193222,0.6846271753311157,0.5655695796012878,0.13331004977226257,0.21977555751800537,0.6411187648773193,0.6574985384941101,0.28269559144973755,0.13622359931468964,0.6821060180664062,0.5726304650306702,0.1549586057662964,0.21794039011001587,0.6403172016143799,0.6618775725364685,0.2939833998680115,0.1447875201702118,0.6872058510780334,0.5743272304534912,0.12633654475212097,0.22067049145698547,0.5361055731773376,0.9830129742622375,0.12283173948526382,0.8165080547332764,0.5362187027931213,0.9738829135894775,-0.1230894923210144,0.8615341186523438,0.64187091588974,0.9437421560287476,0.21055154502391815,0.2155858427286148,0.6274186968803406,0.9856662750244141,-0.19890674948692322,0.4660850465297699,0.6243563294410706,1.1782363653182983,0.24385707080364227,0.11937465518712997,0.62614506483078,1.3444092273712158,-0.15151453018188477,0.2922028601169586,0.6066240072250366,1.2118592262268066,0.24538815021514893,0.21209172904491425,0.6015678644180298,1.379835844039917,-0.1417296826839447,0.41129782795906067,0.6576898097991943,1.238775372505188,0.24341027438640594,0.18138132989406586,0.6854187250137329,1.4483786821365356,-0.15172114968299866,0.29672807455062866
0.4828764498233795,0.4634476602077484,-0.009270133450627327,0.9988599419593811,0.47544655203819275,0.4409330487251282,0.00571181857958436,0.9986684322357178,0.47798091173171997,0.44215232133865356,0.005605175159871578,0.9984917044639587,0.4809854030609131,0.44384488463401794,0.005524772219359875,0.9988837242126465,0.46483248472213745,0.43780916929244995,-0.040840260684490204,0.998998761177063,0.45788583159446716,0.4377063512802124,-0.04087812826037407,0.998757541179657,0.45089349150657654,0.4382564425468445,-0.040853772312402725,0.9989240765571594,0.4707394540309906,0.45107319951057434,0.12020792812108994,0.9988822937011719,0.4302784502506256,0.44892728328704834,-0.09235996752977371,0.999034583568573,0.48371368646621704,0.4979604184627533,0.040154486894607544,0.995791494846344,0.5109737515449524,0.4981444478034973,-0.021735679358243942,0.9955819249153137,0.4672490954399109,0.6152405142784119,0.2999509572982788,0.9869925379753113,0.4536670744419098,0.5563028454780579,-0.17943024635314941,0.9922099113464355,0.5430530905723572,0.6130101680755615,0.35142725706100464,0.23421639204025269,0.5872613191604614,0.4760883152484894,-0.19319820404052734,0.6690476536750793,0.6134617328643799,0.6004579663276672,0.334464430809021,0.11990728974342346,0.6483659148216248,0.5355072021484375,0.10446310043334961,0.25756844878196716,0.6175612211227417,0.6183887124061584,0.3423141539096832,0.12782464921474457,0.673538088798523,0.5437515377998352,0.10487066209316254,0.22697024047374725,0.6110989451408386,0.6281960010528564,0.31827419996261597,0.13561734557151794,0.6663653254508972,0.5349416732788086,0.112404003739357,0.22478903830051422,0.609318733215332,0.6340072751045227,0.322174072265625,0.14412842690944672,0.6658645868301392,0.5419622659683228,0.10985790193080902,0.22896841168403625,0.5143405795097351,0.9812762141227722,0.132765993475914,0.8323537707328796,0.5140025615692139,0.9766550660133362,-0.1331866830587387,0.8741699457168579,0.5994212031364441,0.9557797312736511,0.2437872588634491,0.20917852222919464,0.5889427065849304,1.014148235321045,-0.18221595883369446,0.49863913655281067,0.5803543329238892,1.1856615543365479,0.22517290711402893,0.12486086040735245,0.5778951644897461,1.3424465656280518,-0.16348303854465485,0.32285112142562866,0.5651717782020569,1.2161649465560913,0.2210705280303955,0.21928493678569794,0.5526649355888367,1.3718304634094238,-0.1603194922208786,0.43752697110176086,0.6093803644180298,1.2507895231246948,0.20556727051734924,0.19082984328269958,0.6363781690597534,1.4517260789871216,-0.18166550993919373,0.3234628140926361
0.47525715827941895,0.460917592048645,0.008640199899673462,0.998828113079071,0.467693030834198,0.43688926100730896,0.02533685229718685,0.9986473917961121,0.47056493163108826,0.43797776103019714,0.02518015168607235,0.9984448552131653,0.47388210892677307,0.43960076570510864,0.02503911778330803,0.9988665580749512,0.4568490982055664,0.43482086062431335,-0.021240554749965668,0.999000608921051,0.45138460397720337,0.4350851774215698,-0.02124328725039959,0.9987477660179138,0.4441518187522888,0.43620073795318604,-0.02126343548297882,0.9989139437675476,0.4686797559261322,0.44830068945884705,0.13886477053165436,0.998827338218689,0.4306815564632416,0.4482663869857788,-0.07480552792549133,0.999009907245636,0.475480318069458,0.4927683174610138,0.05809278413653374,0.9957579374313354,0.5034543871879578,0.4986042380332947,-0.0035217292606830597,0.9954947233200073,0.45862847566604614,0.5971786379814148,0.29236266016960144,0.987473726272583,0.4444039463996887,0.5555917620658875,-0.16847653687000275,0.992551863193512,0.541474461555481,0.5960512161254883,0.35116225481033325,0.2216957062482834,0.5709003210067749,0.4754493534564972,-0.18962931632995605,0.6880219578742981,0.602947473526001,0.5928977727890015,0.31778210401535034,0.11967893689870834,0.6481708288192749,0.5383561253547668,0.0506194606423378,0.27538156509399414,0.6135163903236389,0.6015923023223877,0.315405011177063,0.12829919159412384,0.6753407120704651,0.5506254434585571,0.04914046451449394,0.23987707495689392,0.6071784496307373,0.5958366394042969,0.2933640778064728,0.13659565150737762,0.670590877532959,0.5456818342208862,0.053231239318847656,0.23770549893379211,0.6050513386726379,0.5993217825889587,0.3042902946472168,0.14417673647403717,0.6656340956687927,0.5514451861381531,0.05872700363397598,0.24104012548923492,0.5131092667579651,0.9753642678260803,0.11957041919231415,0.8460836410522461,0.49399393796920776,0.9734218716621399,-0.1200210303068161,0.8854772448539734,0.5849201679229736,1.0366613864898682,0.24255013465881348,0.21439065039157867,0.546413004398346,1.0442380905151367,-0.2333117425441742,0.5237993001937866,0.5525697469711304,1.2594244480133057,0.19871927797794342,0.13202586770057678,0.5439419150352478,1.376710295677185,-0.15345926582813263,0.34369781613349915,0.5396654009819031,1.2865070104599,0.19944725930690765,0.22212450206279755,0.5263844132423401,1.4092864990234375,-0.14464446902275085,0.4484417736530304,0.5625085830688477,1.3275063037872314,0.1614612638950348,0.19830521941184998,0.5848878622055054,1.48512864112854,-0.1888536512851715,0.33994999527931213
0.4696573317050934,0.45489490032196045,0.1233048066496849,0.9989392161369324,0.4664212167263031,0.433633416891098,0.15003402531147003,0.9987742304801941,0.46947580575942993,0.43467146158218384,0.14990584552288055,0.9985908269882202,0.47310012578964233,0.43616241216659546,0.1497521549463272,0.9989733695983887,0.4556928277015686,0.43159255385398865,0.10547210276126862,0.9990946054458618,0.45016780495643616,0.4315865933895111,0.10545726120471954,0.9988659024238586,0.44406700134277344,0.43229517340660095,0.1053968220949173,0.9990162253379822,0.4708997309207916,0.4474651515483856,0.28669095039367676,0.9989368319511414,0.4277617931365967,0.44583386182785034,0.08301232010126114,0.9991030097007751,0.47426503896713257,0.4870779812335968,0.1782095581293106,0.9961563348770142,0.46640723943710327,0.4867873191833496,0.11848888546228409,0.9959152936935425,0.46611207723617554,0.600288987159729,0.4203247129917145,0.9882630109786987,0.42549246549606323,0.555479109287262,-0.06373283267021179,0.9931967854499817,0.5456750392913818,0.6404935717582703,0.4753437936306,0.2164093255996704,0.5411183834075928,0.46771180629730225,-0.09082210808992386,0.708845317363739,0.612137496471405,0.5845428705215454,0.4046127200126648,0.13100369274616241,0.6492671370506287,0.5383067727088928,0.11873079836368561,0.29254984855651855,0.6386659741401672,0.5823796987533569,0.4093025326728821,0.14088256657123566,0.6793906688690186,0.5565038919448853,0.1223435029387474,0.2538547217845917,0.6358548402786255,0.5778762102127075,0.38689497113227844,0.1495051383972168,0.6748477220535278,0.5547017455101013,0.13835102319717407,0.25127363204956055,0.6164673566818237,0.579616904258728,0.391821950674057,0.1577443778514862,0.6680879592895508,0.5593563914299011,0.13327647745609283,0.254975825548172,0.5109168291091919,0.9636451601982117,0.12877807021141052,0.8585565090179443,0.4780501425266266,0.9610597491264343,-0.12893307209014893,0.8956146836280823,0.6007564663887024,1.0091344118118286,0.19345398247241974,0.22884462773799896,0.5389482975006104,1.0417054891586304,-0.22921165823936462,0.5605732798576355,0.5732955932617188,1.2333877086639404,0.1526552438735962,0.13938485085964203,0.5443137884140015,1.3604217767715454,-0.24840982258319855,0.3741472661495209,0.5570088624954224,1.2614845037460327,0.14727112650871277,0.23230953514575958,0.5241004824638367,1.393950343132019,-0.24823954701423645,0.4717792868614197,0.5969070196151733,1.3244056701660156,0.12164471298456192,0.20799437165260315,0.6036145091056824,1.4688270092010498,-0.3031995892524719,0.3639739751815796
0.4646575450897217,0.45170891284942627,0.18495576083660126,0.9990344643592834,0.4603344798088074,0.430474191904068,0.21720930933952332,0.9988796710968018,0.46353036165237427,0.43102794885635376,0.21709343791007996,0.9987111687660217,0.46758776903152466,0.4321998953819275,0.21699926257133484,0.9990620017051697,0.449683278799057,0.4299553632736206,0.1714314967393875,0.9991747140884399,0.44458016753196716,0.4303135573863983,0.17139172554016113,0.9989672899246216,0.43921318650245667,0.43132874369621277,0.1712723672389984,0.9991036653518677,0.4666461944580078,0.4449716806411743,0.355692058801651,0.9990275502204895,0.42570844292640686,0.4455750286579132,0.14742892980575562,0.9991844296455383,0.47318753600120544,0.4816208779811859,0.23716497421264648,0.996488630771637,0.46000128984451294,0.4828577935695648,0.1763196885585785,0.9962700009346008,0.4727504849433899,0.6029870510101318,0.45837488770484924,0.9889733791351318,0.43307557702064514,0.5515158176422119,0.008719928562641144,0.993808925151825,0.5811784863471985,0.6365982890129089,0.47806867957115173,0.21790269017219543,0.5517471432685852,0.4677644670009613,-0.04308087378740311,0.7242164015769958,0.6381884217262268,0.5919473171234131,0.422395795583725,0.14736807346343994,0.6423677206039429,0.5323652029037476,0.19190844893455505,0.3018781542778015,0.6547802686691284,0.5902366042137146,0.42565736174583435,0.15574303269386292,0.667532205581665,0.5462526082992554,0.20334868133068085,0.2587689459323883,0.6366087198257446,0.5913354158401489,0.42059507966041565,0.16457928717136383,0.6675155758857727,0.5547803640365601,0.2179303914308548,0.25544029474258423,0.6241502165794373,0.5944251418113708,0.41595959663391113,0.1722886562347412,0.6509748697280884,0.5527623295783997,0.2051735669374466,0.2611580491065979,0.5194281339645386,0.9671549201011658,0.11861469596624374,0.8717793226242065,0.4876885414123535,0.9492162466049194,-0.1190318614244461,0.9057130813598633,0.6104028224945068,0.9911084771156311,0.18885450065135956,0.25312668085098267,0.5434642434120178,0.980975329875946,-0.23416967689990997,0.5961583256721497,0.5834913849830627,1.2266384363174438,0.04549889639019966,0.17158035933971405,0.5569175481796265,1.334231972694397,-0.35820966958999634,0.41338080167770386,0.5645934343338013,1.2589242458343506,0.02362699620425701,0.27147820591926575,0.5399214625358582,1.3679964542388916,-0.3690880835056305,0.5088498592376709,0.6100583076477051,1.3126775026321411,-0.023063790053129196,0.2443767488002777,0.607883095741272,1.4582635164260864,-0.4180285930633545,0.39648064970970154
0.46110716462135315,0.4501633048057556,0.08156551420688629,0.9991044402122498,0.4566115438938141,0.42889827489852905,0.10380494594573975,0.9989604949951172,0.45943909883499146,0.42898765206336975,0.10370960086584091,0.9987998008728027,0.4630950093269348,0.4297609031200409,0.10360914468765259,0.9991300106048584,0.446871817111969,0.4297146201133728,0.05625959113240242,0.999239444732666,0.44135841727256775,0.430605947971344,0.056190602481365204,0.9990485310554504,0.4365919232368469,0.43199825286865234,0.05616120621562004,0.9991746544837952,0.462435245513916,0.44364678859710693,0.22973401844501495,0.9990922808647156,0.42525964975357056,0.4462682902812958,0.013672602362930775,0.9992496371269226,0.4691227376461029,0.47962862253189087,0.13341514766216278,0.9967232942581177,0.4548051953315735,0.4820656180381775,0.07028734683990479,0.9965426325798035,0.47567933797836304,0.6050846576690674,0.375794380903244,0.9895585775375366,0.4447596073150635,0.5536664724349976,-0.101429782807827,0.9942680597305298,0.5804263949394226,0.6174367070198059,0.44578829407691956,0.21298933029174805,0.5587874054908752,0.4733351171016693,-0.10174804925918579,0.7353593707084656,0.6369317770004272,0.5938873291015625,0.35848909616470337,0.1496761590242386,0.6440111994743347,0.535155713558197,0.14731471240520477,0.312442421913147,0.6567546725273132,0.5920965075492859,0.3587450683116913,0.15795661509037018,0.6674540638923645,0.5365908741950989,0.15894582867622375,0.2664394974708557,0.6368862986564636,0.5905711054801941,0.34009987115859985,0.1666809469461441,0.6602939367294312,0.5541080236434937,0.18102991580963135,0.26235082745552063,0.6263983845710754,0.5955618023872375,0.346129834651947,0.1742434799671173,0.657321035861969,0.552256166934967,0.1603747308254242,0.2680380344390869,0.5225118398666382,0.9728233814239502,0.11705372482538223,0.8833273649215698,0.4982927441596985,0.9548094868659973,-0.1175336018204689,0.914591908454895,0.6140393018722534,1.0022509098052979,0.1535230576992035,0.25471118092536926,0.548198938369751,0.991698145866394,-0.2728302776813507,0.6182591319084167,0.5680288672447205,1.2226001024246216,0.20816698670387268,0.17094503343105316,0.5508302450180054,1.3242615461349487,-0.17437469959259033,0.4204622507095337,0.5513478517532349,1.2571996450424194,0.21444301307201385,0.2645670771598816,0.5349570512771606,1.353071689605713,-0.1569458395242691,0.5073812007904053,0.5729740858078003,1.2962050437927246,0.1870211958885193,0.24174915254116058,0.5918205380439758,1.4334057569503784,-0.18820185959339142,0.3973129689693451
0.4594230651855469,0.4488450288772583,0.08329327404499054,0.9991740584373474,0.45580005645751953,0.42816293239593506,0.10502244532108307,0.9990358352661133,0.45899224281311035,0.42804378271102905,0.10493020713329315,0.9988874197006226,0.46296221017837524,0.42869803309440613,0.1048462763428688,0.9991951584815979,0.4446783661842346,0.42964786291122437,0.05906309559941292,0.999297559261322,0.43954914808273315,0.4306761622428894,0.05894087627530098,0.9991244077682495,0.43481239676475525,0.43222475051879883,0.058894943445920944,0.9992393851280212,0.4635879397392273,0.44251829385757446,0.2281150072813034,0.9991593956947327,0.42501187324523926,0.44589680433273315,0.015082599595189095,0.9993079900741577,0.46888357400894165,0.47655120491981506,0.13349062204360962,0.9969441890716553,0.45333248376846313,0.47919103503227234,0.07114752382040024,0.9967960119247437,0.4780953824520111,0.6059814691543579,0.3714469373226166,0.990251362323761,0.4489678740501404,0.5549903512001038,-0.0853971615433693,0.9947054386138916,0.5816210508346558,0.6064678430557251,0.405548632144928,0.21250540018081665,0.5618268251419067,0.4772576093673706,-0.09565886110067368,0.7369267344474792,0.6456968188285828,0.5963134169578552,0.3453856110572815,0.15659356117248535,0.6450992822647095,0.537390947341919,0.13993403315544128,0.31124165654182434,0.6732609272003174,0.5930987596511841,0.3492470681667328,0.16459403932094574,0.6697173714637756,0.5386154055595398,0.14746832847595215,0.2656984031200409,0.6470330953598022,0.5933228731155396,0.33143702149391174,0.17295344173908234,0.6644192934036255,0.5566609501838684,0.1635538637638092,0.26092931628227234,0.6418549418449402,0.5986956357955933,0.3348388969898224,0.18063068389892578,0.6602373719215393,0.5557456612586975,0.15237782895565033,0.2670137584209442,0.5255748629570007,0.9738935828208923,0.11223296076059341,0.894321858882904,0.5040555596351624,0.957687497138977,-0.11268891394138336,0.9227522611618042,0.6401721239089966,0.9281659722328186,0.1691213995218277,0.2511187791824341,0.5650603175163269,0.8940075635910034,-0.23260433971881866,0.6332166194915771,0.579094648361206,1.1477904319763184,0.16336354613304138,0.17662063241004944,0.5631906390190125,1.194604754447937,-0.1779818832874298,0.42564159631729126,0.5647259950637817,1.176374912261963,0.16060210764408112,0.26955312490463257,0.5486775636672974,1.2157881259918213,-0.17552311718463898,0.513925313949585,0.5906925201416016,1.2169634103775024,0.1333095133304596,0.2506341338157654,0.602253794670105,1.3161472082138062,-0.1941574215888977,0.40080276131629944
0.46224039793014526,0.44987523555755615,0.14470642805099487,0.999247670173645,0.45770302414894104,0.4286242425441742,0.17248013615608215,0.9991194605827332,0.4610472321510315,0.4285320043563843,0.1723639965057373,0.9989854097366333,0.4651571214199066,0.42926281690597534,0.17230091989040375,0.9992659091949463,0.4459960460662842,0.4300593137741089,0.12758709490299225,0.9993582963943481,0.44084516167640686,0.4310741424560547,0.12747423350811005,0.9992023706436157,0.4357903003692627,0.4326455891132355,0.12738919258117676,0.9993056058883667,0.46527227759361267,0.4427455961704254,0.29899460077285767,0.9992348551750183,0.4251170754432678,0.44608619809150696,0.09483171999454498,0.999369740486145,0.4719708561897278,0.4781767427921295,0.19364628195762634,0.997207522392273,0.456808865070343,0.4803016781806946,0.13406619429588318,0.9970742464065552,0.47605443000793457,0.6074628233909607,0.4044608473777771,0.9910686612129211,0.43919700384140015,0.5532730221748352,-0.03928854689002037,0.9951775074005127,0.5851320028305054,0.6070798635482788,0.43542391061782837,0.21312402188777924,0.5586534142494202,0.47953370213508606,-0.09006432443857193,0.7372367978096008,0.6629177331924438,0.5984717607498169,0.3957275450229645,0.17022497951984406,0.645720362663269,0.5417993664741516,0.13600444793701172,0.3138735890388489,0.6809459924697876,0.5932732224464417,0.4077531695365906,0.17887336015701294,0.6700767278671265,0.5423294305801392,0.14610335230827332,0.26869261264801025,0.6651910543441772,0.594391405582428,0.387329638004303,0.18702752888202667,0.6684824228286743,0.562565267086029,0.1529616415500641,0.26300644874572754,0.6625077724456787,0.6006606817245483,0.3855511546134949,0.19495172798633575,0.6652151346206665,0.5612480044364929,0.14468616247177124,0.2698591947555542,0.5222352743148804,0.9745968580245972,0.11425125598907471,0.9045889973640442,0.5015681982040405,0.9544590711593628,-0.11485821008682251,0.9302862882614136,0.6517863869667053,0.86751788854599,0.22785644233226776,0.2470063418149948,0.5772936344146729,0.836105465888977,-0.22175677120685577,0.6481465697288513,0.5951015949249268,1.089050531387329,0.08566118776798248,0.18627476692199707,0.5658782720565796,1.1268937587738037,-0.2914930582046509,0.43508416414260864,0.5711567997932434,1.1218311786651611,0.06603007018566132,0.28636422753334045,0.5547884106636047,1.1511971950531006,-0.2953876852989197,0.5308928489685059,0.6286119222640991,1.1530789136886597,0.05576813220977783,0.268217533826828,0.6294607520103455,1.2430419921875,-0.27164822816848755,0.4129081070423126
0.4593760371208191,0.44887635111808777,0.09151463210582733,0.999301016330719,0.4568168520927429,0.427817702293396,0.11870656907558441,0.999178409576416,0.4607986807823181,0.4276581108570099,0.11857204139232635,0.9990564584732056,0.46538734436035156,0.42838090658187866,0.11844407021999359,0.9993187189102173,0.44338831305503845,0.4295397698879242,0.07582574337720871,0.9994022250175476,0.43766117095947266,0.4306139051914215,0.07574455440044403,0.9992603063583374,0.4319755434989929,0.43216854333877563,0.07570190727710724,0.9993515610694885,0.4657599925994873,0.44195806980133057,0.2584795355796814,0.999289333820343,0.4210236668586731,0.4450123608112335,0.060575198382139206,0.9994103312492371,0.47036251425743103,0.47594955563545227,0.14456792175769806,0.9973656535148621,0.45331817865371704,0.47812095284461975,0.08737540245056152,0.9972288608551025,0.47638654708862305,0.608077883720398,0.3703821301460266,0.9917087554931641,0.43086010217666626,0.5534223318099976,-0.06088743731379509,0.9953826069831848,0.5864797830581665,0.5994135141372681,0.39131614565849304,0.21305440366268158,0.5555583238601685,0.4805302023887634,-0.14530214667320251,0.7257899045944214,0.665833592414856,0.5962970852851868,0.33668115735054016,0.17992687225341797,0.6465666890144348,0.5450388789176941,-0.002717959927394986,0.3032671809196472,0.6837242841720581,0.5918751358985901,0.34390023350715637,0.1885543018579483,0.6718235611915588,0.5440849661827087,-0.0063027688302099705,0.2610594630241394,0.666021466255188,0.5971031188964844,0.32534608244895935,0.196872740983963,0.6689807772636414,0.5654634833335876,0.013999193906784058,0.25522229075431824,0.66270911693573,0.6030545830726624,0.32732900977134705,0.2046736776828766,0.666015088558197,0.5615455508232117,0.00964679941534996,0.2625877857208252,0.5184049606323242,0.9691373705863953,0.11275936663150787,0.913420557975769,0.48632970452308655,0.9556194543838501,-0.1133510023355484,0.9367954730987549,0.648472249507904,0.8876907229423523,0.2040366679430008,0.24179862439632416,0.5612654089927673,0.8779399394989014,-0.22178944945335388,0.6545282006263733,0.5858891010284424,1.1013462543487549,0.13092894852161407,0.18788732588291168,0.5539445281028748,1.1594622135162354,-0.2332296073436737,0.43461644649505615,0.5635300874710083,1.1289482116699219,0.12462256848812103,0.2868672311306,0.5349146127700806,1.1787724494934082,-0.22302600741386414,0.5301385521888733,0.6108943223953247,1.1696038246154785,0.10906045138835907,0.27093997597694397,0.6064988374710083,1.2778457403182983,-0.20513787865638733,0.4104900360107422
0.4644058644771576,0.44997438788414,0.0040945326909422874,0.9992260932922363,0.4599279761314392,0.42876723408699036,0.021535107865929604,0.9990864992141724,0.4634293019771576,0.42871588468551636,0.021333759650588036,0.998953104019165,0.46758928894996643,0.4295410215854645,0.021191883832216263,0.999241292476654,0.44743186235427856,0.43024784326553345,-0.025717366486787796,0.9993453025817871,0.4418260455131531,0.43132421374320984,-0.025742609053850174,0.9991982579231262,0.4363630712032318,0.43292856216430664,-0.025719884783029556,0.9992856979370117,0.4655543267726898,0.44290825724601746,0.14354869723320007,0.9992241263389587,0.4227079451084137,0.445583701133728,-0.07179566472768784,0.9993532299995422,0.47462496161460876,0.47714003920555115,0.055886369198560715,0.997237503528595,0.46001744270324707,0.47978487610816956,-0.006746341940015554,0.9971105456352234,0.46730485558509827,0.6087087988853455,0.2778345048427582,0.9915518760681152,0.43840986490249634,0.5535319447517395,-0.15332603454589844,0.9953687191009521,0.5573588609695435,0.6112050414085388,0.35814306139945984,0.20683974027633667,0.557348370552063,0.47902148962020874,-0.17165955901145935,0.7420974373817444,0.6254829168319702,0.6073257923126221,0.3305911421775818,0.1749572604894638,0.637134850025177,0.5136830806732178,0.04108233004808426,0.31990984082221985,0.6237303614616394,0.6255720257759094,0.33269861340522766,0.18440304696559906,0.6439520120620728,0.5136382579803467,0.04269113391637802,0.2729143798351288,0.6155828833580017,0.6183850765228271,0.3077683448791504,0.1930733621120453,0.6246671676635742,0.5292529463768005,0.06083345413208008,0.266694039106369,0.615178108215332,0.6223081946372986,0.31743112206459045,0.20014922320842743,0.6242871284484863,0.5306848883628845,0.05343468114733696,0.27484264969825745,0.5203759074211121,0.970085859298706,0.11912325769662857,0.9150453209877014,0.49225449562072754,0.9624691009521484,-0.11955700814723969,0.9393195509910583,0.6327846646308899,1.075705647468567,0.14475925266742706,0.25371071696281433,0.5601271390914917,1.115332841873169,-0.1951916515827179,0.6697157621383667,0.5780991315841675,1.310651183128357,0.2304478883743286,0.1890760213136673,0.55684494972229,1.4101142883300781,-0.12011893093585968,0.4495844841003418,0.5580288171768188,1.3361848592758179,0.23749415576457977,0.28252893686294556,0.5385586023330688,1.4390815496444702,-0.11441434919834137,0.5308939814567566,0.5983350276947021,1.3944804668426514,0.19471225142478943,0.2682354748249054,0.6060953140258789,1.5116022825241089,-0.18344861268997192,0.41506269574165344
0.46365222334861755,0.4503289759159088,-0.10097302496433258,0.9989182949066162,0.4597092568874359,0.4294734001159668,-0.08122950047254562,0.9987533688545227,0.4640238285064697,0.42948660254478455,-0.08144132792949677,0.9985308051109314,0.4683193564414978,0.4303501844406128,-0.0816338062286377,0.9988987445831299,0.4469570219516754,0.43032920360565186,-0.12287615239620209,0.9991593360900879,0.44137945771217346,0.4315321147441864,-0.12291532754898071,0.998969554901123,0.4350963234901428,0.4334164261817932,-0.12286881357431412,0.9990735054016113,0.46598777174949646,0.44354087114334106,0.04842480272054672,0.9989162087440491,0.42234525084495544,0.4468572437763214,-0.1411488950252533,0.999181866645813,0.5039270520210266,0.5048126578330994,-0.045992907136678696,0.9964398741722107,0.4852578043937683,0.5028030276298523,-0.10130457580089569,0.9964629411697388,0.47001928091049194,0.6096742749214172,0.170148104429245,0.9892148971557617,0.441952645778656,0.5681058168411255,-0.16855144500732422,0.9934998154640198,0.5514633655548096,0.6114703416824341,0.261201411485672,0.20090322196483612,0.5636872053146362,0.4825015962123871,-0.1927732527256012,0.7431507110595703,0.5946105718612671,0.622119128704071,0.2780897319316864,0.16412806510925293,0.621086597442627,0.4998922646045685,0.034663207828998566,0.306211918592453,0.5999287366867065,0.6327542066574097,0.2785748541355133,0.17376482486724854,0.6262553930282593,0.4947139322757721,0.03475991263985634,0.2592602074146271,0.5922044515609741,0.62403804063797,0.26587656140327454,0.1824137270450592,0.5933641195297241,0.5027361512184143,0.053143370896577835,0.2534439265727997,0.592600405216217,0.6272907257080078,0.26883989572525024,0.18907539546489716,0.6174216270446777,0.5256603956222534,0.04556642100214958,0.26150089502334595,0.5271133184432983,0.9798309206962585,0.0931120291352272,0.8932346701622009,0.5088802576065063,0.982855498790741,-0.09344097971916199,0.9194700121879578,0.613877534866333,1.163563847541809,0.10993790626525879,0.2585802972316742,0.5621870756149292,1.1773923635482788,-0.0839909166097641,0.6444214582443237,0.5815265774726868,1.3897660970687866,0.24008627235889435,0.18237175047397614,0.5615622401237488,1.4637852907180786,-0.018891137093305588,0.43253418803215027,0.5679099559783936,1.416187047958374,0.24755308032035828,0.2705308496952057,0.5412296652793884,1.5022164583206177,-0.018010515719652176,0.5055271983146667,0.59596186876297,1.4610599279403687,0.19075796008110046,0.25459301471710205,0.5942262411117554,1.5422660112380981,-0.11772143840789795,0.3952803313732147
0.4638870358467102,0.4504844546318054,-0.03971720114350319,0.9989801645278931,0.46001172065734863,0.42896130681037903,-0.017546020448207855,0.9988262057304382,0.46408790349960327,0.4289954602718353,-0.017680449411273003,0.9986096620559692,0.4683965742588043,0.42992275953292847,-0.01780960150063038,0.9989579916000366,0.4467524588108063,0.4302389919757843,-0.06113641709089279,0.9992097020149231,0.4405491352081299,0.43158990144729614,-0.061165738850831985,0.9990301132202148,0.4340563714504242,0.4335547983646393,-0.06112566590309143,0.9991281628608704,0.4660573899745941,0.44301897287368774,0.11667150259017944,0.9989659190177917,0.4193758964538574,0.446927011013031,-0.08110799640417099,0.9992276430130005,0.48527389764785767,0.49367406964302063,0.016177114099264145,0.99656742811203,0.46763187646865845,0.49252787232398987,-0.04145889729261398,0.9966014623641968,0.4664858877658844,0.609941303730011,0.23110350966453552,0.9893408417701721,0.4439968466758728,0.5670201182365417,-0.16467154026031494,0.99372398853302,0.5510782599449158,0.6098108291625977,0.276630699634552,0.19408586621284485,0.56402987241745,0.4808393120765686,-0.17562510073184967,0.7513002157211304,0.6032577157020569,0.5889684557914734,0.3060349225997925,0.16159126162528992,0.6087467670440674,0.49871787428855896,0.0941731184720993,0.302984356880188,0.6055139899253845,0.6198796629905701,0.3091577887535095,0.17166481912136078,0.6347206830978394,0.49661555886268616,0.09761227667331696,0.2557445168495178,0.5974597930908203,0.6109135150909424,0.292652428150177,0.18011358380317688,0.6125116348266602,0.5102202892303467,0.11239759624004364,0.2497793585062027,0.5963702201843262,0.6160520911216736,0.2957659363746643,0.18683870136737823,0.6289058923721313,0.5235176682472229,0.10730557143688202,0.25862717628479004,0.5234414339065552,0.9739639163017273,0.1234879270195961,0.8996939659118652,0.5054703950881958,0.9826409816741943,-0.12383311986923218,0.9252200722694397,0.6167227625846863,1.113477349281311,0.15548494458198547,0.2519254684448242,0.562471866607666,1.1016476154327393,-0.145882248878479,0.6532943844795227,0.5726771950721741,1.3773421049118042,0.2573931813240051,0.17739085853099823,0.5600134134292603,1.3879523277282715,-0.1045713797211647,0.4396783709526062,0.5539891719818115,1.3808943033218384,0.2631579041481018,0.26073116064071655,0.5407398343086243,1.4171626567840576,-0.1010567918419838,0.501742422580719,0.5883888006210327,1.400145411491394,0.23778848350048065,0.24865223467350006,0.5985645055770874,1.4906495809555054,-0.15949061512947083,0.39879223704338074
0.4631820619106293,0.4507613778114319,-0.060332782566547394,0.999030351638794,0.45964837074279785,0.42882850766181946,-0.035759247839450836,0.9988794326782227,0.46366453170776367,0.428815633058548,-0.035889528691768646,0.998665988445282,0.4680120348930359,0.42972052097320557,-0.036022596061229706,0.9989985227584839,0.4457523226737976,0.430547833442688,-0.07777826488018036,0.9992482662200928,0.4391014575958252,0.4319567382335663,-0.07779369503259659,0.9990771412849426,0.4324767589569092,0.4338805079460144,-0.07772611081600189,0.9991685748100281,0.4662441313266754,0.4428745210170746,0.10952554643154144,0.9989987015724182,0.41776663064956665,0.44712916016578674,-0.0820189043879509,0.9992613792419434,0.4777216911315918,0.48832741379737854,-0.0009004487656056881,0.9966275095939636,0.4607565999031067,0.4891745448112488,-0.056534308940172195,0.9966742992401123,0.4681932032108307,0.6102086305618286,0.24612775444984436,0.9892880320549011,0.44489145278930664,0.5670713782310486,-0.15856020152568817,0.9937785267829895,0.5530040860176086,0.6058147549629211,0.31484535336494446,0.18731020390987396,0.5639460682868958,0.47500765323638916,-0.17997413873672485,0.7540827393531799,0.6096405982971191,0.5919473171234131,0.29756230115890503,0.1564246267080307,0.6079320311546326,0.49698108434677124,0.08851712197065353,0.2940147817134857,0.6127045750617981,0.6194292306900024,0.2994387447834015,0.1671856939792633,0.6348508596420288,0.4962978661060333,0.08959567546844482,0.24705305695533752,0.6036813855171204,0.6106370687484741,0.2806157171726227,0.17546473443508148,0.6245408654212952,0.5154516100883484,0.10646031051874161,0.24107468128204346,0.6023638844490051,0.615611732006073,0.28614670038223267,0.18243317306041718,0.630969762802124,0.5244819521903992,0.10212860256433487,0.2507573664188385,0.5240274667739868,0.971161961555481,0.1202239990234375,0.9049447774887085,0.5055052042007446,0.9807103276252747,-0.12061566114425659,0.9300602078437805,0.6188825964927673,1.076928734779358,0.15505476295948029,0.24447369575500488,0.5634996891021729,1.084963321685791,-0.15451614558696747,0.6564164757728577,0.5718877911567688,1.3392810821533203,0.23370087146759033,0.1721019297838211,0.5573632121086121,1.370726227760315,-0.11521083116531372,0.44413459300994873,0.5544430017471313,1.3356597423553467,0.238133043050766,0.25141653418540955,0.5403760671615601,1.3968865871429443,-0.11112542450428009,0.4960573613643646,0.5850067734718323,1.3884536027908325,0.2100108563899994,0.24138562381267548,0.5907149910926819,1.4796195030212402,-0.1671261489391327,0.3986813724040985
0.4616134762763977,0.4510590732097626,-0.01222299225628376,0.9991075396537781,0.458814799785614,0.429015576839447,0.011170610785484314,0.99896639585495,0.46294283866882324,0.4290000796318054,0.011066869832575321,0.9987714886665344,0.46741876006126404,0.42990121245384216,0.010890432633459568,0.999078094959259,0.4445030689239502,0.43080779910087585,-0.03300517052412033,0.9993067979812622,0.4377550482749939,0.432224303483963,-0.03296978771686554,0.9991503357887268,0.4311344027519226,0.434154212474823,-0.03287646546959877,0.9992314577102661,0.46593403816223145,0.4429921507835388,0.15811783075332642,0.9990772604942322,0.4164732098579407,0.44734665751457214,-0.042424820363521576,0.9993178248405457,0.4736233353614807,0.48612138628959656,0.04734030365943909,0.9968507885932922,0.45705515146255493,0.4873245060443878,-0.011379101313650608,0.9968883991241455,0.4692891538143158,0.609579861164093,0.29838821291923523,0.9896467924118042,0.4339788854122162,0.5640566349029541,-0.1479743868112564,0.9939588308334351,0.5608601570129395,0.6045560240745544,0.36632972955703735,0.18558835983276367,0.5587786436080933,0.47131237387657166,-0.1777934730052948,0.7581161856651306,0.6110391020774841,0.5842516422271729,0.3012236952781677,0.1610645353794098,0.606998085975647,0.49605461955070496,0.08974901586771011,0.29120221734046936,0.6157497763633728,0.60162752866745,0.3075993061065674,0.17233458161354065,0.6381872892379761,0.4968065023422241,0.09100864082574844,0.2444838285446167,0.6104110479354858,0.5951709151268005,0.29159632325172424,0.1809515804052353,0.6298796534538269,0.5161861777305603,0.10711713135242462,0.23838314414024353,0.6076716780662537,0.6014512777328491,0.2924284338951111,0.18824772536754608,0.6249329447746277,0.5230130553245544,0.10314266383647919,0.2494352161884308,0.5243975520133972,0.9650342464447021,0.12245500087738037,0.9121029376983643,0.49156442284584045,0.9780285954475403,-0.12269993126392365,0.9360164403915405,0.6633344888687134,0.9562150835990906,0.11806434392929077,0.26423510909080505,0.5566722750663757,1.0320042371749878,-0.2900940775871277,0.683350145816803,0.5744929909706116,1.2327402830123901,0.2155851125717163,0.18526914715766907,0.558951735496521,1.343596339225769,-0.17696157097816467,0.467641144990921,0.5543094277381897,1.2498970031738281,0.21570584177970886,0.2627151310443878,0.542275071144104,1.3569625616073608,-0.16129162907600403,0.5124890804290771,0.5852710008621216,1.3461453914642334,0.19028089940547943,0.2503179609775543,0.5911816358566284,1.4676783084869385,-0.19513021409511566,0.4113045334815979
0.46062707901000977,0.45117655396461487,-0.12023359537124634,0.9990791082382202,0.45886367559432983,0.4287269413471222,-0.09247108548879623,0.9989242553710938,0.46311649680137634,0.4286879301071167,-0.09263558685779572,0.9987008571624756,0.46769505739212036,0.4296415448188782,-0.09280257672071457,0.9990183711051941,0.4436963200569153,0.4309273064136505,-0.13384532928466797,0.9992802739143372,0.43653741478919983,0.4324227273464203,-0.13386371731758118,0.9991135001182556,0.4296007752418518,0.43434280157089233,-0.13376013934612274,0.9991931319236755,0.4661864638328552,0.44316908717155457,0.07121773809194565,0.9990082383155823,0.4158943295478821,0.4475001394748688,-0.11670640856027603,0.9992785453796387,0.47320279479026794,0.48536306619644165,-0.05506322905421257,0.9966340065002441,0.4553491473197937,0.48696014285087585,-0.10950316488742828,0.9966632723808289,0.46953701972961426,0.6083762049674988,0.2232833355665207,0.9889935255050659,0.43445053696632385,0.5646474957466125,-0.18964646756649017,0.9933595061302185,0.5610547661781311,0.6151893138885498,0.3063111901283264,0.17705658078193665,0.5566020011901855,0.4719318747520447,-0.233650803565979,0.7618442177772522,0.613124430179596,0.6097860336303711,0.23137763142585754,0.15347637236118317,0.5942543745040894,0.49459293484687805,0.015465691685676575,0.27988117933273315,0.6148290038108826,0.6522504091262817,0.22042754292488098,0.16568759083747864,0.628912091255188,0.49027007818222046,0.008142977952957153,0.23384784162044525,0.6057124733924866,0.6416528820991516,0.1974170207977295,0.17451180517673492,0.6173545122146606,0.50970858335495,0.02558603323996067,0.22815300524234772,0.6033284068107605,0.6425127387046814,0.21634416282176971,0.181377112865448,0.6171596646308899,0.513518214225769,0.026939626783132553,0.23962843418121338,0.5247780084609985,0.9648588299751282,0.12071768194437027,0.9100042581558228,0.49333542585372925,0.9774587154388428,-0.12099727243185043,0.936742901802063,0.6421132683753967,1.0016522407531738,0.12009754031896591,0.26222142577171326,0.5412259101867676,1.07228422164917,-0.24957723915576935,0.6855989098548889,0.5708327889442444,1.2533797025680542,0.23031099140644073,0.1809116154909134,0.553022027015686,1.3736804723739624,-0.11033763736486435,0.46808552742004395,0.5519624948501587,1.2784123420715332,0.2370305061340332,0.25316423177719116,0.540219783782959,1.4021250009536743,-0.10178806632757187,0.5026025176048279,0.583861231803894,1.3418697118759155,0.19322159886360168,0.24292026460170746,0.5887913107872009,1.4812039136886597,-0.17415137588977814,0.4065238833427429
0.4604867398738861,0.451303094625473,-0.0614570677280426,0.9991194009780884,0.45875877141952515,0.42885056138038635,-0.036917854100465775,0.9989714026451111,0.4630267024040222,0.42881280183792114,-0.03707918897271156,0.9987564086914062,0.46766024827957153,0.42974770069122314,-0.03723542019724846,0.999062716960907,0.44349581003189087,0.4311520457267761,-0.07921247184276581,0.9993115663528442,0.4363444447517395,0.43291977047920227,-0.07923931628465652,0.9991543292999268,0.42949944734573364,0.43512704968452454,-0.07920052856206894,0.9992274641990662,0.46658921241760254,0.443724662065506,0.10484297573566437,0.999046802520752,0.4158833622932434,0.44840753078460693,-0.0895087867975235,0.9993100166320801,0.4726603031158447,0.4854210913181305,-0.003824392333626747,0.9967129230499268,0.454916775226593,0.4872782826423645,-0.06012342497706413,0.9967465996742249,0.4701891541481018,0.6084940433502197,0.22996333241462708,0.9892915487289429,0.4355362355709076,0.5650761723518372,-0.16534359753131866,0.9934993982315063,0.5630897879600525,0.6149810552597046,0.31921589374542236,0.17384210228919983,0.5561641454696655,0.4723740220069885,-0.20176489651203156,0.7549672722816467,0.6105684041976929,0.6094767451286316,0.2687905430793762,0.14965888857841492,0.5956971645355225,0.49855682253837585,0.030766641721129417,0.26849037408828735,0.6089744567871094,0.6421935558319092,0.2656014859676361,0.1621599942445755,0.6256814002990723,0.49559637904167175,0.026990335434675217,0.22410671412944794,0.6005217432975769,0.6356232762336731,0.24722714722156525,0.17102918028831482,0.6123407483100891,0.5091580748558044,0.04408465698361397,0.2186121642589569,0.5999452471733093,0.6376457810401917,0.2569471001625061,0.1777135729789734,0.5991872549057007,0.5153442621231079,0.042959947139024734,0.23053814470767975,0.5249571800231934,0.9649813771247864,0.12287114560604095,0.9168883562088013,0.49463099241256714,0.9771455526351929,-0.12323423475027084,0.9420865774154663,0.6450759172439575,0.973866879940033,0.13931861519813538,0.25909674167633057,0.5462179183959961,1.0221127271652222,-0.24058814346790314,0.698650062084198,0.5706614255905151,1.2195117473602295,0.21707317233085632,0.18367962539196014,0.5549317598342896,1.3305569887161255,-0.16564032435417175,0.4763636589050293,0.5495748519897461,1.2440147399902344,0.22224709391593933,0.2532041668891907,0.5405104160308838,1.3540793657302856,-0.15724512934684753,0.5083879828453064,0.5839582085609436,1.3068578243255615,0.18106836080551147,0.2457471340894699,0.590181291103363,1.455226182937622,-0.20234529674053192,0.4107123017311096
0.46021074056625366,0.4515047073364258,-0.10897692292928696,0.9990653395652771,0.45855385065078735,0.42888036370277405,-0.08390094339847565,0.9989107847213745,0.4626571238040924,0.42870113253593445,-0.08402501046657562,0.9986864328384399,0.46701884269714355,0.42943716049194336,-0.08413732796907425,0.9989855289459229,0.44358953833580017,0.4312330186367035,-0.12832331657409668,0.9992813467979431,0.4364614486694336,0.433048278093338,-0.12836961448192596,0.9991270899772644,0.429299533367157,0.4354688227176666,-0.12836851179599762,0.9991893172264099,0.4665115773677826,0.4434385299682617,0.0686318576335907,0.9989373087882996,0.4159380793571472,0.4486149251461029,-0.13488024473190308,0.9992751479148865,0.47102028131484985,0.48509910702705383,-0.046486496925354004,0.9964722990989685,0.45445841550827026,0.487318217754364,-0.10553250461816788,0.9965484142303467,0.4729268550872803,0.6115763783454895,0.226832777261734,0.9885014891624451,0.4363323748111725,0.5653585195541382,-0.2201855629682541,0.9931536316871643,0.5667464733123779,0.6036806106567383,0.29896387457847595,0.16879317164421082,0.5563831925392151,0.4810999929904938,-0.2989731431007385,0.7532708048820496,0.6556071043014526,0.5965563058853149,0.2313835173845291,0.14816653728485107,0.6312453150749207,0.5193628072738647,-0.1353360116481781,0.26917722821235657,0.6794124841690063,0.5965989232063293,0.23079237341880798,0.1617521196603775,0.6557068228721619,0.5251562595367432,-0.15018649399280548,0.22583238780498505,0.6625434756278992,0.6170998811721802,0.1982763558626175,0.17084811627864838,0.6594478487968445,0.5302208065986633,-0.12806621193885803,0.22034339606761932,0.6700738668441772,0.5936193466186523,0.21320073306560516,0.17804907262325287,0.6536269783973694,0.5301886796951294,-0.1219901293516159,0.23187518119812012,0.5277346968650818,0.9656590819358826,0.12971779704093933,0.9134750962257385,0.5029378533363342,0.9767656922340393,-0.13005521893501282,0.9396421909332275,0.6319054961204529,1.050294280052185,0.14898547530174255,0.25081223249435425,0.5601833462715149,1.096750020980835,-0.1834006905555725,0.6855438351631165,0.5778413414955139,1.2928155660629272,0.27849525213241577,0.17600327730178833,0.555799126625061,1.3864860534667969,-0.09452138841152191,0.4659227132797241,0.5631667971611023,1.320523738861084,0.28597527742385864,0.2436448037624359,0.5419967770576477,1.415433645248413,-0.08872117102146149,0.4924253523349762,0.5951807498931885,1.3757268190383911,0.23785153031349182,0.23467345535755157,0.5929552316665649,1.4884815216064453,-0.16739606857299805,0.3994574248790741
0.46079832315444946,0.4516129791736603,-0.04589478671550751,0.9991276860237122,0.45880126953125,0.4289395213127136,-0.027992835268378258,0.9989787340164185,0.4627975821495056,0.4287833571434021,-0.028056293725967407,0.9987726211547852,0.4670166075229645,0.4295465052127838,-0.02815462276339531,0.999052107334137,0.44400525093078613,0.4312953054904938,-0.07734722644090652,0.9993270039558411,0.43699368834495544,0.4331088066101074,-0.07734763622283936,0.9991864562034607,0.4299545884132385,0.4355340600013733,-0.07739758491516113,0.9992421269416809,0.46623533964157104,0.4435372054576874,0.10162140429019928,0.9990092515945435,0.4162820875644684,0.4487996995449066,-0.113735631108284,0.9993237853050232,0.4713614583015442,0.4847778379917145,0.008877604268491268,0.9967080950737,0.4556099474430084,0.48684704303741455,-0.057393450289964676,0.9967776536941528,0.47474509477615356,0.6142043471336365,0.24966387450695038,0.9891373515129089,0.433590829372406,0.5660719275474548,-0.19060193002223969,0.9936199188232422,0.5846627354621887,0.6028687357902527,0.3328021764755249,0.1656806766986847,0.5569038987159729,0.4814549684524536,-0.2425709217786789,0.7566075325012207,0.6751559376716614,0.5965566635131836,0.3144327998161316,0.15000367164611816,0.6536373496055603,0.5349984765052795,-0.052067749202251434,0.2745686173439026,0.6955639719963074,0.5954777002334595,0.32554176449775696,0.16469532251358032,0.6808582544326782,0.5520269274711609,-0.0611816830933094,0.23158025741577148,0.6789290308952332,0.6170949339866638,0.28843843936920166,0.173946812748909,0.6817903518676758,0.5486787557601929,-0.033667728304862976,0.22553959488868713,0.6780956387519836,0.6020711064338684,0.29685908555984497,0.1815391182899475,0.676192581653595,0.5461965799331665,-0.036260899156332016,0.2374439835548401,0.5282546281814575,0.9661003351211548,0.1280381977558136,0.9197117686271667,0.5028413534164429,0.9757978320121765,-0.1283833384513855,0.944450318813324,0.6314195394515991,1.0454671382904053,0.1702570766210556,0.25288161635398865,0.5738046169281006,1.0798133611679077,-0.17412486672401428,0.6961105465888977,0.5858877897262573,1.2861663103103638,0.2682490348815918,0.17869995534420013,0.5619383454322815,1.3728387355804443,-0.09753524512052536,0.4750855565071106,0.5697914361953735,1.3129346370697021,0.2745286524295807,0.24598054587841034,0.5446676015853882,1.4027711153030396,-0.09034272283315659,0.4963110387325287,0.6103694438934326,1.3604520559310913,0.2387050837278366,0.23584938049316406,0.6058834195137024,1.4790843725204468,-0.14696551859378815,0.4023990333080292
0.4611515402793884,0.451749324798584,-0.044482916593551636,0.9991673231124878,0.4589924216270447,0.4289897680282593,-0.024079810827970505,0.9990267157554626,0.4629189968109131,0.4287939965724945,-0.024214643985033035,0.9988327026367188,0.4670531153678894,0.42949140071868896,-0.02435225620865822,0.9990985989570618,0.4443237781524658,0.4314141571521759,-0.06879904121160507,0.9993615746498108,0.4373731017112732,0.4332098662853241,-0.06879684329032898,0.9992306232452393,0.43039703369140625,0.43557092547416687,-0.06877993047237396,0.9992809295654297,0.46625661849975586,0.44356098771095276,0.10736030340194702,0.9990535378456116,0.4164871573448181,0.4489686191082001,-0.09302140027284622,0.999366044998169,0.47190603613853455,0.48434966802597046,0.009152941405773163,0.9968568086624146,0.45641225576400757,0.4867500364780426,-0.04974737390875816,0.9969297051429749,0.48226380348205566,0.6186987161636353,0.25493353605270386,0.9894205927848816,0.4346258044242859,0.5662733316421509,-0.17493264377117157,0.9939739108085632,0.5859509706497192,0.603179395198822,0.3344971239566803,0.16217906773090363,0.5572051405906677,0.4852941930294037,-0.23864209651947021,0.7570070624351501,0.6722056269645691,0.5966217517852783,0.31671515107154846,0.14809437096118927,0.6567055583000183,0.5376282930374146,-0.06335141509771347,0.2836669385433197,0.6955932378768921,0.5960143804550171,0.3248462975025177,0.16304686665534973,0.6825030446052551,0.5490838885307312,-0.07369992882013321,0.2391694188117981,0.6766538023948669,0.6171716451644897,0.2913369834423065,0.1724003106355667,0.6856158971786499,0.5504505038261414,-0.04740361124277115,0.23241543769836426,0.6747118234634399,0.6082808971405029,0.2998095750808716,0.18064060807228088,0.6822317242622375,0.5468587279319763,-0.048042695969343185,0.24461930990219116,0.5339096784591675,0.9676807522773743,0.1166149377822876,0.9231677055358887,0.5077782869338989,0.9733795523643494,-0.11699805408716202,0.9480700492858887,0.6291670799255371,1.0434712171554565,0.10240703821182251,0.2526107430458069,0.5733718276023865,1.0824534893035889,-0.18102362751960754,0.6952494382858276,0.5895624160766602,1.2813148498535156,0.21255207061767578,0.17663292586803436,0.568479061126709,1.3732808828353882,-0.1101398691534996,0.46728724241256714,0.5771862268447876,1.3107486963272095,0.21946600079536438,0.24404729902744293,0.5583073496818542,1.4000922441482544,-0.10378102213144302,0.4877479076385498,0.6095949411392212,1.3541152477264404,0.1578739583492279,0.2306196689605713,0.6019247770309448,1.4826945066452026,-0.1518465280532837,0.3918745219707489
0.46144574880599976,0.45184648036956787,0.022252492606639862,0.9992347955703735,0.4590941369533539,0.4290534257888794,0.04967842623591423,0.9991046190261841,0.4629994034767151,0.4288445711135864,0.049591027200222015,0.9989269375801086,0.4671269953250885,0.4295252859592438,0.049472298473119736,0.9991719722747803,0.44449716806411743,0.4315088093280792,0.004661688581109047,0.9994131326675415,0.43749260902404785,0.4332965016365051,0.004623898304998875,0.9992939233779907,0.4305237829685211,0.4356432557106018,0.004545389208942652,0.9993400573730469,0.4663449227809906,0.44360244274139404,0.1916671246290207,0.9991320967674255,0.4165354371070862,0.4490326941013336,-0.013513530604541302,0.9994206428527832,0.47215980291366577,0.4839542806148529,0.07779396325349808,0.9971086978912354,0.45673495531082153,0.48623326420783997,0.018094079568982124,0.9971805214881897,0.4859214723110199,0.6189842224121094,0.3124109208583832,0.9899289608001709,0.42791396379470825,0.567954421043396,-0.1097867339849472,0.994434118270874,0.5988003015518188,0.6037454009056091,0.374967098236084,0.15873725712299347,0.5463233590126038,0.49445515871047974,-0.21972277760505676,0.754963755607605,0.6861221194267273,0.5972397327423096,0.34706175327301025,0.14976589381694794,0.66404789686203,0.5483094453811646,-0.051959890872240067,0.2864450216293335,0.7102762460708618,0.5966106057167053,0.35459619760513306,0.16640856862068176,0.6898939609527588,0.55888831615448,-0.06471319496631622,0.24356544017791748,0.706908643245697,0.6044902801513672,0.32116907835006714,0.17585647106170654,0.6941415071487427,0.5616875290870667,-0.03346386179327965,0.2362041473388672,0.6944139003753662,0.6110413074493408,0.33041995763778687,0.1848868727684021,0.6926915645599365,0.5589934587478638,-0.03545976057648659,0.2482878863811493,0.5338074564933777,0.9679308533668518,0.11350853741168976,0.9287956357002258,0.5071250200271606,0.9674838781356812,-0.11387042701244354,0.9523376226425171,0.624832034111023,1.0092954635620117,0.16867214441299438,0.2527676224708557,0.5784046649932861,1.0360075235366821,-0.14707322418689728,0.6992908120155334,0.5947733521461487,1.2455248832702637,0.15292036533355713,0.18296612799167633,0.5776172280311584,1.328357458114624,-0.17591960728168488,0.4714146554470062,0.5825986862182617,1.2805370092391968,0.14371204376220703,0.2562405467033386,0.565757691860199,1.3547437191009521,-0.18144097924232483,0.49655476212501526,0.6208746433258057,1.3175314664840698,0.09373016655445099,0.2381071299314499,0.6133872270584106,1.4493567943572998,-0.23144927620887756,0.3951161801815033
0.4615131914615631,0.45261862874031067,0.18003955483436584,0.999305784702301,0.45905154943466187,0.4294424057006836,0.21373383700847626,0.9991868734359741,0.46301549673080444,0.4291185140609741,0.21355381608009338,0.9990261793136597,0.4671686291694641,0.42967113852500916,0.213385671377182,0.9992494583129883,0.4439655840396881,0.43218034505844116,0.17356359958648682,0.9994674324989319,0.43684157729148865,0.43410053849220276,0.17346006631851196,0.9993596076965332,0.4297066330909729,0.43660134077072144,0.1732962280511856,0.999401330947876,0.46641045808792114,0.44362011551856995,0.35289254784584045,0.9992138147354126,0.415513813495636,0.45007258653640747,0.17032723128795624,0.9994744062423706,0.47218337655067444,0.48407599329948425,0.2308487445116043,0.9973714351654053,0.4560233950614929,0.48660245537757874,0.17748717963695526,0.9974353313446045,0.48833411931991577,0.6189385056495667,0.4248558580875397,0.9904733896255493,0.42055875062942505,0.5665430426597595,0.030579980462789536,0.9949221014976501,0.6034702062606812,0.6045404076576233,0.4006196856498718,0.15895509719848633,0.5426557064056396,0.5084417462348938,-0.15829983353614807,0.7560200095176697,0.6856590509414673,0.5931560397148132,0.3341544270515442,0.1575934737920761,0.6680635213851929,0.5535001158714294,-0.12977349758148193,0.29893115162849426,0.7141110301017761,0.5846149921417236,0.32459089159965515,0.1749117225408554,0.701607346534729,0.5710915327072144,-0.1479700803756714,0.25610750913619995,0.7068749070167542,0.603198230266571,0.2995463013648987,0.1843167245388031,0.7035040855407715,0.5680912137031555,-0.1188480481505394,0.2479049414396286,0.6999691128730774,0.6088496446609497,0.3185991048812866,0.19391091167926788,0.7039052248001099,0.563083827495575,-0.11595703661441803,0.2591972351074219,0.5339668393135071,0.9659512042999268,0.10614243894815445,0.9354069828987122,0.49285149574279785,0.9530736207962036,-0.10650058090686798,0.9568946361541748,0.6556116342544556,0.9445936679840088,0.15817424654960632,0.28361761569976807,0.5774872899055481,0.9556921124458313,-0.1689145267009735,0.7196217179298401,0.6057888269424438,1.1838469505310059,0.0013724403688684106,0.2161504179239273,0.578771710395813,1.2740541696548462,-0.3195260465145111,0.49762314558029175,0.5858019590377808,1.216033935546875,-0.019537542015314102,0.2971847653388977,0.5652359127998352,1.3008538484573364,-0.33278417587280273,0.5250478982925415,0.6396865248680115,1.2725441455841064,-0.07902420312166214,0.2734566926956177,0.6203616857528687,1.4184627532958984,-0.3923341631889343,0.42111659049987793
0.4620897173881531,0.45498907566070557,0.005243873223662376,0.999292254447937,0.459130197763443,0.43177857995033264,0.023995090276002884,0.9991699457168579,0.4630577564239502,0.43164923787117004,0.023826362565159798,0.9990218877792358,0.46723049879074097,0.43219396471977234,0.023690173402428627,0.9992386698722839,0.44419971108436584,0.433451384305954,-0.026192855089902878,0.9994518756866455,0.43701857328414917,0.4350232779979706,-0.026246294379234314,0.9993509650230408,0.42995572090148926,0.43722155690193176,-0.02634185552597046,0.9993877410888672,0.4653260111808777,0.44482555985450745,0.15311899781227112,0.9992137551307678,0.41556286811828613,0.4504047930240631,-0.07449264079332352,0.9994748830795288,0.47205179929733276,0.48506325483322144,0.06018359214067459,0.997443675994873,0.4563460350036621,0.48706257343292236,-0.006841602269560099,0.9974923729896545,0.47535163164138794,0.6191993355751038,0.2911955714225769,0.990584671497345,0.4208274781703949,0.5684430003166199,-0.17925035953521729,0.9951302409172058,0.5763948559761047,0.6053518056869507,0.3293067514896393,0.1579810082912445,0.5446696877479553,0.5169331431388855,-0.28743255138397217,0.7674592733383179,0.6772848963737488,0.5978754758834839,0.2728593945503235,0.15481598675251007,0.6791830658912659,0.5580666065216064,-0.17249558866024017,0.3188610076904297,0.7022690176963806,0.5873288512229919,0.2708057165145874,0.17235875129699707,0.7067521810531616,0.5734724402427673,-0.1915353238582611,0.2740366756916046,0.6948490738868713,0.6151337027549744,0.23511619865894318,0.18206645548343658,0.7077138423919678,0.5703016519546509,-0.1657743752002716,0.26563483476638794,0.688913881778717,0.6198322176933289,0.2541361451148987,0.1914571225643158,0.7063232660293579,0.5690964460372925,-0.15765655040740967,0.2761203348636627,0.5289218425750732,0.9687329530715942,0.11667261272668839,0.9270949363708496,0.4939766526222229,0.9614438414573669,-0.11677670478820801,0.9541588425636292,0.6154221892356873,1.0825247764587402,0.14299970865249634,0.2851242125034332,0.5750111937522888,1.1371432542800903,-0.16171149909496307,0.7171567678451538,0.6041281223297119,1.3240492343902588,0.21932323276996613,0.21064570546150208,0.5789064764976501,1.4166343212127686,-0.11225303262472153,0.4920787513256073,0.5895611643791199,1.358181357383728,0.2237766981124878,0.2902259826660156,0.5650803446769714,1.4494932889938354,-0.1100635975599289,0.5169785022735596,0.6363292932510376,1.3937342166900635,0.1432567983865738,0.26436421275138855,0.6227631568908691,1.5031017065048218,-0.21912583708763123,0.4140733778476715
0.463510125875473,0.4560898542404175,-0.07821843773126602,0.999182939529419,0.45988520979881287,0.432759553194046,-0.054602570831775665,0.9990361332893372,0.4636053144931793,0.4328538179397583,-0.05476570874452591,0.9988946914672852,0.46766552329063416,0.43348732590675354,-0.05489017441868782,0.9991044402122498,0.4449048638343811,0.4337709844112396,-0.10758934170007706,0.9993560314178467,0.4375874102115631,0.4351806938648224,-0.10766921192407608,0.9992634057998657,0.43018603324890137,0.43729013204574585,-0.1077776551246643,0.9992831349372864,0.4652024209499359,0.44579118490219116,0.09544085711240768,0.9990592002868652,0.4151105284690857,0.4505634903907776,-0.14538827538490295,0.9993951916694641,0.472149133682251,0.48575344681739807,-0.015107115730643272,0.9971988201141357,0.45657864212989807,0.4872874617576599,-0.08526495844125748,0.9972482919692993,0.47579678893089294,0.6161535382270813,0.2641291618347168,0.989438533782959,0.4189000725746155,0.5708454251289368,-0.2541705369949341,0.9945477247238159,0.577652633190155,0.6049999594688416,0.3129923641681671,0.1597697138786316,0.5459676384925842,0.5263856053352356,-0.3529258370399475,0.7757365703582764,0.6772230863571167,0.5973079204559326,0.2400379180908203,0.15904782712459564,0.681174635887146,0.5685209631919861,-0.19919750094413757,0.3293045461177826,0.7066487669944763,0.5892599821090698,0.23981916904449463,0.17660515010356903,0.7098004817962646,0.5779696702957153,-0.2156936675310135,0.28341275453567505,0.7038080096244812,0.6035279035568237,0.20154567062854767,0.18744154274463654,0.7142626047134399,0.5791853070259094,-0.19092990458011627,0.2758846580982208,0.6934083700180054,0.6188857555389404,0.21891570091247559,0.19664745032787323,0.7124500870704651,0.5747088193893433,-0.18332277238368988,0.2846876084804535,0.5289732217788696,0.9754210710525513,0.13822075724601746,0.8987024426460266,0.49399346113204956,0.9725444912910461,-0.13798139989376068,0.9318553805351257,0.5998883843421936,1.1628493070602417,0.16334517300128937,0.27455657720565796,0.5489332675933838,1.186618447303772,-0.14142248034477234,0.6927512288093567,0.6027472615242004,1.39662766456604,0.3177264332771301,0.1973448246717453,0.5645180940628052,1.4707772731781006,-0.045149922370910645,0.4707864820957184,0.5910177826881409,1.4267313480377197,0.3246213495731354,0.27246615290641785,0.5532703399658203,1.5114067792892456,-0.041972868144512177,0.490784227848053,0.6320882439613342,1.473567247390747,0.22764208912849426,0.24962837994098663,0.6094321012496948,1.5441852807998657,-0.17466944456100464,0.3968014121055603
0.4635520875453949,0.4573241174221039,-0.11537964642047882,0.998982310295105,0.4602201581001282,0.43364641070365906,-0.09014718979597092,0.9986869692802429,0.46394896507263184,0.4337013065814972,-0.09037067741155624,0.9985690116882324,0.4679808020591736,0.43415793776512146,-0.0905325636267662,0.9987786412239075,0.4449983239173889,0.4345012605190277,-0.14026854932308197,0.9991000890731812,0.4376490116119385,0.4358178377151489,-0.14033736288547516,0.9990375638008118,0.4301016330718994,0.4378165602684021,-0.14045700430870056,0.9990082383155823,0.46524491906166077,0.4457940459251404,0.07471214979887009,0.9987402558326721,0.41341137886047363,0.45074912905693054,-0.15292179584503174,0.9991936683654785,0.4719645082950592,0.4859379827976227,-0.04646671190857887,0.9967957139015198,0.4559646248817444,0.48758989572525024,-0.11241878569126129,0.9967914819717407,0.47089868783950806,0.6139212846755981,0.25947409868240356,0.9892715811729431,0.4149715304374695,0.572443425655365,-0.2630406320095062,0.9946321249008179,0.5772842764854431,0.624136745929718,0.2937539219856262,0.15962180495262146,0.546660304069519,0.5304836630821228,-0.43288129568099976,0.7885992527008057,0.6759350299835205,0.6252143383026123,0.17201220989227295,0.1558462232351303,0.684557318687439,0.5752295851707458,-0.4109611511230469,0.3566563129425049,0.7040334939956665,0.6163853406906128,0.16677150130271912,0.1739443689584732,0.716248095035553,0.5896443724632263,-0.45221465826034546,0.3081240653991699,0.6958020329475403,0.6664912700653076,0.12351503223180771,0.18553148210048676,0.7189608812332153,0.5874566435813904,-0.4256540834903717,0.3013269007205963,0.6894465684890747,0.6690372824668884,0.14887025952339172,0.1943158507347107,0.7199890613555908,0.587001383304596,-0.3979836106300354,0.30733832716941833,0.524199366569519,0.9783874154090881,0.15099439024925232,0.8784217834472656,0.49135828018188477,0.9782616496086121,-0.15082606673240662,0.9208621382713318,0.5948781371116638,1.1660252809524536,0.18936246633529663,0.2764616310596466,0.5525010228157043,1.1776478290557861,-0.15137043595314026,0.6928910613059998,0.6077879667282104,1.3929247856140137,0.3479689061641693,0.19597680866718292,0.5650306344032288,1.480721116065979,-0.052066780626773834,0.4757765531539917,0.5997030735015869,1.4233378171920776,0.3555862307548523,0.27375277876853943,0.5525398254394531,1.5234688520431519,-0.04769883304834366,0.4953750669956207,0.6450761556625366,1.4674346446990967,0.26233455538749695,0.24170340597629547,0.6131184101104736,1.5611193180084229,-0.17390349507331848,0.39603427052497864
0.4637768864631653,0.4598939120769501,-0.11612983047962189,0.9985053539276123,0.4610982835292816,0.4356977641582489,-0.08928298205137253,0.9981486797332764,0.4648500084877014,0.4357872009277344,-0.08953970670700073,0.9979948997497559,0.46888160705566406,0.43615010380744934,-0.08973455429077148,0.9982837438583374,0.4453565180301666,0.43565601110458374,-0.13926556706428528,0.9986985921859741,0.437677800655365,0.4365043044090271,-0.13928458094596863,0.998588502407074,0.4302235245704651,0.43814316391944885,-0.1393945813179016,0.998493492603302,0.4655682444572449,0.4466228187084198,0.07374291121959686,0.9982007741928101,0.41271868348121643,0.45079129934310913,-0.15495720505714417,0.9986997842788696,0.4719882905483246,0.4872263967990875,-0.0482872910797596,0.9956035017967224,0.4556833803653717,0.48848757147789,-0.11457754671573639,0.9954273700714111,0.4714123606681824,0.6099997758865356,0.23439106345176697,0.987315833568573,0.4122920632362366,0.5730190873146057,-0.25974732637405396,0.9925646185874939,0.581784188747406,0.6209694743156433,0.26184096932411194,0.1596720665693283,0.5436932444572449,0.5409785509109497,-0.4277941584587097,0.7902646064758301,0.6798526644706726,0.6123316884040833,0.14687322080135345,0.1640634983778,0.6835418343544006,0.5777848958969116,-0.38203826546669006,0.3655190169811249,0.7111176252365112,0.605647623538971,0.13880379498004913,0.1833334118127823,0.7139701247215271,0.592552125453949,-0.4147913455963135,0.31574028730392456,0.7050497531890869,0.6071710586547852,0.09841199964284897,0.1968262493610382,0.7175639867782593,0.5916445255279541,-0.3931483030319214,0.3104390799999237,0.7023373246192932,0.6347922086715698,0.12387220561504364,0.20520545542240143,0.7150492072105408,0.591113269329071,-0.37092795968055725,0.31455761194229126,0.5232434868812561,0.9798486828804016,0.14610126614570618,0.8449110984802246,0.4861334264278412,0.9808599352836609,-0.14595195651054382,0.8871714472770691,0.582905650138855,1.205361247062683,0.18380942940711975,0.2646907567977905,0.528145432472229,1.2061741352081299,-0.13114479184150696,0.6610273718833923,0.5976811647415161,1.4331706762313843,0.3249611258506775,0.1808333843946457,0.5466080904006958,1.497051477432251,-0.03219020739197731,0.44895875453948975,0.5935764312744141,1.459730863571167,0.33185938000679016,0.253395676612854,0.5365010499954224,1.54316246509552,-0.029561752453446388,0.46502721309661865,0.6227959394454956,1.5161025524139404,0.22910018265247345,0.2241048812866211,0.5843148231506348,1.5634496212005615,-0.17205029726028442,0.3731669485569
0.4644237458705902,0.46192601323127747,-0.08578705787658691,0.9982985854148865,0.4621855318546295,0.4379635751247406,-0.06261657178401947,0.9978442788124084,0.46576595306396484,0.4380035102367401,-0.06286261975765228,0.9977155327796936,0.46957677602767944,0.43817979097366333,-0.06306259334087372,0.9980464577674866,0.44654759764671326,0.4373089671134949,-0.11327819526195526,0.9984568357467651,0.4385700821876526,0.4376724362373352,-0.11330590397119522,0.9983388185501099,0.4306812882423401,0.43880555033683777,-0.11341898143291473,0.9982014894485474,0.46561846137046814,0.44718125462532043,0.08490331470966339,0.9979772567749023,0.4125916063785553,0.4508209228515625,-0.149741530418396,0.9984844923019409,0.4720231592655182,0.4880121648311615,-0.022960690781474113,0.9952648878097534,0.45572343468666077,0.4889279305934906,-0.0900702103972435,0.9950082302093506,0.4611368179321289,0.609641969203949,0.23770856857299805,0.9873568415641785,0.41207581758499146,0.5728052854537964,-0.24974897503852844,0.992658257484436,0.5700045824050903,0.6206280589103699,0.26661598682403564,0.16490796208381653,0.5443021655082703,0.5428974032402039,-0.40746933221817017,0.7966748476028442,0.6775972843170166,0.6115028262138367,0.1671147644519806,0.17104552686214447,0.684611439704895,0.5783705115318298,-0.37193602323532104,0.38521629571914673,0.706720232963562,0.6010609865188599,0.1600968986749649,0.19003896415233612,0.7161905169487,0.591558575630188,-0.40912896394729614,0.3326275646686554,0.7040556073188782,0.6062129139900208,0.11827830225229263,0.20451489090919495,0.7177003622055054,0.590880274772644,-0.38607096672058105,0.32709652185440063,0.6993240118026733,0.6245307922363281,0.14396336674690247,0.2125324159860611,0.7191122770309448,0.5878602266311646,-0.3615012764930725,0.3293820917606354,0.5133782625198364,0.9797436594963074,0.14270293712615967,0.8352813720703125,0.4785708785057068,0.9803746342658997,-0.1426267921924591,0.8809261918067932,0.5823202133178711,1.1980416774749756,0.17768435180187225,0.26951563358306885,0.5318085551261902,1.201377272605896,-0.12660019099712372,0.6579587459564209,0.5982884168624878,1.4180614948272705,0.3252483308315277,0.17747274041175842,0.5472640991210938,1.4966702461242676,-0.02695595659315586,0.4460112750530243,0.5932682752609253,1.4467213153839111,0.3328312933444977,0.248391792178154,0.5357087254524231,1.5416395664215088,-0.023735428228974342,0.45945194363594055,0.6274837851524353,1.4884082078933716,0.2346690446138382,0.21730098128318787,0.5886417627334595,1.5639928579330444,-0.15807369351387024,0.36583411693573
0.4658289849758148,0.463016539812088,-0.09873096644878387,0.9968549609184265,0.46372565627098083,0.43860942125320435,-0.07409698516130447,0.9964253306388855,0.4670817255973816,0.4385056793689728,-0.07438483834266663,0.9962114691734314,0.47051358222961426,0.43853849172592163,-0.07460346072912216,0.9967750310897827,0.44853609800338745,0.4382514953613281,-0.1309865117073059,0.997380256652832,0.44023579359054565,0.4385736584663391,-0.13099372386932373,0.9971628189086914,0.4316660761833191,0.4396209418773651,-0.13115492463111877,0.9969956874847412,0.4655734598636627,0.4474674165248871,0.08020679652690887,0.9963727593421936,0.41255617141723633,0.45130282640457153,-0.1763983517885208,0.9974287152290344,0.4720579981803894,0.4889279901981354,-0.03252372518181801,0.9924671053886414,0.4567175507545471,0.4898388683795929,-0.10684385150671005,0.9918885231018066,0.4604325294494629,0.6097630858421326,0.24764755368232727,0.9850038886070251,0.40821513533592224,0.5754452347755432,-0.2888334393501282,0.9910722970962524,0.5631187558174133,0.6374040246009827,0.29610779881477356,0.1600637137889862,0.5446934700012207,0.5591828227043152,-0.38434961438179016,0.8004027009010315,0.6597365140914917,0.6480641961097717,0.19470414519309998,0.1673286259174347,0.6833399534225464,0.5786076784133911,-0.28371796011924744,0.3895547688007355,0.6852995157241821,0.6119216680526733,0.19184604287147522,0.18560492992401123,0.7161058187484741,0.5908547043800354,-0.30835527181625366,0.33648985624313354,0.6821714639663696,0.6379919052124023,0.15566080808639526,0.20014086365699768,0.7166432738304138,0.5892006754875183,-0.28193986415863037,0.3325488269329071,0.6766262650489807,0.6443030834197998,0.17596976459026337,0.2085406631231308,0.7158143520355225,0.5859107375144958,-0.26921191811561584,0.3325543701648712,0.5139819383621216,0.9883973598480225,0.1516353338956833,0.797058641910553,0.47605958580970764,0.984144926071167,-0.15131430327892303,0.837398111820221,0.5718358755111694,1.24226975440979,0.186232328414917,0.2522313594818115,0.5118995904922485,1.221876621246338,-0.11693291366100311,0.6177293062210083,0.5865631699562073,1.4671642780303955,0.3671247363090515,0.16274486482143402,0.5352239608764648,1.514134168624878,0.0049616615287959576,0.41830846667289734,0.5823099613189697,1.4956766366958618,0.3757483959197998,0.22819805145263672,0.5245769619941711,1.5628024339675903,0.009141946211457253,0.43053603172302246,0.6106328368186951,1.5348013639450073,0.25247910618782043,0.2030418962240219,0.5799208879470825,1.5687764883041382,-0.14844271540641785,0.34884727001190186
0.4674375057220459,0.46414709091186523,-0.09179730713367462,0.9967516660690308,0.465803861618042,0.4390175938606262,-0.06355180591344833,0.9962852597236633,0.46918582916259766,0.4387696087360382,-0.0638221725821495,0.9960623383522034,0.4723629057407379,0.43868836760520935,-0.06403817981481552,0.9966620206832886,0.45027226209640503,0.4389571249485016,-0.11611070483922958,0.9972968697547913,0.4415973126888275,0.4391729533672333,-0.1161302700638771,0.9970821142196655,0.4324834942817688,0.44006282091140747,-0.11626992374658585,0.9969068169593811,0.46605634689331055,0.4475797414779663,0.08935178816318512,0.9962286949157715,0.41243892908096313,0.45175352692604065,-0.1488565057516098,0.9973589777946472,0.47231951355934143,0.48922091722488403,-0.02367948554456234,0.9921705722808838,0.45751795172691345,0.49078473448753357,-0.09293021261692047,0.9916378259658813,0.46714338660240173,0.609859049320221,0.2532202899456024,0.9840587973594666,0.4037136435508728,0.5772761702537537,-0.2540437579154968,0.9907571077346802,0.5634115934371948,0.635286271572113,0.29748326539993286,0.16149210929870605,0.543782114982605,0.5729867815971375,-0.41139349341392517,0.8110637068748474,0.659924328327179,0.6430772542953491,0.2029578685760498,0.16879767179489136,0.6837869882583618,0.5850563645362854,-0.36993569135665894,0.4141654074192047,0.6877336502075195,0.6191369891166687,0.19650283455848694,0.18714720010757446,0.7153525948524475,0.5916022062301636,-0.40470296144485474,0.3548237383365631,0.6865501999855042,0.6292664408683777,0.1599481999874115,0.20287536084651947,0.7160631418228149,0.5895236730575562,-0.38177984952926636,0.3518885374069214,0.6804275512695312,0.6315945982933044,0.18226253986358643,0.21102558076381683,0.7172380089759827,0.5868616700172424,-0.35811951756477356,0.3486117124557495,0.5145695805549622,0.9890348315238953,0.14816395938396454,0.7902620434761047,0.46097952127456665,0.988182783126831,-0.1479373574256897,0.8328481316566467,0.5787708759307861,1.1958891153335571,0.1303454488515854,0.26545172929763794,0.4983363151550293,1.1923081874847412,-0.16994710266590118,0.6178898215293884,0.5917316675186157,1.4217479228973389,0.3286267817020416,0.16046728193759918,0.5333448052406311,1.4926692247390747,-0.028424590826034546,0.41077232360839844,0.5849682092666626,1.449191689491272,0.34802910685539246,0.22438174486160278,0.5238541960716248,1.5394631624221802,-0.028009707108139992,0.41840118169784546,0.614910900592804,1.4990458488464355,0.19183430075645447,0.19618362188339233,0.5792494416236877,1.5614088773727417,-0.181569904088974,0.34051448106765747
0.46745237708091736,0.46424955129623413,-0.11728781461715698,0.9961321949958801,0.46630221605300903,0.4389844834804535,-0.086341992020607,0.9955663681030273,0.4699154496192932,0.43875113129615784,-0.0865989476442337,0.9951685070991516,0.47321271896362305,0.4386328160762787,-0.08687027543783188,0.9960084557533264,0.45039281249046326,0.43891197443008423,-0.13329346477985382,0.9968779683113098,0.44163331389427185,0.43905124068260193,-0.13330377638339996,0.9965178966522217,0.43250173330307007,0.4398612678050995,-0.13339188694953918,0.9964128136634827,0.46682238578796387,0.4473995566368103,0.08509502559900284,0.9953514337539673,0.4116276204586029,0.45169445872306824,-0.13562466204166412,0.9968901872634888,0.4722611904144287,0.4891969859600067,-0.04662496596574783,0.9899868965148926,0.4574776589870453,0.49080806970596313,-0.1081058531999588,0.9893755912780762,0.4674075245857239,0.606681764125824,0.2509866952896118,0.9819043278694153,0.4030168652534485,0.5780748128890991,-0.24131743609905243,0.9901193976402283,0.561122715473175,0.6403752565383911,0.29857519268989563,0.1534319818019867,0.5431264638900757,0.5805317759513855,-0.3809494376182556,0.8182341456413269,0.640044093132019,0.6360731720924377,0.205226331949234,0.15819142758846283,0.683418869972229,0.5828297138214111,-0.3034941852092743,0.4080899655818939,0.6649913787841797,0.6370058655738831,0.19611068069934845,0.1759786754846573,0.7145596146583557,0.5898704528808594,-0.3321591913700104,0.34509485960006714,0.6653078198432922,0.6294558048248291,0.16073815524578094,0.19096335768699646,0.7144981026649475,0.5881413221359253,-0.3111644387245178,0.342813104391098,0.6591583490371704,0.6314955949783325,0.18434767425060272,0.19874465465545654,0.7128998637199402,0.5854808688163757,-0.29187431931495667,0.3386126160621643,0.513520359992981,0.9823049902915955,0.14617758989334106,0.7852935194969177,0.4599764347076416,0.9872270226478577,-0.14600299298763275,0.8333273530006409,0.5832303166389465,1.1943340301513672,0.13028652966022491,0.2708613872528076,0.5019274950027466,1.1793787479400635,-0.18586720526218414,0.6166231632232666,0.594016969203949,1.384466528892517,0.3085055947303772,0.15913702547550201,0.5358567833900452,1.4843449592590332,-0.04183770716190338,0.40961888432502747,0.5858678817749023,1.4074887037277222,0.3193817436695099,0.2204473465681076,0.5268756747245789,1.5159733295440674,-0.036046162247657776,0.41099411249160767,0.6203178763389587,1.467672348022461,0.1961778700351715,0.18972431123256683,0.5756920576095581,1.5532832145690918,-0.17428383231163025,0.33708328008651733
0.4677712023258209,0.46420803666114807,-0.1122034564614296,0.9959710240364075,0.46718859672546387,0.4387035369873047,-0.0804397463798523,0.9955541491508484,0.47095173597335815,0.4384322762489319,-0.08069737255573273,0.9951664805412292,0.47430872917175293,0.4382820725440979,-0.08094923198223114,0.9960183501243591,0.45063868165016174,0.438698410987854,-0.1294008195400238,0.9968194961547852,0.4417758882045746,0.4388086497783661,-0.12935712933540344,0.9964284300804138,0.43251585960388184,0.4396049380302429,-0.12947334349155426,0.9963197112083435,0.46777796745300293,0.4472588300704956,0.09091724455356598,0.9953165650367737,0.4113606810569763,0.4516907334327698,-0.13102465867996216,0.9967645406723022,0.47235527634620667,0.4890953600406647,-0.04201814532279968,0.9895864129066467,0.4575442373752594,0.49080684781074524,-0.10585273802280426,0.9887456893920898,0.46753764152526855,0.6035951375961304,0.25232410430908203,0.9811220765113831,0.4021247327327728,0.5779004693031311,-0.2409392148256302,0.9886858463287354,0.5585584044456482,0.6512213945388794,0.31721436977386475,0.1485702246427536,0.5413902997970581,0.5905239582061768,-0.3398439586162567,0.8233891129493713,0.633794903755188,0.6342533826828003,0.227030947804451,0.15473708510398865,0.6828360557556152,0.5826306939125061,-0.1668722927570343,0.4103015661239624,0.6593784689903259,0.6533189415931702,0.21411022543907166,0.17248064279556274,0.7131747603416443,0.5889982581138611,-0.1828978955745697,0.3459298610687256,0.6572651863098145,0.6373183131217957,0.179909810423851,0.18771237134933472,0.713866114616394,0.587166965007782,-0.17023006081581116,0.345531165599823,0.6505021452903748,0.6385024785995483,0.20483064651489258,0.19566410779953003,0.7113637924194336,0.5850385427474976,-0.15620502829551697,0.34042903780937195,0.5139158964157104,0.9727542996406555,0.14524494111537933,0.7552011013031006,0.4577021598815918,0.9761437773704529,-0.14530351758003235,0.7962534427642822,0.5869507789611816,1.1893947124481201,0.10171882063150406,0.26189354062080383,0.4953204095363617,1.199530839920044,-0.15698644518852234,0.5918678641319275,0.5930604338645935,1.4142662286758423,0.25867143273353577,0.14746524393558502,0.5252813100814819,1.4860942363739014,-0.04353867098689079,0.3835432529449463,0.5846142768859863,1.4413275718688965,0.26438456773757935,0.2041393518447876,0.516383707523346,1.5276328325271606,-0.04473898932337761,0.3834567666053772,0.6175128221511841,1.4964382648468018,0.12071484327316284,0.17833803594112396,0.5652414560317993,1.5534571409225464,-0.2272389680147171,0.31700730323791504
0.4684959948062897,0.46412667632102966,-0.10994531959295273,0.9953606724739075,0.4684922695159912,0.438202440738678,-0.0821119174361229,0.9952398538589478,0.4721437096595764,0.43777579069137573,-0.08237484842538834,0.9948193430900574,0.4754107892513275,0.43748700618743896,-0.08263394236564636,0.9958164095878601,0.4515002369880676,0.43859702348709106,-0.13227126002311707,0.9965125322341919,0.4424372613430023,0.4387457072734833,-0.13219639658927917,0.9959538578987122,0.432818740606308,0.4395679533481598,-0.13228796422481537,0.9958683252334595,0.4681488573551178,0.4468333125114441,0.0771637111902237,0.9949924349784851,0.4112277925014496,0.45170581340789795,-0.14839673042297363,0.9960783123970032,0.472456157207489,0.4889630079269409,-0.04366503655910492,0.9884087443351746,0.45768412947654724,0.4908658266067505,-0.10888142883777618,0.9870549440383911,0.467675119638443,0.5956305265426636,0.23101074993610382,0.9813409447669983,0.4019901156425476,0.5777658224105835,-0.2506060004234314,0.9869287610054016,0.5590511560440063,0.645923912525177,0.2921409010887146,0.15000729262828827,0.5449588298797607,0.6041592955589294,-0.3159579932689667,0.8220990896224976,0.6337733864784241,0.6414259672164917,0.20618996024131775,0.15908275544643402,0.6818458437919617,0.5864408612251282,-0.12008601427078247,0.400262713432312,0.6576266288757324,0.654474139213562,0.19394269585609436,0.17637331783771515,0.7278805375099182,0.5913426876068115,-0.131776824593544,0.33852678537368774,0.6534056663513184,0.6394302845001221,0.16210690140724182,0.19181440770626068,0.7232844233512878,0.5861892104148865,-0.12094251066446304,0.3395043909549713,0.6457136273384094,0.6411899328231812,0.18555118143558502,0.19988471269607544,0.7114003300666809,0.5857654809951782,-0.1099744588136673,0.33411142230033875,0.5139729380607605,0.9714989066123962,0.1445416957139969,0.7161971926689148,0.45886221528053284,0.9736651182174683,-0.14475861191749573,0.7449145317077637,0.5777833461761475,1.2233308553695679,0.11372121423482895,0.2409297227859497,0.49726468324661255,1.2233612537384033,-0.11118251085281372,0.5444068908691406,0.5793806314468384,1.4535664319992065,0.2777426838874817,0.13370281457901,0.5169779062271118,1.4994091987609863,-0.025226343423128128,0.3499738276004791,0.570556640625,1.4833608865737915,0.2827954888343811,0.18509723246097565,0.505333423614502,1.5467588901519775,-0.026664629578590393,0.34955263137817383,0.60470050573349,1.521950125694275,0.14606218039989471,0.16506540775299072,0.5583516359329224,1.5529303550720215,-0.22386205196380615,0.29269692301750183
0.4686695635318756,0.46393951773643494,-0.15832345187664032,0.9941098093986511,0.46913009881973267,0.43714916706085205,-0.13193616271018982,0.9942976832389832,0.4728565216064453,0.43650582432746887,-0.13226249814033508,0.9937230348587036,0.47626614570617676,0.4360472559928894,-0.13255788385868073,0.9950730204582214,0.45172634720802307,0.43827077746391296,-0.17880810797214508,0.9957274794578552,0.44254952669143677,0.4385191798210144,-0.17869961261749268,0.9948575496673584,0.43282994627952576,0.4393841028213501,-0.17878055572509766,0.994802713394165,0.4691315293312073,0.4458412528038025,0.03177438676357269,0.9937270283699036,0.410952627658844,0.45169782638549805,-0.17856672406196594,0.9946681261062622,0.47249236702919006,0.4889097511768341,-0.08986502885818481,0.9856946468353271,0.45771846175193787,0.49107831716537476,-0.1509045660495758,0.9839239716529846,0.46779102087020874,0.5827590227127075,0.19091930985450745,0.98077392578125,0.40252184867858887,0.5780678391456604,-0.266186386346817,0.9832831621170044,0.5652645230293274,0.6300995945930481,0.23957765102386475,0.1538512259721756,0.5508846044540405,0.6119546890258789,-0.3530375361442566,0.8102327585220337,0.6483386754989624,0.6394548416137695,0.1351424902677536,0.1736120879650116,0.6898711323738098,0.5935622453689575,-0.24633514881134033,0.3861669898033142,0.6714394688606262,0.6267386674880981,0.11992266029119492,0.19030989706516266,0.726416826248169,0.5933499932289124,-0.27845606207847595,0.3287084698677063,0.6723834276199341,0.6343242526054382,0.08238019049167633,0.20649482309818268,0.7387675046920776,0.6013468503952026,-0.27003052830696106,0.3310525715351105,0.6613072156906128,0.6366353631019592,0.11217455565929413,0.21545089781284332,0.7205652594566345,0.603385865688324,-0.2415168583393097,0.325286328792572,0.512415885925293,0.96659255027771,0.14385652542114258,0.6727379560470581,0.4554223418235779,0.970845103263855,-0.14380522072315216,0.6885165572166443,0.5626641511917114,1.2294771671295166,0.13850034773349762,0.2198207527399063,0.48487693071365356,1.2326712608337402,-0.09487100690603256,0.4963926076889038,0.565311849117279,1.4603562355041504,0.31240564584732056,0.12099920958280563,0.5017802119255066,1.4975463151931763,0.003651720006018877,0.318656325340271,0.5572258234024048,1.4904948472976685,0.3181789517402649,0.16759157180786133,0.4902229905128479,1.542040467262268,0.0031447610817849636,0.3179199993610382,0.5917476415634155,1.5274746417999268,0.1619296371936798,0.15223361551761627,0.5425060987472534,1.5513701438903809,-0.18955697119235992,0.27003687620162964
0.4687131345272064,0.4639105796813965,-0.1963561475276947,0.9938583970069885,0.4694928228855133,0.43678438663482666,-0.16927450895309448,0.9941145777702332,0.47332581877708435,0.4361047148704529,-0.16955412924289703,0.9934347867965698,0.4768940508365631,0.43562746047973633,-0.16971853375434875,0.9948171377182007,0.45181211829185486,0.4381175935268402,-0.2136513739824295,0.9955635070800781,0.44256681203842163,0.4384117126464844,-0.21355369687080383,0.9945881366729736,0.4328365921974182,0.4393153786659241,-0.21359626948833466,0.994564950466156,0.46975722908973694,0.44570574164390564,-0.003124506212770939,0.9932152628898621,0.4107626974582672,0.4517100751399994,-0.20266012847423553,0.994281530380249,0.4725181460380554,0.48895615339279175,-0.12726716697216034,0.9839646816253662,0.4577009081840515,0.49144452810287476,-0.18505994975566864,0.9823698401451111,0.46882301568984985,0.5858355760574341,0.16894963383674622,0.9753753542900085,0.4031522274017334,0.5808089375495911,-0.2895239293575287,0.9754064679145813,0.5609228610992432,0.6444541811943054,0.20201179385185242,0.14273139834403992,0.5507779717445374,0.6408286690711975,-0.36259791254997253,0.7747858762741089,0.6482754349708557,0.6449607610702515,0.08707819879055023,0.1698252558708191,0.694490373134613,0.6035162806510925,-0.2465834617614746,0.36190903186798096,0.6714889407157898,0.6281536817550659,0.06897465884685516,0.19040337204933167,0.7280247211456299,0.6104745864868164,-0.27959322929382324,0.31242385506629944,0.671911895275116,0.6349172592163086,0.03288459777832031,0.20769542455673218,0.7408875226974487,0.6326205134391785,-0.2694540321826935,0.3168392479419708,0.661497175693512,0.6382035613059998,0.06291382759809494,0.21687151491641998,0.7224920988082886,0.6353994607925415,-0.24162983894348145,0.3107872009277344,0.5127406120300293,0.9679448008537292,0.13804030418395996,0.6103872060775757,0.45773062109947205,0.9774483442306519,-0.13726288080215454,0.6230121850967407,0.5531541109085083,1.2310563325881958,0.16570699214935303,0.19848722219467163,0.48767080903053284,1.2421646118164062,-0.09100747853517532,0.4485724866390228,0.5630674362182617,1.4698338508605957,0.3691943883895874,0.10901230573654175,0.4971962869167328,1.5070114135742188,0.0405663438141346,0.28751543164253235,0.5556263327598572,1.5034115314483643,0.3775617182254791,0.15100398659706116,0.4850734770298004,1.552302598953247,0.044413913041353226,0.28684210777282715,0.5916035771369934,1.5409377813339233,0.22530874609947205,0.13780716061592102,0.5346236228942871,1.561752200126648,-0.14658194780349731,0.24488039314746857
0.46853336691856384,0.462958425283432,-0.22835874557495117,0.9941556453704834,0.4694635272026062,0.4357506334781647,-0.19970771670341492,0.9944833517074585,0.47334080934524536,0.43502360582351685,-0.1999266892671585,0.9937966465950012,0.4769924581050873,0.43450671434402466,-0.20012137293815613,0.9951013326644897,0.45173144340515137,0.4374103844165802,-0.24444659054279327,0.9958070516586304,0.44248390197753906,0.43777963519096375,-0.24441929161548615,0.9948613047599792,0.43274205923080444,0.43875768780708313,-0.24451954662799835,0.9948592185974121,0.4703770577907562,0.44505900144577026,-0.022541556507349014,0.9936261773109436,0.41076526045799255,0.4515339434146881,-0.22422942519187927,0.9945720434188843,0.47234559059143066,0.4881703555583954,-0.15599849820137024,0.9850448369979858,0.4574485421180725,0.49087634682655334,-0.21447058022022247,0.9835721850395203,0.4869055151939392,0.6036474108695984,0.13708192110061646,0.9766077995300293,0.4064409136772156,0.5874574184417725,-0.3014261722564697,0.9757192730903625,0.5547686815261841,0.7206197381019592,0.21075518429279327,0.14192543923854828,0.5440987348556519,0.6920761466026306,-0.4104050099849701,0.7611442804336548,0.634358286857605,0.7629057765007019,0.13378700613975525,0.16952882707118988,0.6936396956443787,0.6187665462493896,-0.3408978581428528,0.3478586673736572,0.6513668298721313,0.7795143127441406,0.1214032992720604,0.18996725976467133,0.7351946830749512,0.6753939390182495,-0.3776693344116211,0.30364376306533813,0.6521822214126587,0.7585790157318115,0.08398289978504181,0.2077370285987854,0.7360612154006958,0.6596636176109314,-0.36866050958633423,0.3100123405456543,0.6441735625267029,0.7562384009361267,0.11124026775360107,0.2172207087278366,0.7209393978118896,0.6630439162254333,-0.3366835415363312,0.30472859740257263,0.5332539677619934,0.9891952872276306,0.10609567165374756,0.5803964138031006,0.4635489583015442,0.9988478422164917,-0.1049327477812767,0.5858210325241089,0.5593422055244446,1.2696250677108765,0.16377684473991394,0.18027564883232117,0.49614644050598145,1.282720685005188,-0.05117105692625046,0.4052915573120117,0.5853505730628967,1.5197045803070068,0.3989412784576416,0.09829872846603394,0.4990326464176178,1.5467984676361084,0.13115805387496948,0.25928202271461487,0.5809215903282166,1.5525087118148804,0.4111925959587097,0.1360979825258255,0.492835134267807,1.5882318019866943,0.1394999474287033,0.25876328349113464,0.6046035289764404,1.5941212177276611,0.2271474301815033,0.12480451166629791,0.5426474809646606,1.607060194015503,-0.08455389738082886,0.22158211469650269
0.4684062898159027,0.4627271294593811,-0.20445160567760468,0.9941117167472839,0.46975547075271606,0.4352959990501404,-0.1781376153230667,0.9945663213729858,0.47394290566444397,0.43451908230781555,-0.17843316495418549,0.9938528537750244,0.47792378067970276,0.4339804947376251,-0.17866501212120056,0.9951614141464233,0.45171985030174255,0.4372235834598541,-0.22071591019630432,0.9957848787307739,0.4424557089805603,0.43764975666999817,-0.22069254517555237,0.9948058128356934,0.4327276647090912,0.43867501616477966,-0.2208118736743927,0.9948353171348572,0.4723982810974121,0.44439008831977844,-0.0105363754555583,0.9938451647758484,0.4107714593410492,0.45119836926460266,-0.20289894938468933,0.9945542216300964,0.47235050797462463,0.487967312335968,-0.1351870596408844,0.98570317029953,0.45719653367996216,0.49068817496299744,-0.19101011753082275,0.9842357635498047,0.49771612882614136,0.6058260798454285,0.1317564696073532,0.9769870042800903,0.4097798466682434,0.5892326831817627,-0.28415459394454956,0.9749370217323303,0.5621782541275024,0.7041200995445251,0.17794714868068695,0.13826614618301392,0.5472390651702881,0.6977583169937134,-0.4014747142791748,0.749615490436554,0.6366223096847534,0.748170793056488,0.10624740272760391,0.1662834733724594,0.6980023384094238,0.6195592880249023,-0.3490322530269623,0.3390142321586609,0.653114914894104,0.7648430466651917,0.09176209568977356,0.18694348633289337,0.7333582043647766,0.6481801867485046,-0.38526105880737305,0.2970878779888153,0.6525927186012268,0.7423391938209534,0.056886620819568634,0.2051662653684616,0.7436076402664185,0.6551452279090881,-0.3727080225944519,0.3048994839191437,0.6458141207695007,0.7406010031700134,0.08568821102380753,0.21469204127788544,0.719650387763977,0.6452531218528748,-0.3439679443836212,0.29980066418647766,0.5399872064590454,0.9934024214744568,0.09538425505161285,0.5390411019325256,0.4661793112754822,1.0026826858520508,-0.09427165985107422,0.5408993363380432,0.5651490092277527,1.268558382987976,0.1233224868774414,0.16362985968589783,0.4985126852989197,1.2804149389266968,-0.05314343050122261,0.36648115515708923,0.5853409171104431,1.5197241306304932,0.360404908657074,0.08861368149518967,0.505794882774353,1.5493048429489136,0.10557599365711212,0.233877032995224,0.5804725885391235,1.5522304773330688,0.36890679597854614,0.1226784884929657,0.49802905321121216,1.5922620296478271,0.11101369559764862,0.23343144357204437,0.6045056581497192,1.5951930284500122,0.18498703837394714,0.11296973377466202,0.5391852259635925,1.607903003692627,-0.10132940113544464,0.200659841299057
0.46840518712997437,0.4615234434604645,-0.24652418494224548,0.9945645928382874,0.4707249104976654,0.43432140350341797,-0.21368995308876038,0.995006263256073,0.4753296971321106,0.4337579309940338,-0.21393239498138428,0.9943303465843201,0.4796518385410309,0.4334121346473694,-0.21407485008239746,0.9955229163169861,0.4519089162349701,0.43599748611450195,-0.25626862049102783,0.9961097836494446,0.4425773620605469,0.43633607029914856,-0.2562740445137024,0.9952042698860168,0.4328390657901764,0.4371573328971863,-0.2563783824443817,0.995232880115509,0.4754668176174164,0.4441402554512024,-0.023734424263238907,0.9943310022354126,0.4108608365058899,0.4487934112548828,-0.21518611907958984,0.9949606657028198,0.47237738966941833,0.4870769679546356,-0.16937044262886047,0.9867801666259766,0.45682963728904724,0.48915672302246094,-0.22508783638477325,0.9854047894477844,0.5030649304389954,0.6132381558418274,0.14663638174533844,0.9776239991188049,0.41086894273757935,0.5889431834220886,-0.30065327882766724,0.9748877286911011,0.559240460395813,0.7319266200065613,0.2117081880569458,0.13043825328350067,0.5499647259712219,0.7014512419700623,-0.409811794757843,0.7290723919868469,0.6189091205596924,0.7882965207099915,0.18770158290863037,0.1583501249551773,0.6976724863052368,0.6213617324829102,-0.3121323883533478,0.32430973649024963,0.6282320618629456,0.8126097321510315,0.1881055384874344,0.17994311451911926,0.7391562461853027,0.6538688540458679,-0.34406977891921997,0.28692626953125,0.6268388628959656,0.7876388430595398,0.15247610211372375,0.1984451413154602,0.7397202253341675,0.6450345516204834,-0.33045363426208496,0.29668620228767395,0.623060405254364,0.7828799486160278,0.16940613090991974,0.20707359910011292,0.7189594507217407,0.645768940448761,-0.3052976727485657,0.29146328568458557,0.5421100854873657,1.002732515335083,0.1030709370970726,0.5049256086349487,0.46992531418800354,1.0111310482025146,-0.10207436233758926,0.5044969916343689,0.5665664076805115,1.2689508199691772,0.15272432565689087,0.14889730513095856,0.5036762952804565,1.2829926013946533,-0.04162357375025749,0.33163297176361084,0.5863157510757446,1.5175745487213135,0.42736396193504333,0.07998640090227127,0.5085129737854004,1.549813151359558,0.1567223221063614,0.21129056811332703,0.581109881401062,1.550301194190979,0.44130927324295044,0.11063429713249207,0.49907320737838745,1.5931649208068848,0.16672661900520325,0.21086040139198303,0.6046785116195679,1.5952521562576294,0.26002269983291626,0.10270952433347702,0.5425657033920288,1.610750675201416,-0.04120882973074913,0.18298892676830292
0.46800097823143005,0.45967087149620056,-0.22861215472221375,0.9949681162834167,0.4708315432071686,0.43165668845176697,-0.19603736698627472,0.9954081773757935,0.4756765365600586,0.431092768907547,-0.19629940390586853,0.9947789907455444,0.48019400238990784,0.4309064745903015,-0.1964523047208786,0.9958693981170654,0.45190563797950745,0.4330075681209564,-0.23749086260795593,0.9963973760604858,0.44258013367652893,0.4333104193210602,-0.2374822199344635,0.9955562353134155,0.4328676164150238,0.4340452551841736,-0.23759639263153076,0.9955779910087585,0.4775525629520416,0.4414318799972534,-0.007891121320426464,0.9947972297668457,0.4111948609352112,0.4453190267086029,-0.20079095661640167,0.9953333139419556,0.4723779261112213,0.48616522550582886,-0.152414932847023,0.987827479839325,0.45637503266334534,0.48803213238716125,-0.2066182792186737,0.9865186810493469,0.5087816715240479,0.6147929430007935,0.1617526262998581,0.9784954786300659,0.41108065843582153,0.5860151052474976,-0.28962045907974243,0.9748275876045227,0.5586655139923096,0.7375681400299072,0.22475314140319824,0.12480562180280685,0.5503807067871094,0.693557620048523,-0.41202887892723083,0.7193357944488525,0.6226410865783691,0.77222740650177,0.1862417310476303,0.1565103530883789,0.6948643326759338,0.6204395890235901,-0.32954341173171997,0.3197205662727356,0.6345138549804688,0.7912193536758423,0.18256816267967224,0.17996053397655487,0.7431472539901733,0.6454885601997375,-0.3633294701576233,0.28489187359809875,0.6333445906639099,0.7669212818145752,0.14657051861286163,0.19946081936359406,0.7378689050674438,0.6400076746940613,-0.35057252645492554,0.2966269850730896,0.6287823915481567,0.7640467286109924,0.16689716279506683,0.2075648009777069,0.7190259099006653,0.638145387172699,-0.323546826839447,0.2917884290218353,0.5444999933242798,1.0039867162704468,0.10635945945978165,0.47592130303382874,0.47361668944358826,1.009865403175354,-0.1056319922208786,0.4718359410762787,0.568352222442627,1.2736302614212036,0.1483692079782486,0.13552984595298767,0.5037885308265686,1.286651849746704,-0.059216998517513275,0.3005771040916443,0.5861685872077942,1.5249977111816406,0.392415314912796,0.07218734174966812,0.5105690360069275,1.55618155002594,0.11125825345516205,0.19084875285625458,0.5809382796287537,1.5582776069641113,0.4035435616970062,0.09978730976581573,0.5006400346755981,1.6000096797943115,0.11833597719669342,0.19044408202171326,0.6047857999801636,1.6024101972579956,0.2411021739244461,0.09325822442770004,0.5412501096725464,1.617345929145813,-0.08551532030105591,0.1665869653224945
0.46863675117492676,0.45947349071502686,-0.24845924973487854,0.9954091906547546,0.47085827589035034,0.4300152659416199,-0.2193927764892578,0.9958077669143677,0.47870808839797974,0.4304313659667969,-0.21972665190696716,0.9952308535575867,0.482975572347641,0.4303973317146301,-0.21986523270606995,0.9962248206138611,0.45187869668006897,0.4302028715610504,-0.24392282962799072,0.9966956377029419,0.44274529814720154,0.4301339089870453,-0.24393895268440247,0.9959270358085632,0.4346961975097656,0.4304136633872986,-0.24418595433235168,0.9959378838539124,0.48897790908813477,0.4414699971675873,-0.045819006860256195,0.9952631592750549,0.41450852155685425,0.4419414699077606,-0.16941794753074646,0.9957184195518494,0.4738380014896393,0.4862741231918335,-0.17969635128974915,0.9889285564422607,0.45701733231544495,0.4880494773387909,-0.2132781445980072,0.9876868724822998,0.5767886638641357,0.627001941204071,0.024207260459661484,0.9801113605499268,0.4242028594017029,0.5901632905006409,-0.16874442994594574,0.9757377505302429,0.6244201064109802,0.7959004044532776,0.06502370536327362,0.14658018946647644,0.5492144227027893,0.7331265211105347,-0.3442149758338928,0.7053515315055847,0.6258379220962524,0.829177737236023,0.0983763039112091,0.1736479550600052,0.6933823823928833,0.705037534236908,-0.3979608118534088,0.31745272874832153,0.6321826577186584,0.855646014213562,0.09007588773965836,0.1912037432193756,0.7423468232154846,0.7174779176712036,-0.43388256430625916,0.2818455696105957,0.6309155225753784,0.8260964155197144,0.0818193182349205,0.21118558943271637,0.7346816062927246,0.6956836581230164,-0.42338961362838745,0.2942087650299072,0.6277968883514404,0.8201208114624023,0.0946546196937561,0.22061030566692352,0.7168552875518799,0.6973097920417786,-0.3961450457572937,0.2914714515209198,0.6093920469284058,1.0101659297943115,-0.009890912100672722,0.47068026661872864,0.5071038603782654,1.02247953414917,0.011108452454209328,0.4630140960216522,0.6273909211158752,1.2732869386672974,0.00022375609842129052,0.1241428330540657,0.5329190492630005,1.2909867763519287,0.11473944038152695,0.27213114500045776,0.6462949514389038,1.5367153882980347,0.2760451138019562,0.06509333848953247,0.5587059855461121,1.5586293935775757,0.3561634421348572,0.17211586236953735,0.654210090637207,1.5720036029815674,0.2896266579627991,0.08988557010889053,0.5615821480751038,1.5976665019989014,0.3729735016822815,0.17177478969097137,0.6297702193260193,1.6210689544677734,0.07329774647951126,0.08417490124702454,0.5575430989265442,1.6353707313537598,0.16057835519313812,0.15075121819972992
0.5110577940940857,0.4719942510128021,-0.2334299087524414,0.9958027601242065,0.5442773699760437,0.4520327150821686,-0.20796141028404236,0.9961355328559875,0.5285779237747192,0.44218555092811584,-0.20830385386943817,0.9956099987030029,0.5853564739227295,0.4611835479736328,-0.20838001370429993,0.9965220093727112,0.5201401710510254,0.4534136950969696,-0.24077579379081726,0.9969410300254822,0.45860010385513306,0.43125686049461365,-0.24076533317565918,0.9962316155433655,0.46695733070373535,0.4364859461784363,-0.24044319987297058,0.9962283372879028,0.5962280035018921,0.47833672165870667,-0.05271853134036064,0.99566650390625,0.43981224298477173,0.4427901804447174,-0.04624868929386139,0.9960037469863892,0.5729690790176392,0.5178008675575256,-0.17259812355041504,0.9898775815963745,0.5406051874160767,0.519702136516571,-0.20071277022361755,0.9886620044708252,0.6429094076156616,0.6335780620574951,-0.09690298140048981,0.9817541837692261,0.4948159158229828,0.6350733637809753,0.03381586819887161,0.9770805835723877,0.6784136891365051,0.8199208974838257,-0.15866348147392273,0.2066621482372284,0.5299104452133179,0.766185998916626,-0.20657391846179962,0.6997677087783813,0.6277061700820923,0.8524318337440491,-0.13224972784519196,0.21664051711559296,0.6643307209014893,0.6758016347885132,-0.41202622652053833,0.33683428168296814,0.6261234283447266,0.8807493448257446,-0.15672536194324493,0.22278891503810883,0.7172436118125916,0.7192285060882568,-0.44879060983657837,0.2924225330352783,0.6225196123123169,0.852036714553833,-0.14691784977912903,0.24298150837421417,0.7073620557785034,0.6963726282119751,-0.43318986892700195,0.30415505170822144,0.6235005259513855,0.8453291654586792,-0.12609818577766418,0.2558267414569855,0.6940624713897705,0.702398419380188,-0.41161519289016724,0.30345842242240906,0.663490891456604,1.022654414176941,-0.09109534323215485,0.4628458321094513,0.5565624237060547,1.0378005504608154,0.09236308187246323,0.4601968824863434,0.6830660700798035,1.2828651666641235,-0.13328567147254944,0.11434981226921082,0.5826091766357422,1.3008023500442505,0.11380620300769806,0.24835343658924103,0.702973484992981,1.5561994314193726,0.11723478138446808,0.058681827038526535,0.6192827224731445,1.5733280181884766,0.2818978428840637,0.15512444078922272,0.7207833528518677,1.5996495485305786,0.12789742648601532,0.08096631616353989,0.6272977590560913,1.6150567531585693,0.29167720675468445,0.15488168597221375,0.6632174253463745,1.6324903964996338,-0.07593123614788055,0.07585838437080383,0.5943422317504883,1.6548200845718384,0.10003051906824112,0.1360481232404709
0.5817055702209473,0.5023212432861328,-0.2259705811738968,0.995759904384613,0.6575435400009155,0.5062253475189209,-0.1978098303079605,0.9958755970001221,0.6509990692138672,0.5043962001800537,-0.19812855124473572,0.9954208731651306,0.6156083345413208,0.48258912563323975,-0.19822172820568085,0.9964150190353394,0.5720930099487305,0.4817742109298706,-0.22754856944084167,0.9965911507606506,0.5595077276229858,0.47789591550827026,-0.22731272876262665,0.9958617687225342,0.5526147484779358,0.4790681004524231,-0.22769205272197723,0.9958178997039795,0.6282637715339661,0.4995129406452179,-0.03245633468031883,0.9956112504005432,0.5426400899887085,0.4950951933860779,-0.0325079970061779,0.9952470660209656,0.603571891784668,0.5359147191047668,-0.16227450966835022,0.9901708960533142,0.5711697936058044,0.537811815738678,-0.18456535041332245,0.9885366559028625,0.674104630947113,0.6427038908004761,-0.050987087190151215,0.9833495020866394,0.521913468837738,0.6489578485488892,0.009922457858920097,0.9782702922821045,0.7396842241287231,0.861492395401001,-0.13419242203235626,0.27905088663101196,0.5173487067222595,0.7817628383636475,-0.27483269572257996,0.7075052857398987,0.6305726766586304,0.889396607875824,-0.112430140376091,0.271156370639801,0.6660953760147095,0.7231834530830383,-0.5126838684082031,0.36172184348106384,0.626336395740509,0.929391622543335,-0.13623295724391937,0.2558690905570984,0.7092332243919373,0.7280035018920898,-0.556552529335022,0.30414026975631714,0.6125062704086304,0.8984127640724182,-0.11975252628326416,0.27405688166618347,0.7032607793807983,0.7089461088180542,-0.5321894884109497,0.313965380191803,0.617185115814209,0.8969745635986328,-0.10385575145483017,0.29252755641937256,0.6919146776199341,0.7169188261032104,-0.5087543725967407,0.318920373916626,0.6925764679908752,1.0256980657577515,-0.0371168851852417,0.4860321879386902,0.57826828956604,1.0386028289794922,0.03838206082582474,0.48566481471061707,0.7260554432868958,1.3025342226028442,-0.0044290716759860516,0.10445860028266907,0.6269927024841309,1.3143177032470703,0.12081767618656158,0.22532778978347778,0.7445148229598999,1.561843752861023,0.2735854983329773,0.05285553261637688,0.64803546667099,1.5762581825256348,0.2940880060195923,0.13973787426948547,0.7575780749320984,1.5982856750488281,0.29216885566711426,0.07290250808000565,0.6492806077003479,1.6159746646881104,0.30357155203819275,0.1395508348941803,0.7173497080802917,1.6432108879089355,-0.0022663434501737356,0.06831815093755722,0.6410953402519226,1.6560993194580078,0.08195341378450394,0.12265558540821075
0.6694310307502747,0.5323095917701721,-0.13360874354839325,0.994123101234436,0.6800180077552795,0.5215662717819214,-0.10157929360866547,0.9936901926994324,0.6910005807876587,0.5168224573135376,-0.10187961906194687,0.9932799339294434,0.6444605588912964,0.4968520402908325,-0.10189566761255264,0.9948732256889343,0.658957839012146,0.5240173935890198,-0.11319820582866669,0.9946058988571167,0.6561112403869629,0.5262131094932556,-0.11316182464361191,0.9938292503356934,0.6527981758117676,0.528662919998169,-0.11371004581451416,0.9940288066864014,0.6917177438735962,0.5455318689346313,0.061724722385406494,0.9932712316513062,0.6392419338226318,0.5561903119087219,0.021859053522348404,0.9917161464691162,0.6349939107894897,0.544633686542511,-0.0735429897904396,0.9867330193519592,0.6079068779945374,0.5441555380821228,-0.08752410113811493,0.984076201915741,0.6876067519187927,0.6565052270889282,0.020633496344089508,0.9840117692947388,0.5438400506973267,0.6567814350128174,0.01115533895790577,0.9787499904632568,0.7157182097434998,0.8326137065887451,-0.023655284196138382,0.33660686016082764,0.5222781896591187,0.7885347008705139,-0.2779231667518616,0.7292001247406006,0.646328330039978,0.8823145031929016,-0.013060321100056171,0.2964991629123688,0.6677266359329224,0.7056298851966858,-0.537572979927063,0.4055796265602112,0.6426281929016113,0.8932501673698425,-0.02680778130888939,0.25973209738731384,0.7113339900970459,0.6566627621650696,-0.5757330656051636,0.334400475025177,0.6197124719619751,0.8820723295211792,-0.03102358803153038,0.27526870369911194,0.7065091729164124,0.6976852416992188,-0.5414525270462036,0.341422438621521,0.638302206993103,0.8681278824806213,-0.010353464633226395,0.2978026866912842,0.6930798292160034,0.7002235054969788,-0.5281558036804199,0.35047411918640137,0.7077513933181763,1.03248131275177,-0.01600106619298458,0.5088968873023987,0.5938032865524292,1.0449148416519165,0.017127441242337227,0.5141921043395996,0.7411499619483948,1.3004052639007568,-0.016046857461333275,0.09813296049833298,0.6424102187156677,1.314366102218628,0.10966859757900238,0.2065841406583786,0.7607704997062683,1.5578582286834717,0.2137075662612915,0.04771612584590912,0.659683108329773,1.5777168273925781,0.27781549096107483,0.126198410987854,0.7696367502212524,1.5907399654388428,0.22297437489032745,0.06573700904846191,0.6578103303909302,1.616228699684143,0.287192165851593,0.12614457309246063,0.7440909743309021,1.6424604654312134,0.003557627322152257,0.06167270243167877,0.6637075543403625,1.653969645500183,0.07281596958637238,0.11103913187980652
0.6731212139129639,0.548467218875885,-0.16395005583763123,0.9889416098594666,0.6882997751235962,0.5206981897354126,-0.1390446275472641,0.9859662652015686,0.6962491273880005,0.5178524255752563,-0.13938888907432556,0.9858760833740234,0.7012584805488586,0.5121894478797913,-0.13945920765399933,0.9895695447921753,0.6668879389762878,0.5314387083053589,-0.14494812488555908,0.9871082901954651,0.6604560017585754,0.5362686514854431,-0.14490067958831787,0.985986590385437,0.6543370485305786,0.5408811569213867,-0.1453009843826294,0.9870032668113708,0.7102046608924866,0.5389559864997864,-0.009546236135065556,0.9872062802314758,0.6488654613494873,0.5673904418945312,0.026314010843634605,0.9814477562904358,0.6884210109710693,0.573074996471405,-0.12385140359401703,0.9824735522270203,0.656694769859314,0.5835093855857849,-0.11712144315242767,0.9767186641693115,0.7825963497161865,0.6797413229942322,-0.100346639752388,0.9836388230323792,0.6042072176933289,0.6849517822265625,0.0655512884259224,0.9791373014450073,0.796667218208313,0.9020892977714539,-0.2556890547275543,0.3961145281791687,0.6010328531265259,0.804577648639679,-0.14789743721485138,0.7507181167602539,0.6664530038833618,0.9057309627532959,-0.20628967881202698,0.3150951862335205,0.7058470845222473,0.6386485695838928,-0.2189847230911255,0.44063445925712585,0.6503801345825195,0.9416872262954712,-0.21671195328235626,0.255801796913147,0.7367609739303589,0.6262243390083313,-0.23327836394309998,0.3482135534286499,0.6370415091514587,0.9177262187004089,-0.1838834583759308,0.2692227065563202,0.747393786907196,0.682132363319397,-0.1799076348543167,0.35182803869247437,0.6519650220870972,0.9081646800041199,-0.18854102492332458,0.2938596308231354,0.7402699589729309,0.692755401134491,-0.20106931030750275,0.3657674193382263,0.7926073670387268,1.0603594779968262,-0.0717228427529335,0.5026145577430725,0.6573692560195923,1.0671032667160034,0.07284311950206757,0.5167337656021118,0.8001865148544312,1.3415597677230835,-0.058635808527469635,0.09206008911132812,0.685532808303833,1.3430390357971191,0.20005543529987335,0.19093020260334015,0.8067681193351746,1.6103157997131348,0.19907768070697784,0.0430896133184433,0.6907274127006531,1.6158146858215332,0.39600464701652527,0.11394185572862625,0.8173424005508423,1.6506723165512085,0.21145112812519073,0.059298716485500336,0.6891316175460815,1.6570242643356323,0.4090375304222107,0.11413073539733887,0.7773005962371826,1.6977730989456177,-0.026991914957761765,0.0556192472577095,0.6933218240737915,1.7044117450714111,0.17214253544807434,0.10042471438646317
0.6615654230117798,0.5576984882354736,-0.17117121815681458,0.989744246006012,0.6829152703285217,0.5210412740707397,-0.16424615681171417,0.9870141744613647,0.6899746060371399,0.5178644061088562,-0.16446265578269958,0.9869745373725891,0.6966426372528076,0.5151222348213196,-0.1645461618900299,0.9903491139411926,0.6648668050765991,0.5340392589569092,-0.1458161175251007,0.98798006772995,0.6599621772766113,0.5388562083244324,-0.14572739601135254,0.9869725108146667,0.6538895964622498,0.5443419218063354,-0.14611998200416565,0.9878583550453186,0.7105347514152527,0.5351804494857788,-0.1144225001335144,0.98832106590271,0.6545459628105164,0.5679007172584534,0.038156501948833466,0.9828915596008301,0.6786510348320007,0.5820153951644897,-0.14865615963935852,0.983991801738739,0.6534475088119507,0.591203510761261,-0.11335418373346329,0.978442907333374,0.7854702472686768,0.679174542427063,-0.19818106293678284,0.9849322438240051,0.6273835897445679,0.6979374289512634,0.10053738206624985,0.9806733727455139,0.8032119870185852,0.9187325239181519,-0.3526681363582611,0.4524855613708496,0.6237167119979858,0.7964982390403748,-0.07176394760608673,0.7670853137969971,0.6615002155303955,0.9157792329788208,-0.27009040117263794,0.3412329852581024,0.7144193649291992,0.6559410095214844,-0.1983860284090042,0.46590182185173035,0.6344717741012573,0.9455696940422058,-0.29168879985809326,0.26469382643699646,0.7397682070732117,0.632662832736969,-0.22846584022045135,0.35971277952194214,0.6301530003547668,0.918911337852478,-0.26439350843429565,0.27708348631858826,0.7425995469093323,0.6604090332984924,-0.19327417016029358,0.36181119084358215,0.6472804546356201,0.9107445478439331,-0.25458186864852905,0.30351606011390686,0.7361425161361694,0.6781041026115417,-0.1930602490901947,0.37944844365119934,0.7978706955909729,1.0760983228683472,-0.10425101220607758,0.5055396556854248,0.6724829077720642,1.0796812772750854,0.10576055943965912,0.5268859267234802,0.7950791716575623,1.366934895515442,-0.07849343866109848,0.08449210971593857,0.686739444732666,1.3650811910629272,0.17904648184776306,0.17404843866825104,0.7983564138412476,1.645727515220642,0.1771038919687271,0.03885289654135704,0.6894518136978149,1.6429102420806885,0.33362501859664917,0.10265009105205536,0.8144791722297668,1.691456913948059,0.18703866004943848,0.053427837789058685,0.69197678565979,1.685436487197876,0.34052786231040955,0.10288138687610626,0.7536517977714539,1.7185262441635132,-0.051859062165021896,0.05009942129254341,0.6738890409469604,1.7289760112762451,0.10949894040822983,0.09051652252674103
0.6644555926322937,0.5535991787910461,-0.16050229966640472,0.9906730055809021,0.6815250515937805,0.5210607647895813,-0.1621248573064804,0.9881805777549744,0.6897782683372498,0.5171744227409363,-0.16231225430965424,0.9881559610366821,0.6980153322219849,0.5138863325119019,-0.16242702305316925,0.9912261366844177,0.661133348941803,0.5324979424476624,-0.12907156348228455,0.9890272617340088,0.6560470461845398,0.5355759859085083,-0.12875224649906158,0.9880995154380798,0.650771975517273,0.5393040180206299,-0.12913835048675537,0.9888955950737,0.7146983742713928,0.5292352437973022,-0.09683983772993088,0.9894371628761292,0.6551212668418884,0.559766948223114,0.0670880526304245,0.9844580888748169,0.684543251991272,0.5760713815689087,-0.14753322303295135,0.9855486154556274,0.6567363142967224,0.5912402868270874,-0.09012647718191147,0.980458676815033,0.792216420173645,0.6813852190971375,-0.17605330049991608,0.9863754510879517,0.6223734617233276,0.6950333118438721,0.12574777007102966,0.9825330376625061,0.8183165788650513,0.9107010960578918,-0.34171828627586365,0.5059965252876282,0.6258478760719299,0.7810022234916687,-0.004619347397238016,0.7889769077301025,0.6710543036460876,0.9052819013595581,-0.26085156202316284,0.3934025466442108,0.7239532470703125,0.6120182871818542,-0.045832082629203796,0.5078136920928955,0.6353193521499634,0.9210501909255981,-0.27950602769851685,0.29773834347724915,0.7597478032112122,0.6359907984733582,-0.063557930290699,0.3919163644313812,0.6299954056739807,0.9013960361480713,-0.23951371014118195,0.3075924813747406,0.7600087523460388,0.6440818309783936,-0.016738014295697212,0.3905307352542877,0.6478334665298462,0.897361159324646,-0.23888948559761047,0.33636534214019775,0.7535394430160522,0.6607509851455688,-0.033636465668678284,0.4116346538066864,0.8036403656005859,1.0850688219070435,-0.10850583016872406,0.5173825621604919,0.665023684501648,1.0870945453643799,0.11008987575769424,0.5511348843574524,0.803083062171936,1.3797297477722168,-0.07723228633403778,0.07659673690795898,0.6847351789474487,1.3811817169189453,0.25501492619514465,0.1584109514951706,0.8017479777336121,1.6535769701004028,0.18585415184497833,0.03500361368060112,0.6821917295455933,1.6582599878311157,0.48530030250549316,0.09250229597091675,0.8154131174087524,1.6935774087905884,0.19652384519577026,0.04811573773622513,0.6831883788108826,1.6988322734832764,0.5004698038101196,0.09279221296310425,0.7616134881973267,1.7363572120666504,-0.05661184340715408,0.04511744901537895,0.6686713695526123,1.7488644123077393,0.2532074749469757,0.08167732506990433
0.6688938736915588,0.5485120415687561,-0.1310231238603592,0.9911041855812073,0.6842872500419617,0.5194242000579834,-0.12040607631206512,0.9884399175643921,0.6925556063652039,0.5166072249412537,-0.12060055881738663,0.9885755777359009,0.7006975412368774,0.5145301222801208,-0.12073167413473129,0.991550087928772,0.6621957421302795,0.5295687317848206,-0.09533733129501343,0.9890273809432983,0.655613362789154,0.5332769155502319,-0.09514431655406952,0.9881219863891602,0.6490485072135925,0.5378929376602173,-0.09568680822849274,0.98890221118927,0.7172428369522095,0.5306878685951233,-0.04066856950521469,0.9900991320610046,0.6456223726272583,0.5642109513282776,0.09589938819408417,0.9851647019386292,0.690634548664093,0.5714277029037476,-0.10089384019374847,0.9866718053817749,0.6549813747406006,0.586830735206604,-0.06318555027246475,0.9816913604736328,0.7948139905929565,0.6828844547271729,-0.09949155151844025,0.9875654578208923,0.6190820336341858,0.6909818053245544,0.12778864800930023,0.9840468764305115,0.820347785949707,0.9088459014892578,-0.28830182552337646,0.5535716414451599,0.6145377159118652,0.7483483552932739,0.09092748910188675,0.8083569407463074,0.6746375560760498,0.8972989320755005,-0.2825392782688141,0.43167707324028015,0.7259459495544434,0.6048718690872192,0.2893274426460266,0.5271996259689331,0.6328984498977661,0.9191550016403198,-0.3100292682647705,0.31529244780540466,0.7555389404296875,0.6097335815429688,0.29173028469085693,0.3907422423362732,0.6302446722984314,0.8941953778266907,-0.2710132300853729,0.3233727216720581,0.7690754532814026,0.6149418354034424,0.3413063585758209,0.3862387239933014,0.6446690559387207,0.8938315510749817,-0.2657882273197174,0.3517528772354126,0.7470716238021851,0.6189357042312622,0.30632293224334717,0.4123333990573883,0.7967360615730286,1.087726354598999,-0.08002825826406479,0.5132554173469543,0.6566477417945862,1.084282636642456,0.0814271792769432,0.5574896335601807,0.7933595776557922,1.3835289478302002,-0.09590928256511688,0.07059222459793091,0.6729087233543396,1.3821842670440674,0.17323167622089386,0.1458617001771927,0.7872856855392456,1.6565775871276855,0.11576154083013535,0.03161212429404259,0.6641319394111633,1.6606756448745728,0.3603275418281555,0.08351581543684006,0.7980335354804993,1.6956655979156494,0.12288711220026016,0.043430741876363754,0.662543535232544,1.700438380241394,0.3730662763118744,0.083929143846035,0.754728376865387,1.7425862550735474,-0.14036114513874054,0.040674515068531036,0.6564265489578247,1.7519469261169434,0.15220686793327332,0.07386324554681778
0.6722917556762695,0.5539106726646423,-0.1451175957918167,0.9906446933746338,0.686492919921875,0.525028645992279,-0.12347227334976196,0.9868822693824768,0.6944955587387085,0.5224515795707703,-0.12357617914676666,0.9871178865432739,0.7022358179092407,0.5213174223899841,-0.12349029630422592,0.9905394315719604,0.6639867424964905,0.5377423763275146,-0.11567290872335434,0.9868747591972351,0.6569555401802063,0.5432795882225037,-0.11553802341222763,0.9858372807502747,0.650214433670044,0.5497386455535889,-0.11603419482707977,0.9867347478866577,0.7154507040977478,0.5408703088760376,-0.06009303778409958,0.9896222352981567,0.6484701633453369,0.5740897059440613,0.06963764876127243,0.983370840549469,0.6944379806518555,0.5802841186523438,-0.1078794002532959,0.9871824979782104,0.6597650051116943,0.5967349410057068,-0.08273765444755554,0.9816206693649292,0.7932063341140747,0.6838791370391846,-0.14724336564540863,0.9884709119796753,0.6254250407218933,0.6931321024894714,0.11992907524108887,0.9851992726325989,0.8219364881515503,0.9022303819656372,-0.33009836077690125,0.595001757144928,0.6165466904640198,0.6599613428115845,0.04124322906136513,0.8254322409629822,0.679621160030365,0.8974267244338989,-0.29661667346954346,0.46258097887039185,0.7308153510093689,0.6004399061203003,0.1482216864824295,0.5461632609367371,0.6333580017089844,0.9137884378433228,-0.32174840569496155,0.3288383185863495,0.7585231065750122,0.6053639054298401,0.14317139983177185,0.39023032784461975,0.6306240558624268,0.8934252262115479,-0.28120529651641846,0.334728479385376,0.7759171724319458,0.601830244064331,0.18877245485782623,0.38293221592903137,0.6459434032440186,0.886868417263031,-0.2767713665962219,0.36109209060668945,0.7484102845191956,0.6043683290481567,0.16238008439540863,0.41318798065185547,0.8051309585571289,1.0849456787109375,-0.09674812853336334,0.5152040123939514,0.6705812215805054,1.0813136100769043,0.09767688810825348,0.570426344871521,0.7978313565254211,1.3722052574157715,-0.06820892542600632,0.06638438999652863,0.6832060217857361,1.3737221956253052,0.22987039387226105,0.1368289738893509,0.7918443083763123,1.6417043209075928,0.22788484394550323,0.028751801699399948,0.6719914674758911,1.6503030061721802,0.4729499816894531,0.07605961710214615,0.8001645803451538,1.6798171997070312,0.24661009013652802,0.03929845988750458,0.6705704927444458,1.6887729167938232,0.4903610646724701,0.07656071335077286,0.7652930021286011,1.7291762828826904,-0.01417465042322874,0.036757390946149826,0.6638551950454712,1.7412313222885132,0.24607963860034943,0.06748127192258835
0.6694580912590027,0.5518071055412292,-0.1546950787305832,0.9909533262252808,0.6848893761634827,0.5232935547828674,-0.1494259387254715,0.9870769381523132,0.6931009888648987,0.5209638476371765,-0.149679034948349,0.9874390959739685,0.7008897662162781,0.5198075175285339,-0.1497913897037506,0.9907432198524475,0.6622158288955688,0.5350561738014221,-0.1244669109582901,0.9868202805519104,0.6552103757858276,0.540165901184082,-0.1243695616722107,0.9857833981513977,0.6480010747909546,0.5462247133255005,-0.12478331476449966,0.9866004586219788,0.7172567844390869,0.5372188091278076,-0.07559339702129364,0.9902111887931824,0.6452595591545105,0.5709537863731384,0.06399421393871307,0.983817458152771,0.6924962997436523,0.5767999887466431,-0.12669017910957336,0.9881292581558228,0.6544566750526428,0.593794584274292,-0.09271682053804398,0.982591450214386,0.7990425229072571,0.6800974011421204,-0.16732105612754822,0.9894857406616211,0.6242823600769043,0.693481981754303,0.13535308837890625,0.9864249229431152,0.8253257870674133,0.9005119800567627,-0.37998491525650024,0.6335458159446716,0.6157700419425964,0.6662237048149109,0.09971114993095398,0.8410120606422424,0.679364800453186,0.9000193476676941,-0.3634553551673889,0.49467700719833374,0.7321457862854004,0.5976852774620056,0.2467229664325714,0.5604700446128845,0.6316136121749878,0.9103692173957825,-0.39207494258880615,0.34375423192977905,0.7604108452796936,0.6017940044403076,0.248623326420784,0.38816896080970764,0.627731204032898,0.8902549743652344,-0.3491343557834625,0.3477727174758911,0.7781630754470825,0.5977995991706848,0.29925575852394104,0.3783482015132904,0.643121600151062,0.8873361349105835,-0.34317195415496826,0.37279170751571655,0.7502629160881042,0.5986927151679993,0.26319727301597595,0.4113621115684509,0.7999513745307922,1.0851298570632935,-0.11313624680042267,0.5057467818260193,0.6637789011001587,1.0815147161483765,0.11428159475326538,0.5701311230659485,0.7917094826698303,1.3682972192764282,-0.09050247073173523,0.06141405925154686,0.6752876043319702,1.3680140972137451,0.22150258719921112,0.12841054797172546,0.7867597341537476,1.6403191089630127,0.16653864085674286,0.026058048009872437,0.6653462648391724,1.6465392112731934,0.4166480600833893,0.06918616592884064,0.7972370982170105,1.679039478302002,0.179783433675766,0.03551865369081497,0.6643621921539307,1.686356782913208,0.42857232689857483,0.06999170780181885,0.7556450963020325,1.7286235094070435,-0.07494649291038513,0.03318997099995613,0.6565471887588501,1.7375428676605225,0.1871027946472168,0.06168200448155403
0.6703647375106812,0.55051189661026,-0.1434059739112854,0.9916107058525085,0.6863053441047668,0.5225957632064819,-0.13961446285247803,0.9878835082054138,0.6943694353103638,0.5204136967658997,-0.13991007208824158,0.9882828593254089,0.7019763588905334,0.519266664981842,-0.14007990062236786,0.9913536906242371,0.6641478538513184,0.5334075093269348,-0.10932350158691406,0.9875559210777283,0.6572450995445251,0.5381593108177185,-0.10916371643543243,0.9865798950195312,0.6501466035842896,0.5438029170036316,-0.10963203012943268,0.987305223941803,0.7173023819923401,0.5361816883087158,-0.0646103098988533,0.9910054206848145,0.6484628915786743,0.5681406855583191,0.08719861507415771,0.9849050045013428,0.6914951205253601,0.5742089748382568,-0.11454466730356216,0.9891239404678345,0.6548753976821899,0.5914657115936279,-0.07276935130357742,0.9838170409202576,0.7977487444877625,0.6777610182762146,-0.14855533838272095,0.9904253482818604,0.6284318566322327,0.6936471462249756,0.16881760954856873,0.9875339865684509,0.823399543762207,0.903162956237793,-0.34567826986312866,0.6672341823577881,0.615597665309906,0.6793421506881714,0.1453094631433487,0.8541219234466553,0.6788574457168579,0.9004485011100769,-0.32776886224746704,0.523635745048523,0.7283554673194885,0.5981712937355042,0.2853478789329529,0.5728597640991211,0.6316348314285278,0.9127801656723022,-0.35669106245040894,0.3607001006603241,0.7576678991317749,0.6023308634757996,0.283783882856369,0.38740038871765137,0.6281880736351013,0.8877956867218018,-0.3187800645828247,0.36386993527412415,0.7741392850875854,0.5938790440559387,0.32997697591781616,0.37602075934410095,0.6426966786384583,0.8857736587524414,-0.3098200559616089,0.3868527114391327,0.7472125887870789,0.5986453294754028,0.2990892827510834,0.4105446934700012,0.8001802563667297,1.081984043121338,-0.11882728338241577,0.4862469732761383,0.6659109592437744,1.0796153545379639,0.12014152854681015,0.5560328364372253,0.7863651514053345,1.3600659370422363,-0.14513930678367615,0.057123392820358276,0.6714030504226685,1.361624002456665,0.20567651093006134,0.1200178787112236,0.7837892174720764,1.6349380016326904,0.07089631259441376,0.023603681474924088,0.6615806818008423,1.6429309844970703,0.3916960656642914,0.06283759325742722,0.795906662940979,1.6772509813308716,0.07989766448736191,0.03209131583571434,0.6615937948226929,1.6854040622711182,0.42271336913108826,0.06363208591938019,0.7495543956756592,1.7198436260223389,-0.16667842864990234,0.03000122308731079,0.6556094288825989,1.7326170206069946,0.18114647269248962,0.05652064457535744
0.6734722852706909,0.5492074489593506,-0.14034250378608704,0.9922295212745667,0.6892947554588318,0.5213692784309387,-0.13255777955055237,0.9886769652366638,0.6969231963157654,0.5192036032676697,-0.13288134336471558,0.9890992641448975,0.7043002247810364,0.5179001688957214,-0.1330450475215912,0.9919421076774597,0.6671774387359619,0.5317960381507874,-0.1055031567811966,0.9883153438568115,0.6601105332374573,0.5363324880599976,-0.10539104044437408,0.987411379814148,0.6526763439178467,0.5418235659599304,-0.10590177774429321,0.9880504012107849,0.7172449827194214,0.5340673923492432,-0.049292344599962234,0.9917373657226562,0.6506208181381226,0.5640432834625244,0.09000249952077866,0.9858802556991577,0.693280816078186,0.5716714859008789,-0.10581046342849731,0.9900234341621399,0.6566327810287476,0.5885637998580933,-0.06916104257106781,0.9849198460578918,0.794502854347229,0.6780502796173096,-0.12312774360179901,0.991193950176239,0.6229279637336731,0.6940779089927673,0.1519659459590912,0.9883942604064941,0.8248284459114075,0.9039726257324219,-0.31638628244400024,0.6956615447998047,0.6141363382339478,0.6982434391975403,0.03663284331560135,0.8637649416923523,0.678808331489563,0.900439977645874,-0.3136575222015381,0.5437034964561462,0.7255645990371704,0.599743127822876,0.2463867962360382,0.583928644657135,0.6319730281829834,0.9294813871383667,-0.34376269578933716,0.3707491159439087,0.7567934989929199,0.6032886505126953,0.18591037392616272,0.3896353542804718,0.6277859210968018,0.894331693649292,-0.30817264318466187,0.3738156855106354,0.7709144353866577,0.595263659954071,0.3200126886367798,0.3772289454936981,0.6425113677978516,0.8880708813667297,-0.2967076301574707,0.39472466707229614,0.7537781000137329,0.6032900214195251,0.27813610434532166,0.41158977150917053,0.7970227599143982,1.0809122323989868,-0.10522071272134781,0.4653001129627228,0.6634566187858582,1.0786117315292358,0.10644440352916718,0.5422587394714355,0.7839657068252563,1.3573445081710815,-0.1530580371618271,0.05485563352704048,0.670291543006897,1.3589116334915161,0.1875813603401184,0.11370788514614105,0.7818129062652588,1.6308461427688599,0.053375501185655594,0.02152969129383564,0.6595107316970825,1.6409155130386353,0.33417201042175293,0.05748243257403374,0.7930164933204651,1.6743409633636475,0.06091444939374924,0.029098019003868103,0.6597104668617249,1.6851589679718018,0.34302058815956116,0.05815644562244415,0.7488890886306763,1.714589238166809,-0.18696974217891693,0.027267923578619957,0.6552773714065552,1.7289725542068481,0.10905381292104721,0.052595462650060654
0.6718127727508545,0.5474424958229065,-0.1450963318347931,0.9927976727485657,0.6869367957115173,0.5203365683555603,-0.14077970385551453,0.9894270300865173,0.6948481798171997,0.5182226300239563,-0.14111198484897614,0.9898675680160522,0.7023401856422424,0.5169156789779663,-0.14131227135658264,0.9924972653388977,0.6649490594863892,0.5302687287330627,-0.11107324063777924,0.9890393018722534,0.6581124067306519,0.5345574617385864,-0.11100897938013077,0.9881892204284668,0.6511088013648987,0.5397894382476807,-0.11148412525653839,0.9887391328811646,0.7159231305122375,0.533039391040802,-0.052939821034669876,0.9924243092536926,0.6489303708076477,0.5616355538368225,0.07640893757343292,0.9868028163909912,0.6915527582168579,0.5701019167900085,-0.1115238219499588,0.9908764362335205,0.6555050611495972,0.5863229632377625,-0.07795259356498718,0.9860313534736633,0.7922853827476501,0.6768592596054077,-0.14065849781036377,0.9919626712799072,0.6216005682945251,0.6916399002075195,0.14521311223506927,0.9892956018447876,0.8205239176750183,0.9061488509178162,-0.34696540236473083,0.7224984765052795,0.6116806268692017,0.6882926821708679,0.03067116066813469,0.8733552694320679,0.6774005889892578,0.9057499170303345,-0.3370305895805359,0.5613626837730408,0.7261654138565063,0.597277045249939,0.09515748918056488,0.5913889408111572,0.6302049160003662,0.923669695854187,-0.36796799302101135,0.3779675364494324,0.7551127076148987,0.6012004613876343,0.07034949958324432,0.38870126008987427,0.6262514591217041,0.8931257128715515,-0.33046913146972656,0.38136082887649536,0.7719143629074097,0.5943306684494019,0.131136953830719,0.3754364252090454,0.6407944560050964,0.8892333507537842,-0.31902241706848145,0.4003518223762512,0.7592411637306213,0.6042840480804443,0.1113528162240982,0.4103434681892395,0.7926129102706909,1.078845739364624,-0.11280466616153717,0.4438052773475647,0.6546680927276611,1.0314165353775024,0.11411549896001816,0.5256654620170593,0.7806979417800903,1.3545845746994019,-0.1498885154724121,0.05211213603615761,0.6675817370414734,1.3574329614639282,0.189728781580925,0.10778617113828659,0.7787798643112183,1.6290690898895264,0.0625189021229744,0.019619831815361977,0.657874345779419,1.6388100385665894,0.33341920375823975,0.052453212440013885,0.7899162173271179,1.6726208925247192,0.07065365463495255,0.026383308693766594,0.6581096649169922,1.683282494544983,0.3402647376060486,0.053201716393232346,0.7461428642272949,1.7126797437667847,-0.17501167953014374,0.024718377739191055,0.6508708000183105,1.7260185480117798,0.10566546767950058,0.048389047384262085
0.6652533411979675,0.5564523935317993,-0.20965155959129333,0.993178129196167,0.6821112036705017,0.5270204544067383,-0.19065895676612854,0.9899609684944153,0.6906028389930725,0.5245376229286194,-0.19095656275749207,0.9904344081878662,0.6986521482467651,0.5230820178985596,-0.1911230832338333,0.9928997159004211,0.6595097780227661,0.537212610244751,-0.17461395263671875,0.9895126819610596,0.6525231599807739,0.5412272214889526,-0.1745426505804062,0.9886917471885681,0.6454209089279175,0.5458884835243225,-0.175038680434227,0.9891873598098755,0.7127861380577087,0.539357602596283,-0.054352231323719025,0.9929465651512146,0.6418815851211548,0.5671650171279907,0.03650007024407387,0.9875027537345886,0.6845733523368835,0.5790206789970398,-0.15388962626457214,0.9915177226066589,0.6497639417648315,0.5939531922340393,-0.13299748301506042,0.98687744140625,0.7886599898338318,0.6839736104011536,-0.12615272402763367,0.9924991726875305,0.6141350269317627,0.691568911075592,0.12820002436637878,0.9899263381958008,0.8115785717964172,0.9177366495132446,-0.3040851652622223,0.7438816428184509,0.6097168326377869,0.7035433650016785,0.0504065677523613,0.879733681678772,0.663499116897583,0.9203383326530457,-0.325490266084671,0.5732094645500183,0.7188066840171814,0.598784863948822,0.19073602557182312,0.5857590436935425,0.618293285369873,0.9286215305328369,-0.35536545515060425,0.38466426730155945,0.7403854131698608,0.602325975894928,0.1836797297000885,0.3776557743549347,0.6142390370368958,0.8974139094352722,-0.3248998522758484,0.3887854814529419,0.7405966520309448,0.596813976764679,0.23041145503520966,0.3638911843299866,0.6289788484573364,0.8957720994949341,-0.31196650862693787,0.4032477140426636,0.7358518838882446,0.6025826930999756,0.2059195339679718,0.39722776412963867,0.7856457829475403,1.0811244249343872,-0.10143820941448212,0.4274943172931671,0.6506761312484741,1.0575846433639526,0.10270737111568451,0.5120223164558411,0.7766996622085571,1.3522803783416748,-0.1240406185388565,0.05294143036007881,0.6637998819351196,1.3556296825408936,0.11596151441335678,0.10654450207948685,0.7767482995986938,1.627381682395935,0.08282177895307541,0.018389977514743805,0.6466152667999268,1.6380999088287354,0.21658889949321747,0.049246832728385925,0.7860248684883118,1.6697200536727905,0.09156103432178497,0.024281194433569908,0.6469668745994568,1.68205988407135,0.21821372210979462,0.04955420643091202,0.7449742555618286,1.7133362293243408,-0.1550718992948532,0.022892292588949203,0.6380445957183838,1.726956844329834,-0.02145196497440338,0.04655052348971367
0.662234365940094,0.5600694417953491,-0.22756119072437286,0.9935585856437683,0.6795908212661743,0.5301570296287537,-0.20674633979797363,0.9904739856719971,0.6881254315376282,0.5274513959884644,-0.20705659687519073,0.9909348487854004,0.6962047219276428,0.5257875323295593,-0.20721940696239471,0.9932715892791748,0.6570812463760376,0.540290117263794,-0.1930966079235077,0.9899857044219971,0.6501501798629761,0.5440801978111267,-0.19298399984836578,0.9891870617866516,0.6430242657661438,0.5484973788261414,-0.19348621368408203,0.9896642565727234,0.7102339267730713,0.5410822033882141,-0.05782885476946831,0.9933807253837585,0.6380101442337036,0.5702139139175415,0.019390851259231567,0.9881564974784851,0.6810648441314697,0.5823811292648315,-0.16922779381275177,0.9921466112136841,0.6466541290283203,0.5976620316505432,-0.15051554143428802,0.987747073173523,0.7844830751419067,0.6897124648094177,-0.11805959045886993,0.9929437041282654,0.6112730503082275,0.6929933428764343,0.11579038202762604,0.9905293583869934,0.8096128702163696,0.9239628911018372,-0.3020554184913635,0.763937771320343,0.6095717549324036,0.6864324808120728,0.08422859013080597,0.8863551616668701,0.6631053686141968,0.9138713479042053,-0.3457576632499695,0.5828227400779724,0.7170714139938354,0.5989901423454285,0.25822997093200684,0.5789004564285278,0.6205129027366638,0.9270438551902771,-0.3788693845272064,0.3879447877407074,0.737186849117279,0.6095393300056458,0.2600752115249634,0.3668411672115326,0.6158884763717651,0.8981218934059143,-0.34556859731674194,0.3929552137851715,0.7365717887878418,0.6015723347663879,0.2996290326118469,0.3531085252761841,0.6299468278884888,0.8972454071044922,-0.3320152759552002,0.4046473205089569,0.7315402030944824,0.6040372848510742,0.2725065350532532,0.3855099678039551,0.7823625802993774,1.0863701105117798,-0.09709759056568146,0.40692031383514404,0.6484431028366089,1.0723626613616943,0.09834128618240356,0.4915964901447296,0.7756140232086182,1.3521164655685425,-0.11563225090503693,0.05266067758202553,0.6596543192863464,1.3542073965072632,0.12062443792819977,0.10523848235607147,0.7729470133781433,1.6294063329696655,0.10366781800985336,0.017283909022808075,0.6410460472106934,1.6388741731643677,0.25734832882881165,0.04642706364393234,0.7825711965560913,1.671202301979065,0.11308518797159195,0.022255420684814453,0.6411346197128296,1.6824406385421753,0.2626330852508545,0.04656568542122841,0.7400655746459961,1.7159391641616821,-0.1310599446296692,0.021092114970088005,0.6305490136146545,1.7285518646240234,0.03087218664586544,0.04497721791267395
0.6599501371383667,0.5611896514892578,-0.23369435966014862,0.9937106370925903,0.6776749491691589,0.5313028693199158,-0.21250590682029724,0.9906195402145386,0.6862340569496155,0.528584361076355,-0.21281416714191437,0.9911409616470337,0.694342315196991,0.5268753170967102,-0.21294176578521729,0.9933448433876038,0.6550009846687317,0.5411361455917358,-0.20057451725006104,0.9900630712509155,0.6479494571685791,0.5448124408721924,-0.20050804316997528,0.9893619418144226,0.6407360434532166,0.5491754412651062,-0.20104002952575684,0.989750325679779,0.7079535126686096,0.5419877767562866,-0.05744871497154236,0.993603527545929,0.6351965665817261,0.5717827677726746,0.009107108227908611,0.9883611798286438,0.6784877181053162,0.5849002599716187,-0.17214654386043549,0.9925695657730103,0.6444633603096008,0.600409746170044,-0.15620237588882446,0.988277792930603,0.7809641361236572,0.6942294239997864,-0.09348790347576141,0.9932194352149963,0.6092783212661743,0.6950129270553589,0.08306251466274261,0.9910057783126831,0.8064918518066406,0.9277120232582092,-0.2919760048389435,0.7782348394393921,0.608260452747345,0.7334929704666138,-0.08052917569875717,0.8863610029220581,0.6606172323226929,0.9150675535202026,-0.3461114764213562,0.5912951827049255,0.714851975440979,0.6005702614784241,-0.12047328799962997,0.5785202383995056,0.6178600192070007,0.938503086566925,-0.37853115797042847,0.3933064937591553,0.7365598678588867,0.6153324246406555,-0.1445872187614441,0.36481839418411255,0.6165558099746704,0.9018577337265015,-0.3431134819984436,0.3993024230003357,0.7386986613273621,0.644759476184845,-0.10439760982990265,0.3508443236351013,0.6261509656906128,0.8973230123519897,-0.3309871554374695,0.40692800283432007,0.7284750938415527,0.6108790040016174,-0.10959847271442413,0.380947083234787,0.7798734903335571,1.0881009101867676,-0.08396084606647491,0.3969835340976715,0.6471057534217834,1.079676866531372,0.08483042567968369,0.48521414399147034,0.7735662460327148,1.351300597190857,-0.0923347920179367,0.05555069446563721,0.6593352556228638,1.3532980680465698,0.11110981553792953,0.10421514511108398,0.7713867425918579,1.6280503273010254,0.14616169035434723,0.01671227440237999,0.6412196755409241,1.6391593217849731,0.24981598556041718,0.044846244156360626,0.7808575630187988,1.6696211099624634,0.1576564759016037,0.020611146464943886,0.6412271857261658,1.6830633878707886,0.2554977834224701,0.0438956543803215,0.7411446571350098,1.7151459455490112,-0.09223771840333939,0.019870921969413757,0.6318015456199646,1.727987289428711,0.013318261131644249,0.04508981853723526
0.6584978699684143,0.5621777176856995,-0.22646036744117737,0.9941457509994507,0.6763433218002319,0.5317093729972839,-0.20504653453826904,0.9912101626396179,0.6848639249801636,0.5291329026222229,-0.20534901320934296,0.991721510887146,0.6929904222488403,0.5275267958641052,-0.20544247329235077,0.9937673211097717,0.6534818410873413,0.5415389537811279,-0.1931285709142685,0.9906646609306335,0.6462937593460083,0.5452961325645447,-0.1930374801158905,0.9900196194648743,0.6390659809112549,0.5497698187828064,-0.19354663789272308,0.9903863072395325,0.7073768377304077,0.5428973436355591,-0.05559162423014641,0.9940469264984131,0.6334663033485413,0.5729847550392151,0.012265494093298912,0.9891138076782227,0.6769620180130005,0.5858787894248962,-0.16685809195041656,0.9931163787841797,0.6435950994491577,0.6016423106193542,-0.15083825588226318,0.9890830516815186,0.7798691391944885,0.6966673731803894,-0.08418149501085281,0.993442714214325,0.6083182096481323,0.6983276605606079,0.08311150968074799,0.9914218783378601,0.8049319982528687,0.936941921710968,-0.27172961831092834,0.7906498908996582,0.6076024174690247,0.7604501843452454,-0.02536954917013645,0.8874132037162781,0.650032639503479,0.9263036847114563,-0.32262665033340454,0.6014952063560486,0.7111251950263977,0.605618417263031,0.037357788532972336,0.5765137076377869,0.6128145456314087,0.9353296756744385,-0.360084593296051,0.4022141993045807,0.7436954975128174,0.6680899858474731,0.023693669587373734,0.363444060087204,0.6092463731765747,0.9085602164268494,-0.3221055865287781,0.40951400995254517,0.7407967448234558,0.6645607352256775,0.06363871693611145,0.3501894772052765,0.6219585537910461,0.9064943194389343,-0.308811753988266,0.41441595554351807,0.7238569259643555,0.6120452284812927,0.04986322671175003,0.37860387563705444,0.7783622145652771,1.0939395427703857,-0.07950184494256973,0.37269237637519836,0.6459364295005798,1.0863091945648193,0.08057175576686859,0.4598621428012848,0.7692402601242065,1.355682611465454,-0.09769438207149506,0.055929478257894516,0.6510758996009827,1.3553082942962646,0.09688737243413925,0.10217668116092682,0.7643841505050659,1.6340656280517578,0.13511775434017181,0.015607751905918121,0.6357549428939819,1.6445327997207642,0.2158902883529663,0.04185423254966736,0.773600697517395,1.6754982471466064,0.1451919674873352,0.01885773427784443,0.6359893679618835,1.688618779182434,0.21911557018756866,0.04059114679694176,0.7334446310997009,1.7221276760101318,-0.11007009446620941,0.01844021864235401,0.6267035603523254,1.734877109527588,-0.02727527543902397,0.04345297813415527
0.6576946973800659,0.5618403553962708,-0.2299792468547821,0.9946117401123047,0.6756888031959534,0.5318954586982727,-0.20668713748455048,0.9918588995933533,0.6842088103294373,0.5294739603996277,-0.20695289969444275,0.9923445582389832,0.6923662424087524,0.527927041053772,-0.20699989795684814,0.9942213296890259,0.6525766849517822,0.5415781736373901,-0.1955212652683258,0.9913234114646912,0.6452478170394897,0.5454527735710144,-0.19543787837028503,0.9907348155975342,0.6379755735397339,0.55007004737854,-0.1959104835987091,0.9910597801208496,0.7065726518630981,0.5433644652366638,-0.05399908870458603,0.9945208430290222,0.6325173377990723,0.5721420645713806,0.01267796941101551,0.9898566007614136,0.6765929460525513,0.5853649377822876,-0.16823485493659973,0.993678867816925,0.6425580382347107,0.6013678312301636,-0.15327218174934387,0.9898996949195862,0.7800222039222717,0.6971898674964905,-0.0780043751001358,0.993812084197998,0.6051571369171143,0.7012959122657776,0.07979074120521545,0.9918244481086731,0.8041559457778931,0.9392396211624146,-0.27155572175979614,0.8038387298583984,0.6043123006820679,0.7764482498168945,-0.08197943866252899,0.8880666494369507,0.6449114084243774,0.9292590022087097,-0.3167058825492859,0.6184607148170471,0.7092502117156982,0.6091827154159546,-0.13151496648788452,0.580348551273346,0.6067084074020386,0.9344008564949036,-0.35043492913246155,0.4169620871543884,0.7376868724822998,0.6562385559082031,-0.16266760230064392,0.36665844917297363,0.6018627285957336,0.907726526260376,-0.31273943185806274,0.4249040484428406,0.7322470545768738,0.6524239778518677,-0.11664436757564545,0.3532109260559082,0.6113964915275574,0.905960738658905,-0.30144456028938293,0.4278086721897125,0.7228683233261108,0.613362193107605,-0.12004655599594116,0.3796653151512146,0.7777594327926636,1.095152497291565,-0.0785558894276619,0.35253843665122986,0.6396769285202026,1.0898890495300293,0.07973016798496246,0.4355596601963043,0.7656951546669006,1.3556828498840332,-0.09755882620811462,0.05437767505645752,0.6432082056999207,1.3561564683914185,0.11122218519449234,0.09671314060688019,0.7614902853965759,1.6358340978622437,0.1386287808418274,0.014336406253278255,0.6318313479423523,1.6463736295700073,0.24239055812358856,0.03842790797352791,0.7706167697906494,1.678157925605774,0.14871802926063538,0.01711943745613098,0.6324993371963501,1.691047191619873,0.24724647402763367,0.03703496232628822,0.7317861318588257,1.7259407043457031,-0.10811835527420044,0.01690785586833954,0.6253363490104675,1.7391096353530884,0.002569361589848995,0.04089798405766487
0.6571337580680847,0.5609161257743835,-0.16837987303733826,0.9950319528579712,0.6751191020011902,0.5319522023200989,-0.1424667239189148,0.9924579858779907,0.6835694313049316,0.5296511650085449,-0.1427001953125,0.9929242134094238,0.6916475296020508,0.5282046794891357,-0.1427210122346878,0.9946540594100952,0.6519923210144043,0.5415420532226562,-0.1313169300556183,0.9919562339782715,0.6446111798286438,0.5454601645469666,-0.1311563104391098,0.991418719291687,0.6372756958007812,0.5501509308815002,-0.13167785108089447,0.9917265176773071,0.7058057188987732,0.5437214374542236,0.010156190022826195,0.9949598908424377,0.6317747235298157,0.5717061161994934,0.07189911603927612,0.9905803799629211,0.6760110855102539,0.5845723748207092,-0.10956805944442749,0.9941698908805847,0.6424470543861389,0.6012105345726013,-0.09511875361204147,0.9906220436096191,0.7800748348236084,0.6982015371322632,-0.02983284369111061,0.9940869808197021,0.6004716753959656,0.7019996047019958,0.11573227494955063,0.9923070073127747,0.8029590845108032,0.9394740462303162,-0.2280208170413971,0.8153066039085388,0.6013226509094238,0.7763761281967163,-0.06650130450725555,0.886728048324585,0.6466847658157349,0.9307275414466858,-0.24494782090187073,0.6320539712905884,0.7060444355010986,0.6120678186416626,-0.04143858700990677,0.5834915637969971,0.6079918146133423,0.9339186549186707,-0.27170220017433167,0.4279550313949585,0.7443539500236511,0.6877477765083313,-0.0623348243534565,0.37134066224098206,0.6024773716926575,0.9066672921180725,-0.22981949150562286,0.4364323318004608,0.7264609932899475,0.6513291597366333,-0.018376631662249565,0.3578980565071106,0.614122211933136,0.9053183197975159,-0.22690388560295105,0.43849441409111023,0.721236526966095,0.6258562207221985,-0.02929035760462284,0.3830927014350891,0.7769485712051392,1.0942370891571045,-0.07250146567821503,0.33672481775283813,0.6377962827682495,1.0882301330566406,0.07382717728614807,0.4208044707775116,0.7637633085250854,1.3549225330352783,-0.1256801038980484,0.053342681378126144,0.6413317918777466,1.3558357954025269,0.06602580845355988,0.09278126806020737,0.7590547800064087,1.6354705095291138,0.07077223062515259,0.013183677569031715,0.6279709339141846,1.6472930908203125,0.15019848942756653,0.03542308136820793,0.7676571607589722,1.677480697631836,0.07720468938350677,0.015598240308463573,0.6281605362892151,1.6930172443389893,0.1498381346464157,0.0338512659072876,0.7297967672348022,1.7262152433395386,-0.17824269831180573,0.015626005828380585,0.6203747391700745,1.7385997772216797,-0.09422116726636887,0.038905978202819824
0.6576672792434692,0.5605404376983643,-0.17027096450328827,0.9953856468200684,0.6750078201293945,0.5322245955467224,-0.14601142704486847,0.9929587244987488,0.6833277940750122,0.5300333499908447,-0.14628687500953674,0.9933998584747314,0.6912902593612671,0.5286716222763062,-0.14635592699050903,0.9950180649757385,0.6524287462234497,0.5411773920059204,-0.13376960158348083,0.9924717545509338,0.6452868580818176,0.5448940396308899,-0.1336449533700943,0.9919629096984863,0.637907087802887,0.5494924783706665,-0.13415904343128204,0.9922710061073303,0.7053886651992798,0.5440047979354858,0.001128257135860622,0.9953262805938721,0.6314387321472168,0.5717979669570923,0.06887999176979065,0.9912264943122864,0.676195502281189,0.5839889645576477,-0.1141381487250328,0.9945918917655945,0.6418011784553528,0.6003851294517517,-0.09781323373317719,0.9912463426589966,0.7798008918762207,0.6981924772262573,-0.046604808419942856,0.9944181442260742,0.6002777814865112,0.7036113142967224,0.13060788810253143,0.9927543997764587,0.8036416172981262,0.9370367527008057,-0.2378016710281372,0.8278955221176147,0.600288450717926,0.7633956670761108,0.09435068815946579,0.8935129046440125,0.6532626748085022,0.9287506341934204,-0.2539479732513428,0.6446163654327393,0.7019709944725037,0.6120017170906067,0.2809203267097473,0.5906265377998352,0.6116675734519958,0.9325695633888245,-0.2814158797264099,0.436125785112381,0.7289154529571533,0.6456490159034729,0.28153133392333984,0.3717985451221466,0.6030391454696655,0.9055899977684021,-0.2450006753206253,0.4440348148345947,0.7233179807662964,0.6352806687355042,0.32824671268463135,0.35741379857063293,0.6168030500411987,0.904840886592865,-0.23752450942993164,0.44521763920783997,0.7187467813491821,0.624236524105072,0.29661744832992554,0.3834497630596161,0.7771283388137817,1.094136357307434,-0.08081687986850739,0.324709951877594,0.6379879713058472,1.0895787477493286,0.08213706314563751,0.4095609188079834,0.7643418312072754,1.3543884754180908,-0.1368614286184311,0.051623523235321045,0.6430583000183105,1.3554185628890991,0.11076571047306061,0.08960270136594772,0.7605813145637512,1.6356364488601685,0.05496103689074516,0.01216801442205906,0.6300327181816101,1.6476455926895142,0.1620166152715683,0.03297201916575432,0.7696391344070435,1.677548885345459,0.062153786420822144,0.014257070608437061,0.630534827709198,1.692996859550476,0.16824811697006226,0.031369514763355255,0.731810986995697,1.7266465425491333,-0.18861910700798035,0.014390268363058567,0.6213494539260864,1.7394630908966064,-0.07727298885583878,0.03717154636979103
0.6587761640548706,0.5600735545158386,-0.1438797414302826,0.9957745671272278,0.6753547787666321,0.5320437550544739,-0.11567054688930511,0.993517279624939,0.6834833025932312,0.5299266576766968,-0.11591051518917084,0.993945837020874,0.6913048624992371,0.5286191701889038,-0.11595489829778671,0.995424747467041,0.6531491279602051,0.5407488346099854,-0.10841143131256104,0.9930441379547119,0.6460375189781189,0.5444195866584778,-0.10833442211151123,0.9925881624221802,0.6385022401809692,0.5490095019340515,-0.10883865505456924,0.9928673505783081,0.7052041292190552,0.5438167452812195,0.03798910602927208,0.9957227110862732,0.6311988234519958,0.5718829035758972,0.08163764327764511,0.9919310808181763,0.6769894361495972,0.583507776260376,-0.08607302606105804,0.9950147271156311,0.6416087746620178,0.5997813940048218,-0.07623036950826645,0.9918947219848633,0.7793428897857666,0.6979416012763977,0.004851299338042736,0.9947709441184998,0.6001278162002563,0.703163743019104,0.12269508838653564,0.9930784702301025,0.8032323122024536,0.9359529614448547,-0.17656022310256958,0.8373640775680542,0.6000520586967468,0.7607258558273315,0.06763620674610138,0.8963419795036316,0.6542747020721436,0.9267820119857788,-0.2219017744064331,0.6560160517692566,0.7016147375106812,0.6118009686470032,0.21409769356250763,0.5940557718276978,0.6123153567314148,0.9324651956558228,-0.25315409898757935,0.447835773229599,0.7290736436843872,0.6339121460914612,0.20518548786640167,0.37296801805496216,0.6048371195793152,0.9048040509223938,-0.2204752266407013,0.4566645324230194,0.7255885004997253,0.6310288906097412,0.24306122958660126,0.35864078998565674,0.617406964302063,0.903795599937439,-0.20953603088855743,0.4564479887485504,0.7195356488227844,0.6227213740348816,0.22606948018074036,0.384832501411438,0.7772799134254456,1.0934810638427734,-0.05737072229385376,0.31559276580810547,0.638481616973877,1.0887951850891113,0.05873414874076843,0.3978526294231415,0.763649582862854,1.3515125513076782,-0.13524344563484192,0.05170600116252899,0.643269419670105,1.352140188217163,0.055544413626194,0.08728446066379547,0.7563364505767822,1.6352550983428955,0.06765764206647873,0.011263172142207623,0.6290304064750671,1.647012710571289,0.11132125556468964,0.03049752488732338,0.7644771337509155,1.6771602630615234,0.073977530002594,0.013111835345625877,0.629120945930481,1.6921905279159546,0.10869549214839935,0.02878561243414879,0.7268688678741455,1.7258780002593994,-0.17616954445838928,0.01330324076116085,0.6206561326980591,1.7390378713607788,-0.13207943737506866,0.03478267416357994
0.658873975276947,0.5605993866920471,-0.14671486616134644,0.9961164593696594,0.6752471327781677,0.5330703258514404,-0.12025046348571777,0.9940098524093628,0.6833059787750244,0.531088650226593,-0.12047816812992096,0.9944307804107666,0.6910912394523621,0.5298292636871338,-0.12052209675312042,0.9957809448242188,0.6531596183776855,0.5411638617515564,-0.11094535887241364,0.9935509562492371,0.6460936069488525,0.5446131229400635,-0.11087672412395477,0.993146538734436,0.6385844945907593,0.5490367412567139,-0.11137644201517105,0.9933940768241882,0.705190122127533,0.5448550581932068,0.029664654284715652,0.9960761666297913,0.6313645839691162,0.5725546479225159,0.08184371143579483,0.9925346374511719,0.6771377921104431,0.5835943818092346,-0.09008583426475525,0.9953850507736206,0.641451358795166,0.6002252101898193,-0.0776047557592392,0.9924527406692505,0.7790101766586304,0.6982917189598083,-0.00982614979147911,0.995091438293457,0.6033480167388916,0.7047497034072876,0.12010426819324493,0.9933796525001526,0.8031917810440063,0.9349192380905151,-0.20069077610969543,0.8469167351722717,0.6035474538803101,0.7564218044281006,0.04842817038297653,0.8967692852020264,0.6566398739814758,0.9254586696624756,-0.23371103405952454,0.6664217710494995,0.701434314250946,0.6115659475326538,0.16167613863945007,0.5989556312561035,0.6143068671226501,0.9315618872642517,-0.26297727227211,0.45795053243637085,0.7271860837936401,0.6275379061698914,0.14900508522987366,0.37790966033935547,0.6056985259056091,0.9041232466697693,-0.2310076206922531,0.46782392263412476,0.7245804071426392,0.6277170181274414,0.18791714310646057,0.36393362283706665,0.6180042028427124,0.9031562805175781,-0.22091391682624817,0.46575218439102173,0.7190791964530945,0.6212276816368103,0.17334043979644775,0.38948455452919006,0.77970290184021,1.0942143201828003,-0.056255798786878586,0.31046169996261597,0.6420440077781677,1.0891672372817993,0.05760917812585831,0.393142968416214,0.7645221948623657,1.351362943649292,-0.1289435178041458,0.05507209151983261,0.6462622880935669,1.3518613576889038,0.037990082055330276,0.08969741314649582,0.7566201686859131,1.6352204084396362,0.05604972690343857,0.010699755512177944,0.6292210817337036,1.6473113298416138,0.08462589979171753,0.028912553563714027,0.7645567655563354,1.677153468132019,0.06080117076635361,0.012306921184062958,0.6292087435722351,1.693041443824768,0.07989950478076935,0.026865432038903236,0.7270798683166504,1.726558804512024,-0.18614651262760162,0.012592745944857597,0.6213168501853943,1.7392700910568237,-0.15843504667282104,0.033347129821777344
0.6594418883323669,0.5605508685112,-0.17660626769065857,0.996380627155304,0.6757470965385437,0.532792866230011,-0.1514194905757904,0.9944103360176086,0.6838973760604858,0.530805766582489,-0.15168625116348267,0.9948133826255798,0.6917232275009155,0.5295345187187195,-0.1517994999885559,0.996077835559845,0.6532856225967407,0.5409195423126221,-0.13884004950523376,0.9939479827880859,0.6461092829704285,0.5443649888038635,-0.13871103525161743,0.9935504198074341,0.6384815573692322,0.5487884879112244,-0.13921259343624115,0.9937953352928162,0.7064405083656311,0.5446652770042419,0.005761643871665001,0.9963834881782532,0.6315434575080872,0.5724474787712097,0.08106014877557755,0.9930412769317627,0.678824245929718,0.5831699967384338,-0.11901457607746124,0.9957506060600281,0.6414287686347961,0.5999558568000793,-0.100489541888237,0.9929909110069275,0.7802606821060181,0.6973768472671509,-0.05068005993962288,0.9954792857170105,0.6031801104545593,0.7045770883560181,0.12413004785776138,0.9938249588012695,0.8037291765213013,0.9336736798286438,-0.2541612684726715,0.8602747917175293,0.587482213973999,0.7053462266921997,0.0819975882768631,0.9048807621002197,0.6583079099655151,0.9255077838897705,-0.2741086781024933,0.682845950126648,0.7012490034103394,0.6105180382728577,0.24878235161304474,0.6048272252082825,0.6154016256332397,0.931329607963562,-0.3041897416114807,0.46835437417030334,0.7263281941413879,0.6174482107162476,0.2424439638853073,0.373954713344574,0.6058546304702759,0.9049229025840759,-0.2731209993362427,0.476864755153656,0.724280595779419,0.6174715161323547,0.2924264073371887,0.3582426905632019,0.6200225949287415,0.9036638140678406,-0.26148298382759094,0.4751918315887451,0.7184237837791443,0.6157433986663818,0.26449063420295715,0.38555729389190674,0.7796818614006042,1.0938241481781006,-0.06842076778411865,0.3279631733894348,0.6419484615325928,1.0886836051940918,0.06984733045101166,0.4126069247722626,0.7671977877616882,1.3624392747879028,-0.10610593855381012,0.054624445736408234,0.6462814807891846,1.3606319427490234,0.13326813280582428,0.09034886956214905,0.7585160732269287,1.6407115459442139,0.09166914969682693,0.010149912908673286,0.6298878192901611,1.6505646705627441,0.27413755655288696,0.027808796614408493,0.7668340802192688,1.680935263633728,0.0981023833155632,0.011470738798379898,0.6298378705978394,1.6946995258331299,0.28049564361572266,0.026118457317352295,0.7283097505569458,1.732775092124939,-0.17207254469394684,0.011671753600239754,0.6217566728591919,1.7435308694839478,0.02857503667473793,0.03232599049806595
0.6588245034217834,0.5614982843399048,-0.1599155217409134,0.9966827034950256,0.6755087971687317,0.5337978005409241,-0.13577523827552795,0.9948648810386658,0.6838628053665161,0.5316380262374878,-0.13606448471546173,0.9952452182769775,0.691563606262207,0.5302043557167053,-0.13615001738071442,0.996405839920044,0.6528847813606262,0.5423046350479126,-0.12263896316289902,0.9944263696670532,0.6458455324172974,0.5457125902175903,-0.12250801175832748,0.9940578937530518,0.6383007764816284,0.5500410795211792,-0.12300451844930649,0.9942895174026489,0.706457257270813,0.5450484156608582,0.010307234711945057,0.9966951012611389,0.6321533918380737,0.5723860263824463,0.08408940583467484,0.9936211109161377,0.6786699891090393,0.5842272043228149,-0.10571621358394623,0.9960944056510925,0.6412441730499268,0.6009892821311951,-0.08709385246038437,0.9935239553451538,0.7810319662094116,0.695762574672699,-0.045840758830308914,0.9957877993583679,0.6037479043006897,0.704180121421814,0.1491682231426239,0.9941650032997131,0.8033145070075989,0.9328726530075073,-0.23444876074790955,0.8707478046417236,0.588492751121521,0.7102199792861938,0.17262524366378784,0.9114540219306946,0.6565560698509216,0.9257937669754028,-0.23256203532218933,0.6956774592399597,0.7011639475822449,0.6097233295440674,0.4334353506565094,0.6084977388381958,0.6131628751754761,0.9309607148170471,-0.25735345482826233,0.4782797396183014,0.725741982460022,0.6131113767623901,0.43774381279945374,0.37074634432792664,0.6046342849731445,0.9046504497528076,-0.22907587885856628,0.4862617552280426,0.7251334190368652,0.6125125288963318,0.4880155622959137,0.3540163040161133,0.619219958782196,0.9033559560775757,-0.22069469094276428,0.4847598969936371,0.7185806035995483,0.6125055551528931,0.4507693350315094,0.3816836178302765,0.7795271873474121,1.0937074422836304,-0.0728699117898941,0.3260197043418884,0.6417301893234253,1.0885999202728271,0.0742979496717453,0.4111098051071167,0.7649305462837219,1.361422061920166,-0.10937876999378204,0.05443704128265381,0.6444251537322998,1.356063961982727,0.1275496780872345,0.09342369437217712,0.75710529088974,1.6399461030960083,0.0721769630908966,0.0096118850633502,0.6289762854576111,1.6482560634613037,0.22947804629802704,0.027033209800720215,0.7662463784217834,1.680269479751587,0.07792390137910843,0.01072234008461237,0.6292701959609985,1.6924582719802856,0.2306608259677887,0.02532510831952095,0.7253215312957764,1.732593059539795,-0.17683614790439606,0.01099548302590847,0.6196988224983215,1.7432876825332642,-0.007531899958848953,0.03246889263391495
0.6586973071098328,0.561352550983429,-0.15185590088367462,0.9969643950462341,0.6755489110946655,0.5336204767227173,-0.1293518841266632,0.9952918291091919,0.6840037107467651,0.5314739346504211,-0.12963421642780304,0.995652973651886,0.69185870885849,0.5300617218017578,-0.12973210215568542,0.9967100024223328,0.652752161026001,0.5422026515007019,-0.1152275949716568,0.9948827028274536,0.6457256078720093,0.5457058548927307,-0.11515019088983536,0.9945477247238159,0.6382710337638855,0.5501590967178345,-0.11563192307949066,0.9947559833526611,0.70763099193573,0.5450035333633423,0.01392605621367693,0.9969877004623413,0.6324160099029541,0.5721942186355591,0.09068688005208969,0.9941527843475342,0.6795310378074646,0.5837789177894592,-0.09737130254507065,0.9964138269424438,0.641200065612793,0.6007456183433533,-0.07765870541334152,0.9940160512924194,0.7821620106697083,0.6919917464256287,-0.0349799320101738,0.9960879683494568,0.6048328280448914,0.7038400769233704,0.1504243165254593,0.9945058822631836,0.8030987977981567,0.9317017197608948,-0.22236819565296173,0.8793591856956482,0.5891068577766418,0.7314878702163696,0.11520836502313614,0.915815532207489,0.6574004292488098,0.9253262281417847,-0.23221294581890106,0.7072736620903015,0.6995595693588257,0.6089316010475159,0.1381169855594635,0.6210630536079407,0.6140443086624146,0.9305948615074158,-0.25817054510116577,0.48957622051239014,0.7236366868019104,0.6109301447868347,0.11373154073953629,0.3798438608646393,0.6055395007133484,0.904384970664978,-0.23204047977924347,0.49743908643722534,0.7239792943000793,0.6071308851242065,0.16420668363571167,0.361956924200058,0.6203564405441284,0.9031514525413513,-0.22060003876686096,0.4951440095901489,0.7174694538116455,0.609851598739624,0.15144529938697815,0.3885710537433624,0.779302716255188,1.0904837846755981,-0.07226192951202393,0.33697912096977234,0.6396490335464478,1.033994197845459,0.07360345870256424,0.4247609078884125,0.7646843194961548,1.3490815162658691,-0.11051827669143677,0.05870366096496582,0.644467830657959,1.3457586765289307,0.12433256208896637,0.1000012457370758,0.7573413252830505,1.631556749343872,0.059858571738004684,0.00942462868988514,0.6290385723114014,1.6426208019256592,0.21453221142292023,0.026972223073244095,0.7668098211288452,1.6727880239486694,0.06461187452077866,0.010264193639159203,0.6300954818725586,1.6879559755325317,0.2144654244184494,0.024788735434412956,0.7254959344863892,1.7247895002365112,-0.18221789598464966,0.01057290006428957,0.6199921369552612,1.738383173942566,-0.01335219293832779,0.03262382373213768
0.6620136499404907,0.5600124001502991,-0.1501464694738388,0.9971575736999512,0.677105724811554,0.5333224534988403,-0.12845675647258759,0.9955451488494873,0.6852072477340698,0.5311746001243591,-0.1287243664264679,0.9959250092506409,0.6928771138191223,0.5297163724899292,-0.1288120001554489,0.9968899488449097,0.6542554497718811,0.5421265363693237,-0.11546063423156738,0.9951488375663757,0.6469002962112427,0.5455601215362549,-0.11538753658533096,0.9948647618293762,0.6392308473587036,0.5500313639640808,-0.11589847505092621,0.9950459003448486,0.7082585096359253,0.5445598363876343,0.013698521070182323,0.9971912503242493,0.6332674622535706,0.5720769166946411,0.08535686135292053,0.994498610496521,0.6830040812492371,0.5811489224433899,-0.09497488290071487,0.9966263175010681,0.6459804177284241,0.5977237224578857,-0.07694851607084274,0.994334876537323,0.7841778993606567,0.6903380155563354,-0.026312831789255142,0.9962895512580872,0.6057842969894409,0.7014521360397339,0.1488378942012787,0.9948139786720276,0.8030983209609985,0.9297416806221008,-0.218540757894516,0.8853188157081604,0.5982061624526978,0.7433097958564758,0.030777672305703163,0.9187641143798828,0.6616928577423096,0.9235528111457825,-0.23798950016498566,0.7115162014961243,0.7070398926734924,0.6088129878044128,0.05852813646197319,0.6363636255264282,0.6189164519309998,0.9265943169593811,-0.264786958694458,0.4912800192832947,0.7305325269699097,0.6117199659347534,0.03611895442008972,0.3955020606517792,0.6109721660614014,0.9016851186752319,-0.23648519814014435,0.49964940547943115,0.7440764307975769,0.6144769191741943,0.07953644543886185,0.3770081102848053,0.6252555251121521,0.9009488224983215,-0.22572119534015656,0.4961659014225006,0.7373989224433899,0.6256332993507385,0.07131604850292206,0.40126168727874756,0.7819652557373047,1.0867294073104858,-0.06658267229795456,0.3367415964603424,0.6392287015914917,1.022592306137085,0.06779269129037857,0.42948979139328003,0.7685041427612305,1.3379830121994019,-0.11050339788198471,0.06404771655797958,0.65054851770401,1.3351441621780396,0.07115761935710907,0.10740416496992111,0.7633379697799683,1.6222046613693237,0.06250368058681488,0.009460708126425743,0.6342440843582153,1.6354047060012817,0.13292182981967926,0.027553008869290352,0.7722461819648743,1.6636110544204712,0.06774221360683441,0.01004919782280922,0.6353816390037537,1.682010531425476,0.13025586307048798,0.02459844760596752,0.7328711152076721,1.7173283100128174,-0.17831359803676605,0.010423990897834301,0.6233906149864197,1.730279803276062,-0.10244276374578476,0.03341163322329521
0.6648043394088745,0.5565258860588074,-0.14814671874046326,0.9973690509796143,0.6789435148239136,0.5320644974708557,-0.12440736591815948,0.9958460330963135,0.6867693662643433,0.5302515625953674,-0.12465206533670425,0.9962210655212402,0.6942836046218872,0.5289719104766846,-0.12472435086965561,0.9971081614494324,0.6560298204421997,0.5402950644493103,-0.11393742263317108,0.9954562187194824,0.6483110189437866,0.5439571142196655,-0.11385675519704819,0.9952033162117004,0.640134871006012,0.5487282872200012,-0.11435180902481079,0.995371401309967,0.7090553045272827,0.5439440011978149,0.023697644472122192,0.997409462928772,0.6338557004928589,0.5715036988258362,0.08329571038484573,0.994890034198761,0.6852413415908813,0.5780450105667114,-0.09108038991689682,0.9968635439872742,0.6476680636405945,0.5943401455879211,-0.07643182575702667,0.9947108030319214,0.7858736515045166,0.6901273727416992,-0.01173525582998991,0.9965658187866211,0.6055152416229248,0.7013586163520813,0.1480918824672699,0.9951446056365967,0.8038891553878784,0.9294849038124084,-0.20002155005931854,0.8926859498023987,0.5890533328056335,0.7063871622085571,0.04182830825448036,0.9231600165367126,0.6614795923233032,0.9222070574760437,-0.23850397765636444,0.7239971160888672,0.7072374224662781,0.6090183258056641,0.16703185439109802,0.6482053399085999,0.6184228658676147,0.9238465428352356,-0.2669951319694519,0.5056235194206238,0.7314216494560242,0.6127728223800659,0.15216439962387085,0.405402272939682,0.6108759641647339,0.899534285068512,-0.23676066100597382,0.5139618515968323,0.7427511811256409,0.6138520836830139,0.19957518577575684,0.38629481196403503,0.6232145428657532,0.8991476893424988,-0.22591087222099304,0.5086294412612915,0.7367372512817383,0.6208760738372803,0.18285603821277618,0.4099855422973633,0.781771719455719,1.0867979526519775,-0.058762889355421066,0.33770695328712463,0.6391966938972473,1.0557560920715332,0.06014856696128845,0.43128976225852966,0.7684334516525269,1.3439311981201172,-0.1104283332824707,0.06521144509315491,0.6504229307174683,1.3396555185317993,0.022313041612505913,0.10826987028121948,0.7632313370704651,1.6272889375686646,0.05925016850233078,0.008958649821579456,0.6334589719772339,1.6395832300186157,0.0730474665760994,0.02615761011838913,0.7712985277175903,1.6685205698013306,0.06389002501964569,0.00943684671074152,0.6338568925857544,1.6861625909805298,0.06935115158557892,0.023136572912335396,0.7328546643257141,1.7236042022705078,-0.19014091789722443,0.009871186688542366,0.6234352588653564,1.734442949295044,-0.17926159501075745,0.03219718113541603
0.6651243567466736,0.5546028017997742,-0.16768410801887512,0.9975199103355408,0.6793922185897827,0.5315537452697754,-0.1424737125635147,0.9960667490959167,0.68720543384552,0.5299641489982605,-0.14270898699760437,0.9964317083358765,0.6946991682052612,0.5288435220718384,-0.14274224638938904,0.9972665905952454,0.6563900709152222,0.5392669439315796,-0.13238176703453064,0.9956641793251038,0.6486023664474487,0.5429106950759888,-0.13229608535766602,0.9954232573509216,0.6402811408042908,0.5477377772331238,-0.13280171155929565,0.9955888390541077,0.7094792127609253,0.5438198447227478,0.013795259408652782,0.9975820779800415,0.6340194940567017,0.57091224193573,0.07006901502609253,0.9951850175857544,0.6855374574661255,0.5769416093826294,-0.10834238678216934,0.997067928314209,0.6473121047019958,0.5931694507598877,-0.09442301094532013,0.99502032995224,0.7866421937942505,0.6901043057441711,-0.021942488849163055,0.9968040585517883,0.6054191589355469,0.7010200023651123,0.12362974882125854,0.9954362511634827,0.8052595257759094,0.9295885562896729,-0.22622966766357422,0.9007505774497986,0.5856567025184631,0.6927464008331299,0.0357348658144474,0.9279019832611084,0.6588253378868103,0.9220705628395081,-0.26848798990249634,0.7386507391929626,0.7072533369064331,0.6090428233146667,0.17395827174186707,0.6568426489830017,0.6124290227890015,0.9226910471916199,-0.30010291934013367,0.521773099899292,0.7315801978111267,0.6128446459770203,0.16134600341320038,0.4100278615951538,0.6067103743553162,0.8951725363731384,-0.265473872423172,0.5291320085525513,0.7470627427101135,0.6104151010513306,0.20922589302062988,0.3899236023426056,0.6192550659179688,0.8948149085044861,-0.25445327162742615,0.522861123085022,0.736335813999176,0.6178957223892212,0.18944230675697327,0.4145164489746094,0.7818994522094727,1.0880366563796997,-0.059647660702466965,0.34476110339164734,0.639263391494751,1.0709813833236694,0.06104344129562378,0.4397149682044983,0.7688316106796265,1.355431318283081,-0.09430202841758728,0.0645478367805481,0.6499786376953125,1.350439190864563,0.050090353935956955,0.1071300059556961,0.7627956867218018,1.6353585720062256,0.09930836409330368,0.008473999798297882,0.6327681541442871,1.6445555686950684,0.1268833428621292,0.024898570030927658,0.770461916923523,1.676683783531189,0.10620342195034027,0.008855370804667473,0.6327754259109497,1.6898353099822998,0.12610355019569397,0.022061467170715332,0.7327333688735962,1.7290196418762207,-0.15388992428779602,0.00929971318691969,0.6232941746711731,1.7395625114440918,-0.11878510564565659,0.03130977973341942
0.6649233102798462,0.5542972683906555,-0.1781933605670929,0.9976302981376648,0.679313600063324,0.5315153002738953,-0.15508097410202026,0.9962159991264343,0.687162458896637,0.5298941135406494,-0.1553427129983902,0.9965736269950867,0.6946722269058228,0.528744637966156,-0.15540555119514465,0.9973757266998291,0.6562563180923462,0.5392358899116516,-0.14166471362113953,0.995802640914917,0.6484757661819458,0.5428739786148071,-0.14154823124408722,0.9955552220344543,0.6401759386062622,0.5476993322372437,-0.14208035171031952,0.9957150816917419,0.7094111442565918,0.5437344908714294,-0.001760341227054596,0.9977229833602905,0.6340631246566772,0.5708596110343933,0.06947247684001923,0.9953616261482239,0.6855777502059937,0.5766876935958862,-0.11994166672229767,0.9972599744796753,0.6470263600349426,0.5931490063667297,-0.10151944309473038,0.9952855110168457,0.7878544926643372,0.6898370981216431,-0.05790219455957413,0.9970222115516663,0.6053314208984375,0.700917661190033,0.1238117441534996,0.9957228302955627,0.8081134557723999,0.929396390914917,-0.27777379751205444,0.9085777401924133,0.5848633646965027,0.6871603727340698,0.017715975642204285,0.9328176379203796,0.6577844023704529,0.9217564463615417,-0.3145454525947571,0.7524987459182739,0.7077018022537231,0.6090065240859985,0.10511740297079086,0.6675729751586914,0.6104846596717834,0.9216932058334351,-0.34670785069465637,0.5329980254173279,0.731765627861023,0.6124579310417175,0.0902935117483139,0.41535449028015137,0.604468584060669,0.8927013874053955,-0.3068695664405823,0.5385944247245789,0.7510815858840942,0.6097962260246277,0.14144660532474518,0.3933054208755493,0.6166497468948364,0.8918442130088806,-0.2974136471748352,0.5329411625862122,0.7356009483337402,0.6158504486083984,0.12050863355398178,0.4199179410934448,0.7851599454879761,1.091106653213501,-0.06964171677827835,0.35339710116386414,0.6402672529220581,1.0827568769454956,0.07113226503133774,0.4518246352672577,0.7775159478187561,1.3678505420684814,-0.10365749895572662,0.061064451932907104,0.6517380475997925,1.365965723991394,0.11867459863424301,0.10226108878850937,0.7722288370132446,1.6476801633834839,0.09630395472049713,0.007859031669795513,0.63828045129776,1.6562466621398926,0.24110667407512665,0.023343704640865326,0.7805324792861938,1.6892248392105103,0.10333500802516937,0.008182470686733723,0.6376781463623047,1.700856328010559,0.2454065978527069,0.020759720355272293,0.7437059283256531,1.7414050102233887,-0.16805194318294525,0.00859479047358036,0.6312199831008911,1.751014232635498,-0.007352406624704599,0.029898827895522118
0.6648339629173279,0.5542606711387634,-0.19035577774047852,0.997751772403717,0.679165780544281,0.5313809514045715,-0.16875532269477844,0.9963938593864441,0.6869813203811646,0.529771089553833,-0.1690557301044464,0.9967427253723145,0.6944741010665894,0.5286492705345154,-0.16915002465248108,0.9975038766860962,0.6561969518661499,0.5392080545425415,-0.1522684246301651,0.9959834814071655,0.6483899354934692,0.5428442358970642,-0.1521257609128952,0.9957357048988342,0.6400110721588135,0.5476770997047424,-0.15264436602592468,0.9958812594413757,0.7092591524124146,0.5436668992042542,-0.018332529813051224,0.997870147228241,0.634030818939209,0.5708304047584534,0.06864593178033829,0.9955652952194214,0.6855008006095886,0.5765657424926758,-0.1329931616783142,0.9974409341812134,0.6466808915138245,0.5931865572929382,-0.11019779741764069,0.995527446269989,0.7880114316940308,0.6897495985031128,-0.08319488167762756,0.9972125291824341,0.6054344177246094,0.701173722743988,0.1365787386894226,0.9959461092948914,0.8098095059394836,0.9292954802513123,-0.30117669701576233,0.9156547784805298,0.5832555294036865,0.6843022108078003,0.0481870137155056,0.9368472099304199,0.6569724678993225,0.9217044115066528,-0.32548776268959045,0.7635701894760132,0.7076445817947388,0.6092478036880493,0.1504318118095398,0.6720082759857178,0.6097593307495117,0.9214653372764587,-0.35651785135269165,0.5409979224205017,0.731881320476532,0.6127747893333435,0.14163124561309814,0.41556301712989807,0.6028710603713989,0.8929445147514343,-0.31758570671081543,0.5454625487327576,0.7505382299423218,0.6096450090408325,0.19692964851856232,0.3923152685165405,0.6151167154312134,0.8912678956985474,-0.30812376737594604,0.5397303104400635,0.7345162034034729,0.6155379414558411,0.16773805022239685,0.41988903284072876,0.7848723530769348,1.0940836668014526,-0.08826858550310135,0.3548557460308075,0.6404592394828796,1.0887596607208252,0.08970765024423599,0.4575272798538208,0.7764325737953186,1.3714345693588257,-0.12327899783849716,0.058921899646520615,0.6515930891036987,1.369549036026001,0.1606113761663437,0.10146187245845795,0.7711809873580933,1.6510061025619507,0.08058618754148483,0.007507770787924528,0.6383925676345825,1.6602357625961304,0.2968725860118866,0.022938188165426254,0.7799662351608276,1.6926096677780151,0.08753882348537445,0.007711532060056925,0.6379822492599487,1.7048225402832031,0.30234354734420776,0.020743153989315033,0.7423720955848694,1.7430474758148193,-0.18085025250911713,0.008131526410579681,0.6306502819061279,1.7537322044372559,0.05607638508081436,0.03025168366730213
0.6639158129692078,0.5550245642662048,-0.17382436990737915,0.9977636337280273,0.6787464022636414,0.5313788652420044,-0.1591258943080902,0.9963517785072327,0.6864757537841797,0.5297659039497375,-0.15941831469535828,0.9967466592788696,0.6939487457275391,0.5286693572998047,-0.15951094031333923,0.9974921345710754,0.6557948589324951,0.5394219160079956,-0.1388723999261856,0.9958692193031311,0.6479353308677673,0.5432393550872803,-0.13872051239013672,0.9956175684928894,0.6395798325538635,0.5482312440872192,-0.1392514407634735,0.9957207441329956,0.7086876630783081,0.5438096523284912,-0.01773027330636978,0.9979225993156433,0.633988618850708,0.5707617402076721,0.07217594981193542,0.9954589009284973,0.6848653554916382,0.577100396156311,-0.12395068258047104,0.9975055456161499,0.6460444927215576,0.594338595867157,-0.09682873636484146,0.9955086708068848,0.7881089448928833,0.6894269585609436,-0.07518433034420013,0.997376024723053,0.6053287386894226,0.7011034488677979,0.13637779653072357,0.9960851073265076,0.8096245527267456,0.928930938243866,-0.28194910287857056,0.9208996295928955,0.5833421349525452,0.686213493347168,0.04384135827422142,0.9391044974327087,0.6561576724052429,0.9211628437042236,-0.30818548798561096,0.7697959542274475,0.7076293230056763,0.6094800233840942,0.14185620844364166,0.6725962162017822,0.6093909740447998,0.9209709167480469,-0.3385958969593048,0.5457260012626648,0.7318982481956482,0.6130470633506775,0.12925224006175995,0.4131283164024353,0.6017434597015381,0.8930037021636963,-0.3029242753982544,0.5499322414398193,0.7503833770751953,0.6088651418685913,0.1778012067079544,0.3895117938518524,0.614136278629303,0.8913076519966125,-0.2924116849899292,0.5440101623535156,0.7329567670822144,0.6154271960258484,0.15645311772823334,0.4179884195327759,0.7846301794052124,1.094028353691101,-0.07878518104553223,0.3581030070781708,0.6404342651367188,1.0886377096176147,0.08019615709781647,0.4645058810710907,0.7773733139038086,1.3752858638763428,-0.10245005041360855,0.05565129593014717,0.6522349715232849,1.3733985424041748,0.11443451792001724,0.09693507105112076,0.7709065079689026,1.6522830724716187,0.1021176353096962,0.006981555838137865,0.6385650038719177,1.6622655391693115,0.22471830248832703,0.021530233323574066,0.7795040011405945,1.6926764249801636,0.10945816338062286,0.0071532269939780235,0.6379968523979187,1.7061678171157837,0.22646865248680115,0.019538668915629387,0.7417925596237183,1.7452486753463745,-0.1569448709487915,0.007543676532804966,0.6307200789451599,1.7551147937774658,-0.02962530590593815,0.028753705322742462
0.6622171401977539,0.5607653260231018,-0.175937682390213,0.9977515339851379,0.6770002245903015,0.5337902903556824,-0.16019722819328308,0.9962611794471741,0.6848292946815491,0.5316840410232544,-0.16049213707447052,0.9967145919799805,0.6921997666358948,0.5304133892059326,-0.1605895608663559,0.997443437576294,0.6544358134269714,0.5429125428199768,-0.14114484190940857,0.9957321882247925,0.6469879746437073,0.5467010736465454,-0.14102114737033844,0.9954884648323059,0.6390272974967957,0.5513970255851746,-0.14154282212257385,0.9955549240112305,0.70695960521698,0.5458233952522278,-0.024623114615678787,0.9979476928710938,0.6340723037719727,0.5733689069747925,0.06707766652107239,0.9953497648239136,0.6833077669143677,0.5816606879234314,-0.1253693401813507,0.9974929690361023,0.6458810567855835,0.5983210802078247,-0.09937111288309097,0.9953890442848206,0.7884927988052368,0.6894157528877258,-0.07723908126354218,0.997443675994873,0.605449914932251,0.7006738185882568,0.13456007838249207,0.9961228370666504,0.8094425201416016,0.9284700155258179,-0.27442148327827454,0.9242898225784302,0.5908060073852539,0.6864449977874756,0.07611488550901413,0.9400899410247803,0.6558705568313599,0.919740617275238,-0.2965477406978607,0.7684823274612427,0.7080416679382324,0.6095836758613586,0.2295350283384323,0.6703945994377136,0.609083354473114,0.920174777507782,-0.3251066505908966,0.5428483486175537,0.733148455619812,0.61319899559021,0.22084753215312958,0.40994367003440857,0.6007583737373352,0.8930520415306091,-0.29337140917778015,0.5473712086677551,0.7503849267959595,0.6070005893707275,0.2629204988479614,0.38695967197418213,0.6134830117225647,0.8914040327072144,-0.2818068265914917,0.5408062934875488,0.7322152853012085,0.615242063999176,0.2423134744167328,0.4149805009365082,0.7850664854049683,1.093934416770935,-0.07810550183057785,0.3477386236190796,0.6441178321838379,1.087777853012085,0.07951875776052475,0.4554162323474884,0.7779185175895691,1.3734997510910034,-0.11339010298252106,0.05446011573076248,0.6574444770812988,1.3714969158172607,0.07069990783929825,0.09668831527233124,0.7708221673965454,1.6526691913604736,0.07147625833749771,0.006609463132917881,0.6419190168380737,1.6640493869781494,0.1310526430606842,0.02073759399354458,0.779426097869873,1.6934044361114502,0.07780322432518005,0.006762148812413216,0.6417866349220276,1.7093802690505981,0.12815265357494354,0.01885809935629368,0.7412160038948059,1.745768427848816,-0.17895841598510742,0.007172735407948494,0.6311253905296326,1.756246566772461,-0.11706745624542236,0.028048790991306305
0.6621006727218628,0.5647688508033752,-0.16509373486042023,0.9978044033050537,0.6763483881950378,0.5365299582481384,-0.145711287856102,0.9962998032569885,0.6838639378547668,0.5342264771461487,-0.1459636092185974,0.9967911839485168,0.6909782290458679,0.5328810811042786,-0.14607928693294525,0.9974859356880188,0.6542946100234985,0.5461629629135132,-0.12905719876289368,0.9957445859909058,0.6469377875328064,0.5498102903366089,-0.1289885938167572,0.9955248832702637,0.63899165391922,0.5556614398956299,-0.12948420643806458,0.9955692887306213,0.704886794090271,0.5493105053901672,-0.011770560406148434,0.9980238676071167,0.6350544095039368,0.5758429765701294,0.07188250124454498,0.9953967332839966,0.6827213764190674,0.5855891108512878,-0.1133762001991272,0.997516393661499,0.6464556455612183,0.6013382077217102,-0.09087590873241425,0.9953934550285339,0.7883813381195068,0.6894227266311646,-0.05324064940214157,0.9974897503852844,0.6066636443138123,0.7006445527076721,0.12983301281929016,0.9961072206497192,0.809381365776062,0.9282259345054626,-0.24682357907295227,0.9250850677490234,0.597148060798645,0.6850049495697021,0.07568247616291046,0.9373441338539124,0.6556833982467651,0.9190999269485474,-0.2640627324581146,0.7638813257217407,0.7129680514335632,0.6095930933952332,0.1960887610912323,0.670418918132782,0.6091825366020203,0.9198305606842041,-0.29320523142814636,0.541741132736206,0.7372084856033325,0.6138321161270142,0.16618528962135315,0.4122699499130249,0.6021023988723755,0.8931393027305603,-0.26462262868881226,0.5481052398681641,0.756860077381134,0.6069112420082092,0.20100274682044983,0.39081689715385437,0.6136982440948486,0.8914359211921692,-0.2514601945877075,0.5392813086509705,0.746456503868103,0.6162475347518921,0.20191630721092224,0.41680416464805603,0.7853350639343262,1.0910601615905762,-0.07148922234773636,0.33312705159187317,0.647602915763855,1.087083339691162,0.07279019057750702,0.4380914866924286,0.7778185606002808,1.3727138042449951,-0.16081690788269043,0.05608883500099182,0.6597402691841125,1.370064616203308,-0.032787151634693146,0.09874743223190308,0.7678476572036743,1.6529392004013062,-0.03936902433633804,0.006333088036626577,0.6416811347007751,1.6651040315628052,-0.038852475583553314,0.019918469712138176,0.77506422996521,1.6945914030075073,-0.03886310011148453,0.006465235725045204,0.6415456533432007,1.7126659154891968,-0.04841621592640877,0.017822057008743286,0.7374815344810486,1.7460600137710571,-0.29887717962265015,0.006969571579247713,0.6303080320358276,1.7556343078613281,-0.30116358399391174,0.027134131640195847
0.6620157361030579,0.5654199719429016,-0.1680101752281189,0.9975299835205078,0.6762858629226685,0.5373953580856323,-0.14925381541252136,0.9958341717720032,0.683796763420105,0.5351307988166809,-0.14952164888381958,0.9964330196380615,0.6908825635910034,0.5339454412460327,-0.1496516764163971,0.9971789717674255,0.6542446613311768,0.5469644665718079,-0.1331072300672531,0.9951158761978149,0.6469154953956604,0.550645112991333,-0.1331120729446411,0.9948892593383789,0.6391419172286987,0.556020975112915,-0.13360567390918732,0.994885265827179,0.7044850587844849,0.5511338114738464,-0.019491413608193398,0.9978784322738647,0.6352986097335815,0.577380359172821,0.05808163434267044,0.9947264790534973,0.6826138496398926,0.5868923664093018,-0.11730943620204926,0.9972323179244995,0.6469172239303589,0.6019060611724854,-0.09600241482257843,0.994781494140625,0.7880781888961792,0.6896769404411316,-0.05232091620564461,0.9973203539848328,0.6065433621406555,0.6990773677825928,0.09147138148546219,0.9955710172653198,0.80931156873703,0.9272409081459045,-0.24720466136932373,0.9215533137321472,0.5973034501075745,0.6857582330703735,-0.046959199011325836,0.9273819327354431,0.6581639051437378,0.9170318245887756,-0.28306129574775696,0.752545952796936,0.7131252288818359,0.6104456186294556,-0.05439335107803345,0.6625379920005798,0.6145216226577759,0.9304816126823425,-0.31825709342956543,0.5366661548614502,0.7374030351638794,0.6154405474662781,-0.08972276747226715,0.4084303081035614,0.605638861656189,0.8933940529823303,-0.29033753275871277,0.5455816984176636,0.7518965005874634,0.6114278435707092,-0.060006313025951385,0.3892531991004944,0.6195592880249023,0.8919158577919006,-0.27150776982307434,0.5337418913841248,0.7432843446731567,0.6164906620979309,-0.049699194729328156,0.412715345621109,0.7845660448074341,1.0851625204086304,-0.05734663084149361,0.3191479444503784,0.6505132913589478,1.084196925163269,0.05842031165957451,0.4228232502937317,0.776091992855072,1.3586713075637817,-0.15652823448181152,0.06360027939081192,0.6627918481826782,1.3624078035354614,-0.03218246251344681,0.10265497863292694,0.7626256346702576,1.6474236249923706,-0.012838837690651417,0.00678296247497201,0.6415771245956421,1.6644704341888428,-0.012215973809361458,0.020474987104535103,0.7674908638000488,1.6898982524871826,-0.010329173877835274,0.006679849699139595,0.6414824724197388,1.7115883827209473,-0.019720610231161118,0.017702536657452583,0.7362222671508789,1.737412929534912,-0.2637830972671509,0.007460275664925575,0.6279589533805847,1.7476062774658203,-0.2659435272216797,0.02809828519821167
0.6619488000869751,0.567430317401886,-0.17402805387973785,0.9974229335784912,0.676240086555481,0.5387601852416992,-0.15306271612644196,0.9956008791923523,0.6836845874786377,0.5366045236587524,-0.1533237248659134,0.9962795376777649,0.6907211542129517,0.5356016159057617,-0.1534532606601715,0.9970346093177795,0.6542378664016724,0.5481935143470764,-0.13872022926807404,0.9947859048843384,0.6470011472702026,0.5518659353256226,-0.13876314461231232,0.9945796132087708,0.6395598649978638,0.5567767024040222,-0.13927234709262848,0.9945343136787415,0.7040280699729919,0.5537216067314148,-0.01849055103957653,0.9978359341621399,0.6362956762313843,0.5791482329368591,0.05449393391609192,0.994379997253418,0.6825181841850281,0.590086042881012,-0.1208847314119339,0.9971404075622559,0.647987425327301,0.6035534143447876,-0.10201859474182129,0.9945458173751831,0.7879980802536011,0.6908662915229797,-0.05054157227277756,0.9973039031028748,0.6065381765365601,0.6989794373512268,0.08387911319732666,0.9954285621643066,0.8091638684272766,0.9264934659004211,-0.24747581779956818,0.9222961664199829,0.5988438725471497,0.6845519542694092,-0.06816797703504562,0.923933744430542,0.6595191359519958,0.9169629812240601,-0.291734516620636,0.7485366463661194,0.7156202793121338,0.6112777590751648,-0.08316989243030548,0.6627436280250549,0.6161359548568726,0.9376092553138733,-0.3281210958957672,0.5357764959335327,0.7400966882705688,0.6179377436637878,-0.12137478590011597,0.4103573262691498,0.6081935167312622,0.8936269283294678,-0.3023476302623749,0.5461555123329163,0.7565840482711792,0.6127115488052368,-0.08876899629831314,0.3923868238925934,0.6230002641677856,0.892441987991333,-0.2809419333934784,0.532580554485321,0.7487771511077881,0.6214989423751831,-0.07734909653663635,0.4146805703639984,0.785171389579773,1.0835710763931274,-0.05301107093691826,0.3160463571548462,0.6530656218528748,1.0825246572494507,0.0540119931101799,0.42079365253448486,0.7762846946716309,1.3535265922546387,-0.14276477694511414,0.06797612458467484,0.6645864248275757,1.3558690547943115,-0.01430156547576189,0.10583063960075378,0.7630826234817505,1.6433202028274536,-0.011811763979494572,0.007043172605335712,0.6445378065109253,1.6619224548339844,0.02896204963326454,0.02101525291800499,0.7675997018814087,1.6858229637145996,-0.006585848517715931,0.006813336629420519,0.6451566815376282,1.7095786333084106,0.0237688310444355,0.017670055851340294,0.7371984720230103,1.733765721321106,-0.2621693015098572,0.007631571032106876,0.6306652426719666,1.7461018562316895,-0.22250518202781677,0.028496263548731804
0.6625353097915649,0.5671730637550354,-0.16474923491477966,0.997245728969574,0.6766014695167542,0.5386454463005066,-0.14065638184547424,0.9951823353767395,0.6840036511421204,0.5365145802497864,-0.14094512164592743,0.995985209941864,0.6910839080810547,0.5355193018913269,-0.1410662680864334,0.9967765808105469,0.6547189950942993,0.5481112599372864,-0.12967711687088013,0.994255781173706,0.6476739645004272,0.5518308877944946,-0.12975861132144928,0.9940923452377319,0.6403683423995972,0.5567423701286316,-0.13026605546474457,0.9940210580825806,0.7040678858757019,0.5539137721061707,0.0025024376809597015,0.9976534843444824,0.6369972229003906,0.5797180533409119,0.05794943496584892,0.9937325119972229,0.6831930875778198,0.5901814103126526,-0.1091991513967514,0.9968312382698059,0.649964451789856,0.6035235524177551,-0.09464075416326523,0.994021475315094,0.7866525053977966,0.6909809112548828,-0.018026387318968773,0.9971573352813721,0.6064992547035217,0.698506772518158,0.09010755270719528,0.9950429201126099,0.8078786730766296,0.9258673191070557,-0.2135579138994217,0.9201483726501465,0.5994427800178528,0.6857478022575378,-0.03132949769496918,0.9175133109092712,0.6626399755477905,0.9117380976676941,-0.2799396216869354,0.7444638609886169,0.7162648439407349,0.612052857875824,0.003314888570457697,0.6583765745162964,0.6214131116867065,0.9364660382270813,-0.318179726600647,0.537838876247406,0.7402089834213257,0.6200603246688843,-0.027841076254844666,0.4092343747615814,0.6157694458961487,0.8936992287635803,-0.30181923508644104,0.5503870844841003,0.7573876976966858,0.6126981377601624,0.0021230438724160194,0.3929489552974701,0.625538170337677,0.8927046656608582,-0.27249523997306824,0.5341460704803467,0.7481369972229004,0.6213064789772034,0.009719525463879108,0.4134213924407959,0.7846699953079224,1.0783683061599731,-0.04471738263964653,0.3078409433364868,0.6537787318229675,1.0784952640533447,0.04566626623272896,0.41263508796691895,0.7750583291053772,1.331869125366211,-0.16236521303653717,0.08046356588602066,0.665526270866394,1.331411600112915,-0.08818817883729935,0.12168730050325394,0.7618542313575745,1.6277421712875366,-0.043690718710422516,0.008193197660148144,0.6442332863807678,1.6521027088165283,-0.08391917496919632,0.024192221462726593,0.7655343413352966,1.668228030204773,-0.041876740753650665,0.007675499189645052,0.644775927066803,1.701977252960205,-0.09246257692575455,0.018973322585225105,0.7371708750724792,1.7244492769241333,-0.28953689336776733,0.008850159123539925,0.6307899951934814,1.7378371953964233,-0.33712953329086304,0.031985823065042496
0.6648308634757996,0.5702228546142578,-0.0907549113035202,0.9968686103820801,0.6781588792800903,0.5411321520805359,-0.07877816259860992,0.994301438331604,0.6851497888565063,0.5391934514045715,-0.0790245458483696,0.9953906536102295,0.6918289065361023,0.5386508703231812,-0.07908499985933304,0.9961938261985779,0.6584347486495972,0.5505350828170776,-0.06025043874979019,0.9932295680046082,0.6522149443626404,0.5545304417610168,-0.06040848046541214,0.9932537078857422,0.6456279754638672,0.5599310994148254,-0.06092338636517525,0.992976725101471,0.7102465033531189,0.5666046142578125,0.016170332208275795,0.9971508383750916,0.6416643857955933,0.5868417620658875,0.1000262051820755,0.9928789138793945,0.6842049360275269,0.5933523774147034,-0.053504519164562225,0.9956903457641602,0.6535199880599976,0.6070083975791931,-0.029655039310455322,0.9921035170555115,0.7788486480712891,0.6944458484649658,-0.026172831654548645,0.9965229034423828,0.6108899712562561,0.7010899782180786,0.12981349229812622,0.9939552545547485,0.7978069186210632,0.9046796560287476,-0.22228316962718964,0.9099525809288025,0.619450032711029,0.6902335286140442,-0.013994271866977215,0.9035959839820862,0.6640333533287048,0.8737630844116211,-0.2804125249385834,0.7318074703216553,0.7204421758651733,0.6115376353263855,0.023107605054974556,0.6461651921272278,0.6299268007278442,0.9050011038780212,-0.31915196776390076,0.5345327854156494,0.7571784257888794,0.6200504302978516,-0.0009585883235558867,0.40420427918434143,0.6232948899269104,0.8791696429252625,-0.29989999532699585,0.5498830676078796,0.7574995756149292,0.6148914694786072,0.01902170293033123,0.39090055227279663,0.6386920213699341,0.8708085417747498,-0.27281326055526733,0.5309634804725647,0.747862696647644,0.6245930790901184,0.025882864370942116,0.4099991023540497,0.7821915745735168,1.078453540802002,-0.05208241194486618,0.2957320511341095,0.6623845100402832,1.0784568786621094,0.052514463663101196,0.41200265288352966,0.7749689817428589,1.2356473207473755,-0.2164435088634491,0.09728265553712845,0.6589232087135315,1.2500078678131104,-0.09922964870929718,0.14864212274551392,0.759415328502655,1.5502376556396484,-0.06750717759132385,0.012510890141129494,0.6459421515464783,1.5753610134124756,-0.04827196151018143,0.030892135575413704,0.7628918290138245,1.5947078466415405,-0.06248797848820686,0.013016525655984879,0.6493666768074036,1.619791865348816,-0.05224760249257088,0.025945624336600304,0.7365571856498718,1.6383448839187622,-0.2769136130809784,0.013079364784061909,0.6292576789855957,1.6694443225860596,-0.25564783811569214,0.03801993653178215
0.6647650599479675,0.5698453783988953,-0.09216492623090744,0.996999204158783,0.6781076788902283,0.5408312678337097,-0.06927119195461273,0.9944993853569031,0.6851978898048401,0.5388257503509521,-0.06953934580087662,0.9955671429634094,0.6920248866081238,0.5382119417190552,-0.0696512907743454,0.9963597059249878,0.6583658456802368,0.5504497289657593,-0.056910060346126556,0.9934399724006653,0.652117133140564,0.554491400718689,-0.05692186951637268,0.993461549282074,0.6454139351844788,0.5598821640014648,-0.05744410678744316,0.9932273030281067,0.7100920677185059,0.564504861831665,0.058373309671878815,0.9972670674324036,0.6415488719940186,0.5861000418663025,0.12173666059970856,0.9931859970092773,0.6841240525245667,0.5930541157722473,-0.044276632368564606,0.9957770705223083,0.6531639695167542,0.6064101457595825,-0.027726879343390465,0.9922837018966675,0.7791646718978882,0.6947500109672546,0.016433198004961014,0.9965647459030151,0.6097213625907898,0.7011106610298157,0.14615866541862488,0.9940356612205505,0.7977294325828552,0.9089518189430237,-0.15083011984825134,0.9075735211372375,0.6062344312667847,0.6684228181838989,0.12409491837024689,0.9080713391304016,0.6642740964889526,0.8840120434761047,-0.20300447940826416,0.7192530035972595,0.7191042304039001,0.6116172671318054,0.3412012457847595,0.6413888335227966,0.6287686228752136,0.9079669117927551,-0.23661044239997864,0.5242727994918823,0.752492368221283,0.6185324192047119,0.33587318658828735,0.3963005840778351,0.6219103336334229,0.8849812746047974,-0.2131694108247757,0.5403414964675903,0.7570031881332397,0.6114943623542786,0.36883842945098877,0.3835238218307495,0.6365801692008972,0.8797534704208374,-0.19474360346794128,0.5217995643615723,0.7463642954826355,0.6226387619972229,0.3514591157436371,0.40411844849586487,0.7781201601028442,1.0787408351898193,-0.05184810236096382,0.29254627227783203,0.6537221670150757,1.0788187980651855,0.05255769565701485,0.40736788511276245,0.7667332887649536,1.2486320734024048,-0.1669422686100006,0.09334614872932434,0.6557919383049011,1.2514207363128662,0.012703503482043743,0.1431681513786316,0.7567316293716431,1.5706545114517212,-0.01494668424129486,0.011756937019526958,0.6414647698402405,1.59172785282135,0.04030824452638626,0.029318226501345634,0.7621825337409973,1.6151862144470215,-0.008129358291625977,0.01226874254643917,0.6439935564994812,1.638746976852417,0.03431621193885803,0.024475933983922005,0.7324133515357971,1.659645915031433,-0.23117978870868683,0.01235025841742754,0.62629634141922,1.681552529335022,-0.17761634290218353,0.036318931728601456
0.6646260023117065,0.5686197280883789,-0.10073019564151764,0.9971984624862671,0.6780664920806885,0.5398656725883484,-0.07621611654758453,0.9948417544364929,0.6851932406425476,0.5381901860237122,-0.07649282366037369,0.9958434104919434,0.6920895576477051,0.5377763509750366,-0.07657428085803986,0.9965987205505371,0.6582010984420776,0.5487197041511536,-0.06469647586345673,0.9938675165176392,0.6518809795379639,0.5526158809661865,-0.06464387476444244,0.9938797354698181,0.6451143026351929,0.5577093958854675,-0.06518825888633728,0.993689239025116,0.709830105304718,0.5635471343994141,0.05735437199473381,0.9974223375320435,0.6412758231163025,0.5855208039283752,0.11890572309494019,0.9936213493347168,0.6841052174568176,0.5929920673370361,-0.0513419583439827,0.9960028529167175,0.6528379917144775,0.6050904393196106,-0.035772476345300674,0.9926998615264893,0.7795233726501465,0.6947580575942993,0.0026568048633635044,0.9966518878936768,0.6096867322921753,0.701067328453064,0.15532393753528595,0.9943208694458008,0.7979645729064941,0.9160193204879761,-0.16515818238258362,0.9090777635574341,0.6058014035224915,0.6724979877471924,0.1543937772512436,0.912205159664154,0.6636290550231934,0.893491804599762,-0.17891287803649902,0.713776707649231,0.7188025712966919,0.6129332780838013,0.3639446794986725,0.6384133100509644,0.6279938220977783,0.9099382758140564,-0.20435233414173126,0.5157670378684998,0.7484475374221802,0.6197589635848999,0.36172813177108765,0.39183497428894043,0.6217676401138306,0.8883469700813293,-0.1795198917388916,0.5309973955154419,0.750175416469574,0.6140061020851135,0.4015332758426666,0.37861502170562744,0.6361087560653687,0.8848674893379211,-0.16900399327278137,0.5151113271713257,0.7424932718276978,0.6219812035560608,0.37684983015060425,0.4006017744541168,0.781154990196228,1.0807874202728271,-0.053386759012937546,0.2922828197479248,0.6535869240760803,1.0789238214492798,0.05430500581860542,0.4075919985771179,0.7668874859809875,1.3087174892425537,-0.13021178543567657,0.0872984230518341,0.6566212773323059,1.3020225763320923,0.0454355925321579,0.13554519414901733,0.7569926977157593,1.5980442762374878,0.02754160203039646,0.010811823420226574,0.6408299803733826,1.6068288087844849,0.08027239888906479,0.027174565941095352,0.7626844644546509,1.639018177986145,0.033238984644412994,0.011297328397631645,0.6416174173355103,1.6498966217041016,0.07499868422746658,0.0227209459990263,0.7293825149536133,1.6850051879882812,-0.1997087001800537,0.011397037655115128,0.626304030418396,1.6981037855148315,-0.15270169079303741,0.03398402780294418
0.6642901301383972,0.5647860169410706,-0.13514071702957153,0.9973669648170471,0.6777405738830566,0.5383918881416321,-0.11081381887197495,0.9951562285423279,0.6849236488342285,0.5369514226913452,-0.11103390157222748,0.9960934519767761,0.691857099533081,0.5367127060890198,-0.11108647286891937,0.9968129396438599,0.6581702828407288,0.5467922687530518,-0.09853990375995636,0.9942306876182556,0.6517139673233032,0.5506289601325989,-0.09841467440128326,0.9942190647125244,0.6448966264724731,0.5556814074516296,-0.09889397770166397,0.9940494298934937,0.7090659141540527,0.5614987015724182,0.029348451644182205,0.9975873231887817,0.6411306262016296,0.581456184387207,0.09401445090770721,0.9939531087875366,0.6834287643432617,0.5912219882011414,-0.08409272134304047,0.9962441325187683,0.6519330739974976,0.6022899746894836,-0.06747245788574219,0.993075966835022,0.7797402143478394,0.6945502758026123,-0.019552674144506454,0.996817409992218,0.6082502603530884,0.7008158564567566,0.13074691593647003,0.9944943785667419,0.7976661920547485,0.9183094501495361,-0.17843341827392578,0.9114508032798767,0.593018114566803,0.6789496541023254,0.09277024120092392,0.9122647643089294,0.6619852781295776,0.8991768956184387,-0.20842266082763672,0.7117095589637756,0.7173044681549072,0.6134493947029114,0.2374851256608963,0.6289520859718323,0.6270339488983154,0.9112626910209656,-0.2388053834438324,0.5130138397216797,0.7452112436294556,0.6205666661262512,0.21643038094043732,0.38461387157440186,0.6190813183784485,0.890221357345581,-0.2110334187746048,0.5284914374351501,0.7501554489135742,0.6126783490180969,0.29128721356391907,0.3716479241847992,0.6329630017280579,0.8872010111808777,-0.19691315293312073,0.5135491490364075,0.7354216575622559,0.6212690472602844,0.25703585147857666,0.39406147599220276,0.7794734239578247,1.0810314416885376,-0.05395196005702019,0.286157488822937,0.6487758755683899,1.0789779424667358,0.05479273200035095,0.3979811370372772,0.7667717933654785,1.3418041467666626,-0.11084411293268204,0.08110039681196213,0.6551182270050049,1.3370863199234009,0.04909171909093857,0.12636907398700714,0.7564255595207214,1.6176224946975708,0.06277360767126083,0.009895182214677334,0.6389709711074829,1.6215720176696777,0.0979641005396843,0.02489936724305153,0.7627538442611694,1.6581370830535889,0.0683349072933197,0.01033040788024664,0.6386734843254089,1.6630268096923828,0.09384816884994507,0.020869240164756775,0.7279189825057983,1.7005341053009033,-0.1775936782360077,0.01044199988245964,0.6260766983032227,1.707590103149414,-0.14461152255535126,0.031350862234830856
0.6621977686882019,0.5650075078010559,-0.11330501735210419,0.9975545406341553,0.6771107912063599,0.5383386611938477,-0.08702410012483597,0.995484471321106,0.6846890449523926,0.536869466304779,-0.08724001049995422,0.9963704943656921,0.6917675733566284,0.5365846753120422,-0.0872834175825119,0.9970393180847168,0.6558701395988464,0.5468283295631409,-0.07605157047510147,0.9946191906929016,0.6492711901664734,0.5506739020347595,-0.07595989108085632,0.9946090579032898,0.6424651145935059,0.5556892156600952,-0.07645615190267563,0.9944607615470886,0.7088685631752014,0.5613074898719788,0.054592929780483246,0.9977604746818542,0.6386436223983765,0.5813186168670654,0.11519745737314224,0.9943627119064331,0.6831691861152649,0.5911776423454285,-0.060719870030879974,0.9964544177055359,0.6498507857322693,0.6023164987564087,-0.04558485746383667,0.9934691190719604,0.7799615859985352,0.6945525407791138,0.01133691519498825,0.9969322681427002,0.6074596643447876,0.7007962465286255,0.13919666409492493,0.9946557879447937,0.7974178194999695,0.9198857545852661,-0.16279134154319763,0.9115790724754333,0.5889631509780884,0.683375358581543,0.10733804851770401,0.9127150774002075,0.6613744497299194,0.9002681374549866,-0.17962029576301575,0.7097241282463074,0.7160258889198303,0.6149170994758606,0.29190748929977417,0.6211108565330505,0.6267699003219604,0.9121399521827698,-0.20395410060882568,0.5109854936599731,0.7441122531890869,0.6225395798683167,0.2822572588920593,0.37942805886268616,0.617923378944397,0.8907788395881653,-0.1789550483226776,0.526918351650238,0.7468529343605042,0.6158525943756104,0.3276163637638092,0.36706575751304626,0.6319259405136108,0.887959897518158,-0.16974422335624695,0.5126168131828308,0.7335682511329651,0.6211622953414917,0.3057999312877655,0.38980430364608765,0.7792156934738159,1.081575632095337,-0.047169577330350876,0.2818538546562195,0.6455501914024353,1.0793282985687256,0.04846631735563278,0.3922395408153534,0.7668899297714233,1.3490159511566162,-0.11658825725317001,0.077215775847435,0.6549581289291382,1.3425824642181396,-0.020672228187322617,0.12154030054807663,0.7565079927444458,1.6245903968811035,0.01800975576043129,0.009126724675297737,0.6371938586235046,1.6329822540283203,-0.012771079316735268,0.02313181199133396,0.7629434466362,1.6644072532653809,0.01926257647573948,0.009568311274051666,0.6362506151199341,1.6782994270324707,-0.02176329866051674,0.019294656813144684,0.7279734015464783,1.7158900499343872,-0.23610801994800568,0.00975753553211689,0.6259331107139587,1.7193766832351685,-0.2703858017921448,0.029491623863577843
0.6613543033599854,0.5649953484535217,-0.16370433568954468,0.9975799322128296,0.6766987442970276,0.5383187532424927,-0.14158640801906586,0.9955599904060364,0.6844471096992493,0.53684002161026,-0.14184072613716125,0.9964199066162109,0.691608190536499,0.5365574955940247,-0.1419137716293335,0.9970858097076416,0.6552783250808716,0.5467992424964905,-0.12907268106937408,0.9947380423545837,0.6487997770309448,0.5506458282470703,-0.12900389730930328,0.9947066307067871,0.6421314477920532,0.5556588768959045,-0.12950509786605835,0.9945904016494751,0.7084583044052124,0.5610396862030029,-0.0011564369779080153,0.9977939128875732,0.6382637619972229,0.5812323093414307,0.06602002680301666,0.9944595694541931,0.6828955411911011,0.5910229086875916,-0.11093109846115112,0.9965255856513977,0.6492255330085754,0.6021807789802551,-0.09388762712478638,0.9936035871505737,0.780029296875,0.6945267915725708,-0.04484640806913376,0.9969042539596558,0.6070631146430969,0.700745701789856,0.1186000257730484,0.9947386980056763,0.7968940138816833,0.9202259182929993,-0.21487922966480255,0.9133039116859436,0.5847786068916321,0.6888608932495117,0.10311616957187653,0.9148551225662231,0.6600423455238342,0.9033492803573608,-0.2046588659286499,0.7047312259674072,0.7131263017654419,0.615707278251648,0.23770888149738312,0.6191275715827942,0.6266472339630127,0.9123919010162354,-0.21634027361869812,0.5046381950378418,0.7386770248413086,0.6227957606315613,0.22169890999794006,0.37725400924682617,0.6176285147666931,0.8931053876876831,-0.20123791694641113,0.5199961066246033,0.7398440837860107,0.6166728734970093,0.26083120703697205,0.36460089683532715,0.6313068866729736,0.8905918598175049,-0.1953672468662262,0.5063635110855103,0.7298158407211304,0.6209715604782104,0.24804899096488953,0.3873283267021179,0.7772841453552246,1.0835896730422974,-0.056111328303813934,0.28000587224960327,0.6445693373680115,1.0806336402893066,0.05735495686531067,0.3916439414024353,0.7661369442939758,1.3498903512954712,-0.11086878925561905,0.07587304711341858,0.6545366048812866,1.3451117277145386,0.05072690173983574,0.12103003263473511,0.7566021680831909,1.6263368129730225,0.05453113839030266,0.008813755586743355,0.6369292736053467,1.6341875791549683,0.10542690753936768,0.022748799994587898,0.7631239295005798,1.6664049625396729,0.0594792477786541,0.009153290651738644,0.6359577178955078,1.6791409254074097,0.10239602625370026,0.0191485695540905,0.7277279496192932,1.7166311740875244,-0.17945528030395508,0.009345750324428082,0.6253739595413208,1.7196439504623413,-0.12707100808620453,0.02907341718673706
0.6591418385505676,0.5649347305297852,-0.19453467428684235,0.9975382685661316,0.675482988357544,0.5382127165794373,-0.17396189272403717,0.9955607652664185,0.6838263869285583,0.5366676449775696,-0.17421697080135345,0.9963762164115906,0.6913553476333618,0.5363458395004272,-0.1742902249097824,0.997081995010376,0.6529446840286255,0.546775221824646,-0.1604362279176712,0.994747519493103,0.6464506387710571,0.5506384968757629,-0.16030660271644592,0.9946426153182983,0.6398448348045349,0.5556471347808838,-0.16080161929130554,0.9945840835571289,0.7083999514579773,0.5608400702476501,-0.033014100044965744,0.9977856278419495,0.6366212368011475,0.581167459487915,0.04029884189367294,0.9944208860397339,0.681988000869751,0.5908923745155334,-0.14175790548324585,0.9966119527816772,0.6472525596618652,0.6021025776863098,-0.12294937670230865,0.9936971068382263,0.780092179775238,0.6952633261680603,-0.08267617225646973,0.996975302696228,0.6062179803848267,0.7007769346237183,0.10814212262630463,0.9948848485946655,0.7956948280334473,0.921550989151001,-0.26287445425987244,0.9182854294776917,0.5833768844604492,0.6921879649162292,0.09496970474720001,0.9186854362487793,0.6591902375221252,0.90346759557724,-0.2627962529659271,0.711306095123291,0.7113707065582275,0.616840660572052,0.2654171884059906,0.6203529834747314,0.6264179944992065,0.912898600101471,-0.281883180141449,0.5071792006492615,0.7368008494377136,0.6234955191612244,0.26154863834381104,0.37692439556121826,0.6174994707107544,0.8907210230827332,-0.2564900815486908,0.5210955142974854,0.7358916997909546,0.6180053353309631,0.3076567053794861,0.36330485343933105,0.6312192678451538,0.8886558413505554,-0.2505115866661072,0.5097333788871765,0.7271882891654968,0.6209018230438232,0.2801598012447357,0.38693878054618835,0.7757111191749573,1.0887724161148071,-0.0705888643860817,0.277982234954834,0.6417324542999268,1.0846511125564575,0.07198728621006012,0.3887307941913605,0.7661335468292236,1.3671438694000244,-0.10817822068929672,0.07029122114181519,0.6511890888214111,1.3630908727645874,0.09690846502780914,0.11375430971384048,0.7563060522079468,1.63875150680542,0.077602818608284,0.008143819868564606,0.6345844268798828,1.6443650722503662,0.18722304701805115,0.02125248871743679,0.763305127620697,1.6782997846603394,0.08415233343839645,0.00844175461679697,0.6329153180122375,1.6874860525131226,0.18845590949058533,0.01823248155415058,0.726902186870575,1.7265584468841553,-0.15936081111431122,0.008601266890764236,0.6239447593688965,1.73013436794281,-0.051009051501750946,0.02747582271695137
0.6585315465927124,0.5653248429298401,-0.19613710045814514,0.997701108455658,0.6753345727920532,0.538209080696106,-0.17394843697547913,0.9958599209785461,0.6837934255599976,0.536628782749176,-0.17418834567070007,0.9966063499450684,0.6913495659828186,0.5362662076950073,-0.1742340624332428,0.9972745776176453,0.6524534225463867,0.546938955783844,-0.16011670231819153,0.9950977563858032,0.6459144353866577,0.5508352518081665,-0.16000188887119293,0.9949747323989868,0.6392470002174377,0.5558260679244995,-0.16044802963733673,0.9949268698692322,0.7082839012145996,0.56026291847229,-0.029303323477506638,0.9979357123374939,0.636132001876831,0.5812463164329529,0.044021669775247574,0.9947441816329956,0.681869387626648,0.5915730595588684,-0.14196763932704926,0.9968479871749878,0.6466032266616821,0.6027012467384338,-0.1231277734041214,0.9940821528434753,0.7805277109146118,0.6954179406166077,-0.07843763381242752,0.9971409440040588,0.6058089733123779,0.7021096348762512,0.10892824828624725,0.9950876832008362,0.795638918876648,0.9228460788726807,-0.25810888409614563,0.9222952723503113,0.5904556512832642,0.7376726269721985,0.05298243835568428,0.9206680655479431,0.6591541767120361,0.9086627960205078,-0.26274386048316956,0.7228525280952454,0.7085268497467041,0.6176674365997314,0.13360515236854553,0.6236464977264404,0.6260172724723816,0.9143117666244507,-0.2868115305900574,0.5203474164009094,0.7344579100608826,0.6235105991363525,0.114998959004879,0.38157540559768677,0.617189347743988,0.8938458561897278,-0.2610667943954468,0.5335925817489624,0.7330893278121948,0.6180497407913208,0.16366234421730042,0.36764612793922424,0.6307927370071411,0.892119824886322,-0.25096189975738525,0.5227919220924377,0.7246035933494568,0.6206599473953247,0.14633695781230927,0.39120370149612427,0.7753477692604065,1.0899333953857422,-0.07487130165100098,0.26794037222862244,0.6414262056350708,1.0858417749404907,0.07639449834823608,0.3744596838951111,0.7659745216369629,1.3668142557144165,-0.111819788813591,0.06487438082695007,0.6502115726470947,1.3646836280822754,0.09155513346195221,0.10576771944761276,0.7563745379447937,1.6412768363952637,0.07089604437351227,0.00744947325438261,0.6346043944358826,1.6484534740447998,0.17150981724262238,0.01952020451426506,0.7636417150497437,1.6816596984863281,0.0769466981291771,0.007692296057939529,0.6331137418746948,1.6917500495910645,0.17148102819919586,0.016804493963718414,0.7269691228866577,1.728298544883728,-0.16808637976646423,0.007877402938902378,0.6239442229270935,1.735186219215393,-0.06968231499195099,0.02558784745633602
0.6584180593490601,0.5659053325653076,-0.1847977340221405,0.9977288246154785,0.6752796173095703,0.5384418368339539,-0.1642831265926361,0.9959158897399902,0.6837713122367859,0.5368779301643372,-0.1645430475473404,0.996635377407074,0.6913439035415649,0.5365545749664307,-0.16461043059825897,0.9973093867301941,0.6521520018577576,0.5474011301994324,-0.14931677281856537,0.9951554536819458,0.645447850227356,0.5514338612556458,-0.14920909702777863,0.9950127601623535,0.6387336850166321,0.5564369559288025,-0.14966461062431335,0.9950021505355835,0.7081044912338257,0.5597911477088928,-0.018999775871634483,0.9979724287986755,0.6353291869163513,0.5818361043930054,0.05015178397297859,0.994824230670929,0.6818467378616333,0.59227454662323,-0.1329212337732315,0.9969171285629272,0.646587073802948,0.6032348871231079,-0.11299203336238861,0.9941906332969666,0.7806256413459778,0.6962167024612427,-0.061121173202991486,0.9972150921821594,0.6054214239120483,0.7037574648857117,0.10750826448202133,0.9952152371406555,0.7957249879837036,0.9233090877532959,-0.2540186047554016,0.9257015585899353,0.5922824144363403,0.7122513651847839,0.03819261118769646,0.9238889217376709,0.6591233015060425,0.9091271758079529,-0.2626221477985382,0.7282963991165161,0.7093769311904907,0.6178330779075623,0.14639058709144592,0.6287036538124084,0.6242231130599976,0.917445182800293,-0.29009518027305603,0.5248309969902039,0.7349211573600769,0.6242544054985046,0.1287233531475067,0.38598182797431946,0.6166235208511353,0.8938684463500977,-0.26357707381248474,0.5374248027801514,0.7337561249732971,0.6188873648643494,0.17450256645679474,0.3719061017036438,0.6300515532493591,0.889800488948822,-0.2514689266681671,0.5269395112991333,0.7248484492301941,0.6205930709838867,0.15888656675815582,0.39600181579589844,0.7753715515136719,1.0928910970687866,-0.0707261711359024,0.26652783155441284,0.641597330570221,1.088329553604126,0.07225693762302399,0.37291571497917175,0.767661452293396,1.3703415393829346,-0.09997747093439102,0.061615679413080215,0.6504185199737549,1.3682100772857666,0.07559946924448013,0.10123417526483536,0.7592121958732605,1.6454516649246216,0.0818273052573204,0.006942600943148136,0.6360263824462891,1.6520930528640747,0.1431920826435089,0.018312910571694374,0.7666088342666626,1.6863858699798584,0.08763207495212555,0.007150406949222088,0.6346128582954407,1.6952533721923828,0.14151427149772644,0.015856141224503517,0.7322219610214233,1.731817364692688,-0.16005754470825195,0.0073331426829099655,0.6265800595283508,1.7390228509902954,-0.09192196279764175,0.024228906258940697
0.6542350053787231,0.5693844556808472,-0.18061456084251404,0.997890293598175,0.6724705696105957,0.5398872494697571,-0.16521261632442474,0.9962244033813477,0.6812852025032043,0.537746012210846,-0.16545970737934113,0.9968836903572083,0.6892953515052795,0.5370015501976013,-0.16556362807750702,0.9975088238716125,0.6489489674568176,0.5506225824356079,-0.14484044909477234,0.9955081343650818,0.6425257921218872,0.5548578500747681,-0.1447446495294571,0.9953616261482239,0.6361650824546814,0.5597286224365234,-0.14517995715141296,0.9953407049179077,0.7065814733505249,0.5595038533210754,-0.04834330826997757,0.998137354850769,0.6347997188568115,0.5830706357955933,0.05409398674964905,0.9951784014701843,0.6778737902641296,0.5929834246635437,-0.13360455632209778,0.9971588850021362,0.6437659859657288,0.6049102544784546,-0.10785453021526337,0.9945963621139526,0.7805041074752808,0.6960439085960388,-0.11435534060001373,0.9974057078361511,0.6056888699531555,0.7032034397125244,0.12259411811828613,0.9954224228858948,0.7951853275299072,0.9236336350440979,-0.31998389959335327,0.9276926517486572,0.5905469059944153,0.7071678042411804,0.014935366809368134,0.9216203689575195,0.6565369367599487,0.9070848226547241,-0.3318201005458832,0.7284076809883118,0.7071131467819214,0.618135392665863,-0.013900364749133587,0.6248868703842163,0.6192437410354614,0.9233289361000061,-0.36557886004447937,0.5270882248878479,0.7326931953430176,0.624250590801239,-0.04367686063051224,0.3842169940471649,0.6156965494155884,0.8938955664634705,-0.33865436911582947,0.541228711605072,0.7344331741333008,0.6188596487045288,-0.005183002911508083,0.3715275228023529,0.6290847063064575,0.8903113007545471,-0.3195047080516815,0.5285345911979675,0.7274191975593567,0.6239954829216003,-0.0073641762137413025,0.3948071002960205,0.7750134468078613,1.0901682376861572,-0.0934533029794693,0.2522536516189575,0.6425687670707703,1.087328553199768,0.09491483122110367,0.35357168316841125,0.7677311897277832,1.3680247068405151,-0.14091834425926208,0.05792798846960068,0.6532219648361206,1.3661836385726929,0.09012354165315628,0.09538096189498901,0.7599435448646545,1.6450945138931274,0.0441909059882164,0.006422463804483414,0.6416208148002625,1.6520217657089233,0.14445997774600983,0.016899019479751587,0.7681667804718018,1.687200903892517,0.04893915727734566,0.006574784405529499,0.6418983936309814,1.6957372426986694,0.1412390023469925,0.014782587997615337,0.7322552800178528,1.7313542366027832,-0.2034478634595871,0.006757380906492472,0.6277024149894714,1.7383134365081787,-0.0956219807267189,0.022464469075202942
0.6537178754806519,0.5694402456283569,-0.18464821577072144,0.9979830980300903,0.67209792137146,0.5398499965667725,-0.168929323554039,0.9964085221290588,0.6809114217758179,0.5377150774002075,-0.16917435824871063,0.9970239996910095,0.6889582872390747,0.5369389057159424,-0.16928818821907043,0.9976276755332947,0.6483259797096252,0.5508245825767517,-0.14942185580730438,0.9957185387611389,0.64173424243927,0.5552027821540833,-0.14929208159446716,0.9955519437789917,0.6351242661476135,0.560218870639801,-0.1497313529253006,0.9955297112464905,0.7063354253768921,0.5576642155647278,-0.04232501983642578,0.9982458353042603,0.6342881917953491,0.5824447274208069,0.05505705624818802,0.9953723549842834,0.6766995191574097,0.592926025390625,-0.13565847277641296,0.9973461627960205,0.6424752473831177,0.605175793170929,-0.10988588631153107,0.9948979616165161,0.7803298234939575,0.6957709193229675,-0.10203485190868378,0.9975748062133789,0.6050359010696411,0.7031770944595337,0.11859941482543945,0.9956983327865601,0.7951522469520569,0.9240315556526184,-0.3015594780445099,0.9317169785499573,0.586624264717102,0.7033604383468628,-0.009882403537631035,0.9255105257034302,0.6565951108932495,0.9091893434524536,-0.3206287920475006,0.7343290448188782,0.7064083218574524,0.6184362173080444,-0.008515719324350357,0.6299524903297424,0.6193719506263733,0.9221006035804749,-0.3522241711616516,0.530153214931488,0.7319088578224182,0.6244240403175354,-0.03326025232672691,0.38707923889160156,0.6154451370239258,0.8940238952636719,-0.32268503308296204,0.5437308549880981,0.7390319108963013,0.6192603707313538,0.012252265587449074,0.3736942410469055,0.628901481628418,0.8909835815429688,-0.30710527300834656,0.5314987301826477,0.7318297624588013,0.6275217533111572,0.002713685855269432,0.39808863401412964,0.77403724193573,1.0901368856430054,-0.08872316777706146,0.2535182237625122,0.6399348378181458,1.0871646404266357,0.09016350656747818,0.3570447564125061,0.7678049206733704,1.373740792274475,-0.1277773380279541,0.05372827872633934,0.6525189876556396,1.372615933418274,0.10262101888656616,0.08919288218021393,0.7599309086799622,1.6471657752990723,0.06830219179391861,0.005917973816394806,0.640956461429596,1.6545922756195068,0.19122351706027985,0.015617528930306435,0.7681325674057007,1.6881178617477417,0.07437586039304733,0.006042407359927893,0.6405760049819946,1.697956919670105,0.19224080443382263,0.013806902803480625,0.7322337031364441,1.7334803342819214,-0.17892853915691376,0.006201464682817459,0.627686619758606,1.7398056983947754,-0.05275770276784897,0.020902717486023903
0.6497513055801392,0.5723016858100891,-0.18228599429130554,0.9981107711791992,0.6695221662521362,0.5403541326522827,-0.16400447487831116,0.9966439604759216,0.6784171462059021,0.5379766821861267,-0.16425682604312897,0.9972155094146729,0.6866932511329651,0.5370118021965027,-0.16436158120632172,0.9977812170982361,0.6462061405181885,0.5518466234207153,-0.14867208898067474,0.9959973692893982,0.6396926641464233,0.5562947988510132,-0.14842453598976135,0.9958292245864868,0.6332606077194214,0.561319887638092,-0.1488146036863327,0.9957976937294006,0.7047405242919922,0.5571039319038391,-0.05222713202238083,0.9983714818954468,0.6337887048721313,0.5823788046836853,0.06038077920675278,0.9956349730491638,0.6712783575057983,0.5950689315795898,-0.1315326988697052,0.9975376725196838,0.6391292810440063,0.6081071496009827,-0.10440798103809357,0.9952082633972168,0.7801883220672607,0.6955868601799011,-0.12333939969539642,0.9977086782455444,0.6050584316253662,0.7031267881393433,0.13347670435905457,0.995900571346283,0.795176088809967,0.9243790507316589,-0.32306888699531555,0.9340315461158752,0.5898510217666626,0.7341779470443726,0.006731310393661261,0.9258055090904236,0.6543363928794861,0.91154545545578,-0.32426717877388,0.7364873290061951,0.7014344334602356,0.6187438368797302,0.011823114939033985,0.6295455694198608,0.6183794736862183,0.921686589717865,-0.3538394272327423,0.5287123918533325,0.7336991429328918,0.6248245239257812,-0.009978832677006721,0.3875482976436615,0.6121982336044312,0.8948880434036255,-0.3235502541065216,0.5423237681388855,0.7380778789520264,0.6191398501396179,0.03197672590613365,0.3743111491203308,0.6207178831100464,0.8929516077041626,-0.3095191717147827,0.5304916501045227,0.7310174703598022,0.6277792453765869,0.021473269909620285,0.39894598722457886,0.7740622162818909,1.0900872945785522,-0.09658105671405792,0.24769318103790283,0.6399797201156616,1.0870572328567505,0.09809853136539459,0.3524996042251587,0.7681633234024048,1.3715897798538208,-0.13721655309200287,0.04983396455645561,0.6531797647476196,1.370572566986084,0.12763182818889618,0.08353500813245773,0.7617128491401672,1.6464729309082031,0.057765789330005646,0.005444358102977276,0.6421849727630615,1.6544959545135498,0.21717455983161926,0.014449737966060638,0.7707659602165222,1.6874512434005737,0.06381810456514359,0.005556335672736168,0.6418247818946838,1.697866439819336,0.21789725124835968,0.01294681802392006,0.7323732972145081,1.7331125736236572,-0.18786904215812683,0.0057061887346208096,0.6280747652053833,1.7387471199035645,-0.017737995833158493,0.019561568275094032
0.6500964164733887,0.5725290179252625,-0.16925635933876038,0.9981116652488708,0.6695705056190491,0.5408852100372314,-0.15200529992580414,0.996658980846405,0.6784723997116089,0.5384794473648071,-0.15227261185646057,0.9972097277641296,0.6867406368255615,0.5374557375907898,-0.1523621827363968,0.9977882504463196,0.6461893320083618,0.5522727966308594,-0.13478399813175201,0.9960223436355591,0.6396470069885254,0.5566820502281189,-0.1346234381198883,0.9958300590515137,0.6331667900085449,0.5616611838340759,-0.13509513437747955,0.9958215355873108,0.7047001123428345,0.55690598487854,-0.039179686456918716,0.9983736872673035,0.6335735321044922,0.5823567509651184,0.06920882314443588,0.995636522769928,0.671557605266571,0.5955063104629517,-0.12166162580251694,0.9975873827934265,0.6392913460731506,0.6083754897117615,-0.09503524005413055,0.9952626824378967,0.7801952362060547,0.6967533230781555,-0.1198272854089737,0.9976893067359924,0.60481196641922,0.7030994892120361,0.13173089921474457,0.9959732294082642,0.7951151132583618,0.9261220097541809,-0.30371612310409546,0.9345967769622803,0.591215968132019,0.7350279092788696,0.012699919752776623,0.9282976984977722,0.6543874740600586,0.9125950932502747,-0.31028103828430176,0.7330855131149292,0.7017799615859985,0.6190934777259827,0.048193637281656265,0.6298874020576477,0.618383526802063,0.9247626662254333,-0.3402773141860962,0.5228355526924133,0.7321791052818298,0.6249529719352722,0.029282983392477036,0.3861846327781677,0.6121683120727539,0.8963636755943298,-0.31288081407546997,0.5357739329338074,0.7413601279258728,0.61959308385849,0.07301817834377289,0.37262967228889465,0.6212310194969177,0.8946475386619568,-0.29704612493515015,0.5248371362686157,0.73395836353302,0.6293348073959351,0.05926487594842911,0.39863383769989014,0.7742961645126343,1.0902613401412964,-0.09286146610975266,0.24654504656791687,0.6401506662368774,1.0870219469070435,0.09441355615854263,0.35564950108528137,0.7682653665542603,1.37100350856781,-0.12164552509784698,0.047679800540208817,0.6535383462905884,1.3696038722991943,0.11418032646179199,0.08034404367208481,0.7626508474349976,1.6455708742141724,0.08120738714933395,0.005159200634807348,0.6427237391471863,1.6535916328430176,0.2117404043674469,0.013759532943367958,0.7719535827636719,1.6861885786056519,0.088192880153656,0.005206901114434004,0.6422736048698425,1.696421504020691,0.21347622573375702,0.012489063665270805,0.7335678339004517,1.7319341897964478,-0.15977537631988525,0.005352588836103678,0.6297220587730408,1.7382956743240356,-0.024592485278844833,0.018826967105269432
0.6503152847290039,0.5724853277206421,-0.18957972526550293,0.9981902837753296,0.6696351766586304,0.5407128930091858,-0.1721726655960083,0.9967969059944153,0.6785271167755127,0.5383279919624329,-0.1724056452512741,0.9973124265670776,0.6867771744728088,0.537323534488678,-0.17246811091899872,0.997870922088623,0.6460613012313843,0.5521538853645325,-0.15611532330513,0.9961842894554138,0.6393812298774719,0.5565946102142334,-0.15600723028182983,0.9959789514541626,0.6326766610145569,0.5616124272346497,-0.15645188093185425,0.995965838432312,0.704696536064148,0.5563275814056396,-0.042822372168302536,0.9984428882598877,0.6326271295547485,0.5817774534225464,0.04755150154232979,0.9957630634307861,0.6719399094581604,0.5954336524009705,-0.1382131427526474,0.9977253079414368,0.6390992403030396,0.6083160042762756,-0.11518140137195587,0.9954888820648193,0.7801418900489807,0.6967054009437561,-0.10506121814250946,0.9978002309799194,0.6045028567314148,0.7030740976333618,0.10440415143966675,0.9961575269699097,0.7943316698074341,0.9268438816070557,-0.30170923471450806,0.9370372891426086,0.5913581252098083,0.747636079788208,-0.014238068833947182,0.929923415184021,0.6543864011764526,0.9139750003814697,-0.30331844091415405,0.7383475303649902,0.7014954686164856,0.6207144856452942,-0.0028616259805858135,0.6296125650405884,0.6183879375457764,0.924005925655365,-0.3334035873413086,0.5276108980178833,0.7307931184768677,0.6257535219192505,-0.02722165361046791,0.3854149580001831,0.6120065450668335,0.8969175815582275,-0.30557021498680115,0.5399900674819946,0.7416172027587891,0.6197451949119568,0.018091291189193726,0.37127795815467834,0.621266782283783,0.8955013751983643,-0.2904031276702881,0.5292662978172302,0.7340777516365051,0.6301239728927612,0.00881931371986866,0.39744579792022705,0.7742067575454712,1.0903953313827515,-0.08522173017263412,0.2502956688404083,0.6395047307014465,1.0872137546539307,0.0867956280708313,0.36068663001060486,0.7698521018028259,1.3718684911727905,-0.10069533437490463,0.04461818188428879,0.6537102460861206,1.372339129447937,0.10472504794597626,0.07538089156150818,0.7641586065292358,1.6451399326324463,0.10462232679128647,0.004814732354134321,0.6433351635932922,1.6537936925888062,0.2085692137479782,0.01285523734986782,0.773053765296936,1.6858750581741333,0.11206161975860596,0.004811367020010948,0.6426910161972046,1.696524977684021,0.21145132184028625,0.011754987761378288,0.7361668348312378,1.7317898273468018,-0.13727810978889465,0.004960628226399422,0.6331753730773926,1.73922860622406,-0.03180370852351189,0.017812123522162437
0.6503691673278809,0.5702856183052063,-0.21192960441112518,0.9983001947402954,0.669683039188385,0.5395839214324951,-0.19648368656635284,0.9970059394836426,0.6785682439804077,0.5374969244003296,-0.19671091437339783,0.9974820017814636,0.6868140697479248,0.5366341471672058,-0.19673363864421844,0.9980021119117737,0.6461313962936401,0.5499943494796753,-0.17631298303604126,0.9964203834533691,0.6394456028938293,0.5541335344314575,-0.17622044682502747,0.9962157607078552,0.6326471567153931,0.5596643686294556,-0.17663231492042542,0.9961827993392944,0.7047169804573059,0.5553614497184753,-0.06870211660861969,0.9985530376434326,0.6319879293441772,0.5794026255607605,0.033370427787303925,0.9959771037101746,0.6721557974815369,0.5943406224250793,-0.1624300628900528,0.9978859424591064,0.6382781863212585,0.6072428226470947,-0.13525107502937317,0.995742917060852,0.7800444960594177,0.6966722011566162,-0.11539856344461441,0.9978799223899841,0.603529155254364,0.703061044216156,0.08860699832439423,0.9961690306663513,0.7938896417617798,0.9270228743553162,-0.31289374828338623,0.9382756948471069,0.5895631909370422,0.7505916953086853,-0.11073188483715057,0.927560567855835,0.6534331440925598,0.9139271974563599,-0.31654641032218933,0.7435274720191956,0.6995203495025635,0.6213212609291077,-0.21864119172096252,0.6220293045043945,0.617594838142395,0.9221270084381104,-0.3442356288433075,0.5336988568305969,0.728712797164917,0.6259483098983765,-0.2577531337738037,0.3809477984905243,0.6106058955192566,0.8968236446380615,-0.3148092031478882,0.5461097359657288,0.7416731715202332,0.61935955286026,-0.2064175307750702,0.3669571280479431,0.6209262013435364,0.8929113745689392,-0.3022322356700897,0.5350563526153564,0.7233849763870239,0.6280457973480225,-0.20819230377674103,0.3921758830547333,0.7729589939117432,1.0912094116210938,-0.08427771925926208,0.24226106703281403,0.6373838186264038,1.0876460075378418,0.08580441027879715,0.3492509126663208,0.7684006690979004,1.3725674152374268,-0.10211706161499023,0.041526976972818375,0.6491607427597046,1.3730571269989014,0.1095447987318039,0.07017739117145538,0.763839602470398,1.6454826593399048,0.09374642372131348,0.004452379886060953,0.642330527305603,1.653800129890442,0.21559202671051025,0.011863857507705688,0.7728581428527832,1.686679720878601,0.1005176454782486,0.00440959120169282,0.6421736478805542,1.696650743484497,0.2179138958454132,0.010888375341892242,0.7360720634460449,1.73153555393219,-0.1505270153284073,0.004587601870298386,0.6331232190132141,1.7393494844436646,-0.02499903365969658,0.01674184575676918
0.6505106091499329,0.5681476593017578,-0.2043963223695755,0.9984328746795654,0.6697229146957397,0.5387477278709412,-0.1909031867980957,0.997249186038971,0.6785956621170044,0.5368527770042419,-0.1911502331495285,0.9976814389228821,0.6868618726730347,0.5360797643661499,-0.1911911815404892,0.9981608390808105,0.6461611986160278,0.5486369729042053,-0.16852031648159027,0.9967061281204224,0.6394827961921692,0.5526157021522522,-0.16842079162597656,0.9965082406997681,0.6326794624328613,0.5585058927536011,-0.16882333159446716,0.9964696168899536,0.7050057053565979,0.5546213984489441,-0.07269882410764694,0.9986757040023804,0.6320106387138367,0.5778936743736267,0.03963044658303261,0.9962766170501709,0.6724423170089722,0.592763364315033,-0.15774521231651306,0.9980587959289551,0.638369083404541,0.6053343415260315,-0.12817639112472534,0.9960556030273438,0.7799710035324097,0.6965738534927368,-0.13361109793186188,0.998002827167511,0.6042230725288391,0.7030344605445862,0.09994890540838242,0.9962871670722961,0.7934961318969727,0.9271131753921509,-0.32538077235221863,0.9398816227912903,0.58931964635849,0.7491906881332397,-0.07157225906848907,0.9250873923301697,0.6525155305862427,0.9148730039596558,-0.3151853382587433,0.7497623562812805,0.6997137069702148,0.6233678460121155,-0.1737319529056549,0.613624632358551,0.6171478629112244,0.9221031665802002,-0.34305256605148315,0.5425723791122437,0.7409192323684692,0.6290562748908997,-0.20852556824684143,0.3753308951854706,0.6094434857368469,0.8970937132835388,-0.3137814998626709,0.5555415749549866,0.7435130476951599,0.621799647808075,-0.16031262278556824,0.36197152733802795,0.6201229691505432,0.8936846256256104,-0.3005883991718292,0.5439148545265198,0.7296562790870667,0.632193386554718,-0.16449788212776184,0.38628992438316345,0.7729975581169128,1.0913670063018799,-0.09444953501224518,0.23125123977661133,0.6379166841506958,1.0882190465927124,0.0960773304104805,0.3335161805152893,0.7684662342071533,1.3742996454238892,-0.13320696353912354,0.038612376898527145,0.6492336392402649,1.3760359287261963,0.1239377111196518,0.06557552516460419,0.7642239332199097,1.6509429216384888,0.06964629888534546,0.004098133184015751,0.6439024209976196,1.6598137617111206,0.21560382843017578,0.010928282514214516,0.7736610174179077,1.6942219734191895,0.07546338438987732,0.004033283796161413,0.6447149515151978,1.7044079303741455,0.21630024909973145,0.01009183470159769,0.7359668612480164,1.733603596687317,-0.17812658846378326,0.004236093256622553,0.6330115795135498,1.744017481803894,-0.024025294929742813,0.015696654096245766
0.650613009929657,0.5666333436965942,-0.19084018468856812,0.9984720349311829,0.6697374582290649,0.5379837155342102,-0.1870746910572052,0.9973304867744446,0.6786221265792847,0.5363004207611084,-0.18742051720619202,0.9977380633354187,0.6868773102760315,0.5356121063232422,-0.18745861947536469,0.9982110261917114,0.6469826102256775,0.5466325879096985,-0.15843668580055237,0.9968085289001465,0.6407831311225891,0.5501307845115662,-0.15827104449272156,0.9965915679931641,0.6345916390419006,0.5548948049545288,-0.15874505043029785,0.9965521097183228,0.7052837014198303,0.5536117553710938,-0.06344182044267654,0.9987195730209351,0.6337360143661499,0.5755424499511719,0.0497923269867897,0.9963616132736206,0.6726087927818298,0.5920957922935486,-0.15086637437343597,0.9981588125228882,0.638532280921936,0.6028608083724976,-0.11406000703573227,0.996196985244751,0.7799767851829529,0.6961496472358704,-0.12113157659769058,0.9980353713035583,0.6039789915084839,0.702139139175415,0.10810259729623795,0.9964198470115662,0.793240487575531,0.9271284937858582,-0.31444433331489563,0.9413700103759766,0.5870984792709351,0.7493263483047485,-0.048968441784381866,0.9284138679504395,0.652377724647522,0.9150510430335999,-0.31166180968284607,0.755500316619873,0.6993611454963684,0.6247068047523499,-0.10398437082767487,0.6179813146591187,0.6170750260353088,0.9218227863311768,-0.33882907032966614,0.5444930195808411,0.7352277040481567,0.6297880411148071,-0.12978500127792358,0.37648576498031616,0.6093410849571228,0.896898090839386,-0.31110048294067383,0.5562517046928406,0.7367727160453796,0.6241886615753174,-0.07878832519054413,0.36200517416000366,0.6201650500297546,0.8937022686004639,-0.29673150181770325,0.5462321639060974,0.7238312363624573,0.6318372488021851,-0.09144439548254013,0.38728243112564087,0.7731867432594299,1.092004656791687,-0.09243033826351166,0.23035059869289398,0.6372919082641602,1.0890257358551025,0.09403283894062042,0.3389981985092163,0.769071102142334,1.3741497993469238,-0.12301775068044662,0.035543736070394516,0.6490815877914429,1.3752620220184326,0.16120657324790955,0.060938313603401184,0.7654446363449097,1.6499584913253784,0.09471715986728668,0.003781924955546856,0.6438795328140259,1.659226655960083,0.32130736112594604,0.010221953503787518,0.7749145030975342,1.691070556640625,0.10216689109802246,0.003708380740135908,0.6445602178573608,1.7028814554214478,0.3295719027519226,0.009556380100548267,0.7367208003997803,1.7333757877349854,-0.15423272550106049,0.003920546267181635,0.6331420540809631,1.7438572645187378,0.08913262188434601,0.015218835324048996
0.6519964933395386,0.565118670463562,-0.17218035459518433,0.998370349407196,0.670547604560852,0.5377716422080994,-0.16411446034908295,0.9972271919250488,0.6791123151779175,0.5362478494644165,-0.16443954408168793,0.9976444244384766,0.6872556209564209,0.5356022119522095,-0.1645120084285736,0.9981314539909363,0.6498376131057739,0.5454258322715759,-0.1384977251291275,0.9966350793838501,0.644324004650116,0.5486210584640503,-0.13845211267471313,0.996399462223053,0.6386546492576599,0.5531083941459656,-0.13897395133972168,0.9963437914848328,0.705560028553009,0.553561270236969,-0.05576243996620178,0.9986826777458191,0.6393808126449585,0.5743780732154846,0.06159583851695061,0.9961999654769897,0.6731804013252258,0.5917457342147827,-0.1320534497499466,0.998102068901062,0.6406927108764648,0.6023975610733032,-0.09853245317935944,0.9960115551948547,0.7799863815307617,0.696581244468689,-0.0983949825167656,0.997836709022522,0.6032181978225708,0.70210200548172,0.10384993255138397,0.9961610436439514,0.7928571701049805,0.9270769357681274,-0.3053921163082123,0.9364126920700073,0.5858865976333618,0.7487208247184753,-0.08810175210237503,0.9270710945129395,0.6522699594497681,0.9160107970237732,-0.31473633646965027,0.7462647557258606,0.6975699067115784,0.625379741191864,-0.18663211166858673,0.618535578250885,0.6168030500411987,0.9359123706817627,-0.3449516296386719,0.5374782085418701,0.7288877964019775,0.6300203204154968,-0.22261378169059753,0.3769761919975281,0.6092180013656616,0.8968861103057861,-0.31688258051872253,0.5504249930381775,0.736977219581604,0.6240990161895752,-0.1819113790988922,0.36341792345046997,0.6201905012130737,0.8938190937042236,-0.3010628819465637,0.5396963953971863,0.7173457741737366,0.6310161352157593,-0.17935916781425476,0.38843846321105957,0.7737701535224915,1.0919710397720337,-0.08151628077030182,0.22181570529937744,0.6388126611709595,1.0888278484344482,0.08278527855873108,0.32973602414131165,0.7686887979507446,1.3732736110687256,-0.1228523999452591,0.03445226699113846,0.6491758227348328,1.3735439777374268,0.10765401273965836,0.05822790786623955,0.7632191181182861,1.649422526359558,0.08943070471286774,0.003605394158512354,0.6424886584281921,1.6588455438613892,0.20794102549552917,0.009668717160820961,0.7717583179473877,1.6905596256256104,0.09637941420078278,0.0034986529499292374,0.6433006525039673,1.7025220394134521,0.20821967720985413,0.00907963328063488,0.7351993322372437,1.733182668685913,-0.15768471360206604,0.0037400969304144382,0.6320281624794006,1.7436467409133911,-0.03603377565741539,0.014657833613455296
0.652335524559021,0.5638813376426697,-0.1720983386039734,0.9983637928962708,0.6706503629684448,0.5371519327163696,-0.1635405272245407,0.9972338676452637,0.6791591644287109,0.5358635187149048,-0.16387198865413666,0.9976508021354675,0.6873449683189392,0.5353022217750549,-0.16394244134426117,0.9981314539909363,0.6510206460952759,0.5433079600334167,-0.13837093114852905,0.9966385364532471,0.6459338068962097,0.5462275743484497,-0.13833391666412354,0.9963880181312561,0.6405595541000366,0.5501752495765686,-0.13884712755680084,0.9963148236274719,0.7060626745223999,0.5531156659126282,-0.05408674478530884,0.9986826181411743,0.6425840258598328,0.5721873641014099,0.06153568625450134,0.9961926341056824,0.6735831499099731,0.5917381048202515,-0.13148951530456543,0.9981099963188171,0.6423758864402771,0.6017467975616455,-0.09854449331760406,0.9959843158721924,0.7800503969192505,0.69655841588974,-0.09837537258863449,0.9976646900177002,0.603382408618927,0.7015793323516846,0.10542932897806168,0.9960041046142578,0.7901273369789124,0.9272959232330322,-0.2929336428642273,0.9335188865661621,0.5841524004936218,0.7480015158653259,-0.07377392053604126,0.9269810914993286,0.652053952217102,0.916878342628479,-0.30281752347946167,0.747585654258728,0.6959438920021057,0.625647246837616,-0.11438412964344025,0.6207647323608398,0.6143522262573242,0.9413012862205505,-0.33142298460006714,0.5408732295036316,0.7238792181015015,0.6299917697906494,-0.14337734878063202,0.377744197845459,0.6089410781860352,0.8972375988960266,-0.31078439950942993,0.5539734959602356,0.7281194925308228,0.6242323517799377,-0.09869447350502014,0.3643163740634918,0.6202148199081421,0.8946118950843811,-0.2915012240409851,0.5427242517471313,0.7158240675926208,0.6295141577720642,-0.10449598729610443,0.3886735737323761,0.7743082046508789,1.092349648475647,-0.07741498947143555,0.2158304899930954,0.6405591368675232,1.088879108428955,0.07856156677007675,0.32505035400390625,0.7685433626174927,1.3689604997634888,-0.12241582572460175,0.033032406121492386,0.6492899656295776,1.3678741455078125,0.1075039952993393,0.056186653673648834,0.7634187340736389,1.6479121446609497,0.08798901736736298,0.003425134578719735,0.6427420377731323,1.6578973531723022,0.21177014708518982,0.009283418767154217,0.7721613645553589,1.6895215511322021,0.09494493901729584,0.0032810817938297987,0.6437602639198303,1.7016949653625488,0.21304360032081604,0.008726736530661583,0.7352509498596191,1.7320104837417603,-0.1581677347421646,0.0035733412951231003,0.6324419975280762,1.7434815168380737,-0.025895079597830772,0.014566892758011818
0.6527179479598999,0.5635548233985901,-0.15019577741622925,0.9983706474304199,0.6708766222000122,0.5370912551879883,-0.1508263349533081,0.9973121881484985,0.6792882680892944,0.5358429551124573,-0.15116705000400543,0.9977198839187622,0.6874439716339111,0.535291314125061,-0.15126393735408783,0.9981834888458252,0.6523704528808594,0.542904257774353,-0.11805672943592072,0.9967172145843506,0.6478837728500366,0.5456214547157288,-0.11794420331716537,0.9964584112167358,0.6429393887519836,0.5493753552436829,-0.11839165538549423,0.996359646320343,0.7063454389572144,0.5528470873832703,-0.0673881396651268,0.9987317323684692,0.6481808423995972,0.5702258348464966,0.07571576535701752,0.9962727427482605,0.6737643480300903,0.5917491912841797,-0.12054790556430817,0.9981375932693481,0.6433788537979126,0.6013805270195007,-0.07782958447933197,0.9959466457366943,0.7799508571624756,0.694909930229187,-0.13438008725643158,0.9976369738578796,0.6060926914215088,0.7015997767448425,0.14136025309562683,0.9958173036575317,0.7861610054969788,0.9239040017127991,-0.3163219094276428,0.9308891296386719,0.5848761796951294,0.7460442185401917,-0.037153489887714386,0.924801230430603,0.6498466730117798,0.9167338609695435,-0.3026124835014343,0.7477152943611145,0.6895319223403931,0.6274976134300232,-0.12573586404323578,0.6211568713188171,0.6123327612876892,0.9396907091140747,-0.32862588763237,0.5440186858177185,0.7175432443618774,0.629813551902771,-0.15528491139411926,0.37909165024757385,0.6081477999687195,0.8972968459129333,-0.31025195121765137,0.5574080348014832,0.720901608467102,0.6241637468338013,-0.11189951747655869,0.3660958409309387,0.6200805902481079,0.8948347568511963,-0.29114529490470886,0.5459086298942566,0.7118088006973267,0.6277210116386414,-0.11838338524103165,0.3900351822376251,0.7744578719139099,1.0923153162002563,-0.08625836670398712,0.20941780507564545,0.6432675123214722,1.0888675451278687,0.087458536028862,0.31865495443344116,0.76842200756073,1.3688709735870361,-0.132505401968956,0.030917704105377197,0.6496924161911011,1.3672258853912354,0.11559717357158661,0.05343387648463249,0.763099730014801,1.647807240486145,0.05869809538125992,0.003174353623762727,0.6428608298301697,1.6577879190444946,0.2108950912952423,0.008671790361404419,0.7721020579338074,1.6894323825836182,0.0631333589553833,0.0030310337897390127,0.6438983678817749,1.7015103101730347,0.21226301789283752,0.008234395645558834,0.7326054573059082,1.7319458723068237,-0.18447080254554749,0.0033223298378288746,0.632175624370575,1.7431414127349854,-0.02353108860552311,0.013840008527040482
0.6539021134376526,0.5644623041152954,-0.10744921118021011,0.9977098703384399,0.6718173027038574,0.5371119976043701,-0.10790126025676727,0.996343731880188,0.6798206567764282,0.535871684551239,-0.108223557472229,0.9969273805618286,0.6877626180648804,0.5353227853775024,-0.10838186740875244,0.9975196123123169,0.6550673246383667,0.5429118275642395,-0.07989501953125,0.9954184293746948,0.651312530040741,0.5455799698829651,-0.07985414564609528,0.9951052069664001,0.6471766829490662,0.5492761135101318,-0.08041535317897797,0.994935154914856,0.7064686417579651,0.5526832342147827,-0.04472532123327255,0.9982422590255737,0.6545296311378479,0.5697210431098938,0.09237061440944672,0.9952783584594727,0.6746192574501038,0.5931907296180725,-0.07898321747779846,0.9974377155303955,0.6465588808059692,0.6021730303764343,-0.0420500747859478,0.9945604205131531,0.7771118879318237,0.6949224472045898,-0.1105843037366867,0.9973487257957458,0.613787055015564,0.7006215453147888,0.1369965374469757,0.9955291748046875,0.7765169739723206,0.9209272265434265,-0.2795618176460266,0.9212896823883057,0.5917795896530151,0.7287912368774414,0.00627658236771822,0.9247385263442993,0.6488291025161743,0.9107555150985718,-0.2837616205215454,0.7349836826324463,0.6902467608451843,0.6274438500404358,0.0034674610942602158,0.6250589489936829,0.6151389479637146,0.9387312531471252,-0.3125903904438019,0.5366188287734985,0.7186580896377563,0.6297957897186279,-0.015259480103850365,0.3822757303714752,0.6147080063819885,0.8939321637153625,-0.29626554250717163,0.54985511302948,0.7292333841323853,0.62396639585495,0.013813145458698273,0.36986470222473145,0.6209882497787476,0.8854204416275024,-0.27483388781547546,0.5389050245285034,0.7131391763687134,0.6263759732246399,0.00797977764159441,0.3954960107803345,0.7757834196090698,1.0896700620651245,-0.0795256569981575,0.21425379812717438,0.6492080688476562,1.0867499113082886,0.0805211141705513,0.33234691619873047,0.7719310522079468,1.3613237142562866,-0.10117150843143463,0.029722386971116066,0.6630860567092896,1.3613618612289429,0.0949365571141243,0.05167676880955696,0.7656179666519165,1.639219880104065,0.10871469974517822,0.0030356235802173615,0.6494360566139221,1.6486356258392334,0.1967490017414093,0.008350087329745293,0.7751755118370056,1.6798884868621826,0.1155933290719986,0.0028635861817747355,0.6489182114601135,1.691420316696167,0.19840504229068756,0.008018895983695984,0.7342320084571838,1.72152841091156,-0.11969950050115585,0.003121462184935808,0.6356470584869385,1.731967568397522,-0.029628142714500427,0.013301190920174122
0.6538008451461792,0.5647537708282471,-0.13312819600105286,0.9977936744689941,0.671371340751648,0.5371654629707336,-0.13369488716125488,0.9965212345123291,0.6793111562728882,0.5359566807746887,-0.13407137989997864,0.9970900416374207,0.6873130798339844,0.5354540348052979,-0.1341763138771057,0.9976487755775452,0.6549440622329712,0.5429407358169556,-0.09856326878070831,0.9956247210502625,0.6511088609695435,0.5456368327140808,-0.0984683558344841,0.9952990412712097,0.646852970123291,0.5493708252906799,-0.09888415783643723,0.9951038956642151,0.7064695358276367,0.552677571773529,-0.05843309313058853,0.9983450174331665,0.6551210284233093,0.5692707300186157,0.09070277214050293,0.9954366087913513,0.6742648482322693,0.5933209657669067,-0.10452685505151749,0.9975178837776184,0.6466862559318542,0.6021725535392761,-0.059070080518722534,0.9946306347846985,0.7770676016807556,0.6933203935623169,-0.13226452469825745,0.997330367565155,0.618931233882904,0.7035144567489624,0.1451312005519867,0.9950599670410156,0.776790976524353,0.9210721254348755,-0.32824409008026123,0.9208843111991882,0.5892140865325928,0.7128024697303772,0.03645092993974686,0.9179156422615051,0.6443861126899719,0.9148187041282654,-0.3042297959327698,0.7431156039237976,0.69038987159729,0.6313663721084595,0.018658479675650597,0.6184127926826477,0.6097742915153503,0.9380255937576294,-0.3276521563529968,0.5487960577011108,0.7182300686836243,0.6298984289169312,-0.0015362335834652185,0.37896132469177246,0.6102811694145203,0.896851122379303,-0.3103485703468323,0.5622612237930298,0.7252838015556335,0.624439537525177,0.042927082628011703,0.36731332540512085,0.6157990097999573,0.8915160894393921,-0.29324203729629517,0.5503414273262024,0.7132639288902283,0.6275335550308228,0.028063559904694557,0.3921858072280884,0.7757865190505981,1.0956159830093384,-0.0819333866238594,0.2057015597820282,0.6488600969314575,1.0901083946228027,0.08305434882640839,0.3198776841163635,0.769774854183197,1.367235779762268,-0.11351325362920761,0.028245894238352776,0.6581109762191772,1.3620136976242065,0.09311769157648087,0.050789106637239456,0.7650641202926636,1.6495823860168457,0.07243652641773224,0.0028218526858836412,0.6483396887779236,1.6561673879623413,0.1709432452917099,0.007893051952123642,0.7750199437141418,1.6919933557510376,0.07769549638032913,0.0026703611947596073,0.6487258672714233,1.7010375261306763,0.1694478690624237,0.007616870105266571,0.7318264245986938,1.7338829040527344,-0.16848835349082947,0.002947533968836069,0.6332478523254395,1.7441476583480835,-0.06093944236636162,0.012844111770391464
0.6507986783981323,0.5650814175605774,-0.11761575937271118,0.997885525226593,0.6680793762207031,0.5382346510887146,-0.12907323241233826,0.9966967105865479,0.6759605407714844,0.5374385118484497,-0.12946388125419617,0.9972335696220398,0.684576690196991,0.5373929738998413,-0.1296287477016449,0.9977622032165527,0.6541337370872498,0.5432614684104919,-0.08691735565662384,0.9958471655845642,0.6510549783706665,0.5458155870437622,-0.0868072584271431,0.9955076575279236,0.6464774012565613,0.549429714679718,-0.0871366411447525,0.9952986836433411,0.7061907649040222,0.5544531941413879,-0.08939174562692642,0.9984429478645325,0.657540500164032,0.5694801807403564,0.10097961127758026,0.9956194162368774,0.6706270575523376,0.5942093729972839,-0.0989573746919632,0.9976064562797546,0.6461889743804932,0.6021404266357422,-0.043747421354055405,0.9947009682655334,0.7708092927932739,0.6895676255226135,-0.21907401084899902,0.9975078701972961,0.6339285373687744,0.7063804268836975,0.2576526701450348,0.9950944781303406,0.7534052133560181,0.8977649807929993,-0.38836759328842163,0.9217580556869507,0.6010274887084961,0.7237690091133118,0.17864428460597992,0.9063000679016113,0.6434085965156555,0.908995509147644,-0.3042195439338684,0.7494158148765564,0.6845894455909729,0.6343709826469421,0.09781066328287125,0.6125718951225281,0.6169759035110474,0.928130567073822,-0.33044129610061646,0.5617654919624329,0.7138141989707947,0.6298832297325134,0.08800479024648666,0.3782567083835602,0.6153091192245483,0.8936312794685364,-0.31086069345474243,0.5744309425354004,0.7191883325576782,0.6244401931762695,0.11943712085485458,0.3670670688152313,0.6179090738296509,0.8908898830413818,-0.2924674153327942,0.5612195730209351,0.7103993892669678,0.6274954676628113,0.10020247846841812,0.39234572649002075,0.7755058407783508,1.0945136547088623,-0.15803270041942596,0.2164629101753235,0.6665389537811279,1.091223955154419,0.15905234217643738,0.3355189859867096,0.7660213708877563,1.3527376651763916,-0.13704386353492737,0.030079439282417297,0.6647678017616272,1.3555753231048584,0.21048414707183838,0.05504323169589043,0.7647145986557007,1.631415605545044,0.0765385553240776,0.0028638713993132114,0.6592363119125366,1.6419302225112915,0.31662285327911377,0.008121136575937271,0.7759048342704773,1.6760016679763794,0.08460023254156113,0.0025743055157363415,0.6631500124931335,1.6870901584625244,0.32096531987190247,0.008400939404964447,0.7251415252685547,1.7012368440628052,-0.12497259676456451,0.00286365975625813,0.6331887245178223,1.7177642583847046,0.13216546177864075,0.01310014445334673
0.6473546624183655,0.5660108327865601,-0.08451487123966217,0.9980347156524658,0.6645696759223938,0.5395348072052002,-0.09774249792098999,0.9969371557235718,0.6724046468734741,0.5389187335968018,-0.0981416329741478,0.9974307417869568,0.6814242601394653,0.5390356779098511,-0.09829794615507126,0.997928261756897,0.6521761417388916,0.5438539981842041,-0.053030721843242645,0.9961490631103516,0.6498932242393494,0.5461557507514954,-0.05284709483385086,0.9958142638206482,0.6462698578834534,0.5495312213897705,-0.053144097328186035,0.9956182241439819,0.7054857015609741,0.5557119846343994,-0.08061390370130539,0.9985576868057251,0.6582406759262085,0.5695129036903381,0.13309895992279053,0.9959036707878113,0.6655318140983582,0.5954732894897461,-0.07109503448009491,0.9977549910545349,0.6440598368644714,0.6021770238876343,-0.012726102955639362,0.9949385523796082,0.7674676775932312,0.6886826753616333,-0.20766815543174744,0.9977012276649475,0.638903021812439,0.7125155329704285,0.29515063762664795,0.9952713251113892,0.7491034269332886,0.8971999883651733,-0.3794669806957245,0.9243096113204956,0.603645920753479,0.7270419001579285,0.2858864963054657,0.9040831327438354,0.6436665654182434,0.9125524163246155,-0.3094516396522522,0.7601579427719116,0.6845430731773376,0.635487973690033,0.285905659198761,0.6101682186126709,0.6268808841705322,0.9293488264083862,-0.3421187996864319,0.5786441564559937,0.7133838534355164,0.6296967267990112,0.28604477643966675,0.37725338339805603,0.6180332899093628,0.8997766971588135,-0.3205435276031494,0.5907179713249207,0.7187656164169312,0.6244174242019653,0.3131243884563446,0.3664318323135376,0.6266723871231079,0.8965359330177307,-0.2971545159816742,0.5769739151000977,0.7101637721061707,0.6274510622024536,0.2883325219154358,0.39299702644348145,0.7747206687927246,1.0950229167938232,-0.17255514860153198,0.21523194015026093,0.6686550378799438,1.0960819721221924,0.173785999417305,0.33332037925720215,0.7595705389976501,1.3523659706115723,-0.1794489324092865,0.02904100902378559,0.6643396019935608,1.355350375175476,0.2326328307390213,0.054611075669527054,0.762378990650177,1.6320406198501587,0.04040849953889847,0.0027159734163433313,0.662255585193634,1.6423287391662598,0.3311440348625183,0.0077431765384972095,0.7758653163909912,1.676175594329834,0.04772471636533737,0.0023988636676222086,0.666790783405304,1.6873984336853027,0.3340621292591095,0.008315281011164188,0.7182387113571167,1.7032434940338135,-0.16433623433113098,0.002701373305171728,0.6333953738212585,1.7203749418258667,0.13657090067863464,0.012785759754478931
0.6450487375259399,0.5671685934066772,-0.10264110565185547,0.9982069730758667,0.6619290113449097,0.5403920412063599,-0.11116667091846466,0.9972067475318909,0.6700810790061951,0.5396283864974976,-0.11152631044387817,0.9976615309715271,0.6796407103538513,0.5396825671195984,-0.11166348308324814,0.9981114864349365,0.6491183042526245,0.5449055433273315,-0.0704866424202919,0.9964900612831116,0.6467898488044739,0.5470855832099915,-0.07039009779691696,0.9961850643157959,0.6436312794685364,0.5502697229385376,-0.07066801190376282,0.9959891438484192,0.7050507664680481,0.5559090375900269,-0.09206103533506393,0.9986899495124817,0.6571771502494812,0.5694932341575623,0.1175670474767685,0.9962590336799622,0.6642535924911499,0.5958617329597473,-0.08275949209928513,0.997942328453064,0.6432188749313354,0.6021119952201843,-0.0299074649810791,0.9953272938728333,0.7652174234390259,0.6869699954986572,-0.23648905754089355,0.9979034662246704,0.6418478488922119,0.7126036286354065,0.28759822249412537,0.9954537153244019,0.7479905486106873,0.8828135132789612,-0.406855046749115,0.9291419982910156,0.6024090647697449,0.7160719633102417,0.2692685127258301,0.8943328261375427,0.6405726075172424,0.9170678853988647,-0.32379135489463806,0.7728766798973083,0.6849595308303833,0.63782799243927,0.2576299011707306,0.5984268188476562,0.6206404566764832,0.9330005645751953,-0.36177772283554077,0.598798930644989,0.7138963937759399,0.6298332810401917,0.25563111901283264,0.3705100119113922,0.6147260069847107,0.9157803654670715,-0.34708335995674133,0.6110157370567322,0.7197888493537903,0.6247456669807434,0.2814195156097412,0.3608027398586273,0.6255233287811279,0.9059595465660095,-0.313363254070282,0.5950316786766052,0.7106944918632507,0.6292575001716614,0.2601022720336914,0.38677048683166504,0.7730329632759094,1.0949833393096924,-0.17862150073051453,0.22788625955581665,0.6752802133560181,1.0965057611465454,0.17962385714054108,0.3441363573074341,0.7418023347854614,1.3331533670425415,-0.20364606380462646,0.03384190797805786,0.6633347868919373,1.335353136062622,0.21994635462760925,0.060406219214200974,0.7501894235610962,1.6178367137908936,-0.0009955394780263305,0.0030965274199843407,0.6611157655715942,1.628847599029541,0.2889336347579956,0.008224932476878166,0.769579291343689,1.6672186851501465,0.0061475010588765144,0.0026730564422905445,0.6673292517662048,1.6774828433990479,0.2895227074623108,0.00937801692634821,0.694789469242096,1.6759345531463623,-0.1908113658428192,0.0030283015221357346,0.6209152936935425,1.6978176832199097,0.09973640739917755,0.0134778106585145
0.6417869329452515,0.5678646564483643,-0.1332676112651825,0.9983595609664917,0.6592249274253845,0.5410261750221252,-0.14668293297290802,0.9974541068077087,0.668006956577301,0.5401046276092529,-0.14710870385169983,0.9978686571121216,0.6782705187797546,0.5400717258453369,-0.14728039503097534,0.9982795119285583,0.6447036266326904,0.546186089515686,-0.09849301725625992,0.9967999458312988,0.6416631937026978,0.54856276512146,-0.09836366027593613,0.9965144991874695,0.6380401849746704,0.5519199371337891,-0.09851934015750885,0.9963245391845703,0.7044711709022522,0.5558788180351257,-0.11013521999120712,0.9988116025924683,0.6532605886459351,0.5695396065711975,0.11545815318822861,0.9965751767158508,0.6621893644332886,0.59574955701828,-0.11560755968093872,0.9981274008750916,0.6390177607536316,0.6020472645759583,-0.052238814532756805,0.9957087635993958,0.7642165422439575,0.6865561008453369,-0.25274986028671265,0.9980924129486084,0.6378014087677002,0.7143980264663696,0.26860833168029785,0.9956958293914795,0.7507321834564209,0.8867113590240479,-0.43308085203170776,0.9344457983970642,0.5955508947372437,0.7132346034049988,0.1853938102722168,0.8961687088012695,0.6410008668899536,0.9205407500267029,-0.34536319971084595,0.7888280749320984,0.6851187348365784,0.638866662979126,-0.028684064745903015,0.6025358438491821,0.6161569356918335,0.9406231045722961,-0.38080650568008423,0.6214959025382996,0.7140375971794128,0.6302317380905151,-0.05048671364784241,0.3723008930683136,0.6120907068252563,0.9240282773971558,-0.3612167239189148,0.6328665018081665,0.7202460169792175,0.6255789399147034,-0.010002768598496914,0.36173346638679504,0.6246839761734009,0.9161787629127502,-0.3314886689186096,0.6164872646331787,0.7110680341720581,0.6294345855712891,-0.025163397192955017,0.38902372121810913,0.770933985710144,1.0953524112701416,-0.1773950755596161,0.2350088506937027,0.6714089512825012,1.0976097583770752,0.17838923633098602,0.34864988923072815,0.7428613901138306,1.336202621459961,-0.20137862861156464,0.03451705724000931,0.6548482179641724,1.3371632099151611,0.2783544659614563,0.06286419183015823,0.7514304518699646,1.6198649406433105,0.013565011322498322,0.0031072916463017464,0.6630486845970154,1.6312031745910645,0.4066172242164612,0.00827212817966938,0.7697680592536926,1.6674673557281494,0.020557204261422157,0.0025871191173791885,0.6711705923080444,1.6782275438308716,0.4118422865867615,0.009799834340810776,0.7024214863777161,1.6849123239517212,-0.20228669047355652,0.0029922868125140667,0.6267889738082886,1.704663872718811,0.2149960696697235,0.01383946929126978
0.6401210427284241,0.56843101978302,-0.14025677740573883,0.9984845519065857,0.6583679914474487,0.541141927242279,-0.153844952583313,0.997661292552948,0.667514443397522,0.5401968359947205,-0.15427182614803314,0.9980407953262329,0.6780341267585754,0.5401594042778015,-0.15446683764457703,0.998420238494873,0.6429345011711121,0.5464352369308472,-0.10604293644428253,0.9970561265945435,0.6395907402038574,0.5488430261611938,-0.10589064657688141,0.996782660484314,0.635806679725647,0.5522243976593018,-0.10605055093765259,0.9965968728065491,0.7040290832519531,0.555837094783783,-0.11346093565225601,0.9989157915115356,0.6512461304664612,0.5695691704750061,0.11497525870800018,0.9968324303627014,0.6613118648529053,0.5957608819007874,-0.1226532906293869,0.9982852935791016,0.6368310451507568,0.6021007895469666,-0.05873391777276993,0.9960176944732666,0.7633359432220459,0.685377836227417,-0.2614874243736267,0.9982593655586243,0.6356023550033569,0.714165449142456,0.2633676528930664,0.9959226250648499,0.7485952377319336,0.8802691102027893,-0.4325690269470215,0.9391383528709412,0.5895749926567078,0.711994469165802,0.15701302886009216,0.898522138595581,0.6386017799377441,0.923886239528656,-0.3428722023963928,0.8001495003700256,0.6842098832130432,0.6393433213233948,-0.0468677319586277,0.6048926711082458,0.614158570766449,0.9444887638092041,-0.3746621310710907,0.6352217793464661,0.7136334180831909,0.6303631067276001,-0.06640069931745529,0.3725670576095581,0.6112747192382812,0.9267335534095764,-0.35453683137893677,0.6456571817398071,0.7198712825775146,0.6260258555412292,-0.027836671099066734,0.36130914092063904,0.6243818998336792,0.9170655012130737,-0.32855913043022156,0.6296847462654114,0.7111539244651794,0.6295894384384155,-0.04385504871606827,0.39114147424697876,0.767717182636261,1.0941792726516724,-0.18004105985164642,0.24443994462490082,0.6698552370071411,1.0971570014953613,0.18106670677661896,0.3578992486000061,0.7424927353858948,1.3386189937591553,-0.18498915433883667,0.03412263095378876,0.6517555117607117,1.33791983127594,0.2972957193851471,0.06292624771595001,0.7516254186630249,1.6191385984420776,0.05680036544799805,0.003041860181838274,0.6650754809379578,1.6302974224090576,0.45887452363967896,0.008128801360726357,0.7695773243904114,1.6645865440368652,0.0653928890824318,0.002436417154967785,0.6731497049331665,1.675130009651184,0.46771588921546936,0.009959799237549305,0.7059690952301025,1.6867547035217285,-0.16041183471679688,0.0028593505267053843,0.633312463760376,1.708343267440796,0.2686348259449005,0.013877561315894127
0.6378181576728821,0.5704825520515442,-0.14022378623485565,0.9985696077346802,0.6561338305473328,0.5420345067977905,-0.15660220384597778,0.9978138208389282,0.6652518510818481,0.5408667922019958,-0.15701015293598175,0.9981728792190552,0.6759656071662903,0.5406259298324585,-0.1572151929140091,0.9985266327857971,0.6406720876693726,0.5476397275924683,-0.10694026947021484,0.9972399473190308,0.6373225450515747,0.5499593615531921,-0.10679473727941513,0.9969695806503296,0.6336660981178284,0.5531680583953857,-0.10695010423660278,0.9967599511146545,0.7030319571495056,0.5558176636695862,-0.14260485768318176,0.9989997148513794,0.6496531367301941,0.569595456123352,0.09754505753517151,0.9970213770866394,0.6593801379203796,0.5963296294212341,-0.12618155777454376,0.998407781124115,0.6352357864379883,0.6026524305343628,-0.05893511325120926,0.9962226152420044,0.7615529298782349,0.6841580271720886,-0.2895173728466034,0.9984142780303955,0.6380072236061096,0.7139043807983398,0.26653605699539185,0.996098518371582,0.7453991174697876,0.875808596611023,-0.4532248377799988,0.9430362582206726,0.5911080241203308,0.7253944873809814,0.2517527639865875,0.8952329754829407,0.63853919506073,0.9237773418426514,-0.35358089208602905,0.8118146657943726,0.6823878884315491,0.6404442191123962,0.221095472574234,0.597873866558075,0.6138619184494019,0.9438768029212952,-0.3915063738822937,0.6520957350730896,0.7105528116226196,0.6326219439506531,0.2214043140411377,0.36595436930656433,0.6111273765563965,0.9255034923553467,-0.37231144309043884,0.6619663834571838,0.7187338471412659,0.6295824646949768,0.24800536036491394,0.35486385226249695,0.6242245435714722,0.9176065921783447,-0.34049901366233826,0.6454580426216125,0.7088238000869751,0.6326451897621155,0.22339296340942383,0.38694289326667786,0.767691969871521,1.0937325954437256,-0.1871403604745865,0.2538091540336609,0.6685453653335571,1.0971049070358276,0.18825671076774597,0.3635287582874298,0.7441030144691467,1.3418186902999878,-0.17795169353485107,0.03290596976876259,0.6518696546554565,1.3410630226135254,0.2953195571899414,0.060485370457172394,0.7517086267471313,1.6193867921829224,0.0674852803349495,0.0028975773602724075,0.670636773109436,1.6312319040298462,0.4431605339050293,0.007654768880456686,0.7709298729896545,1.6658743619918823,0.077926404774189,0.0023000396322458982,0.6793221235275269,1.6763051748275757,0.45090022683143616,0.009609395638108253,0.7077693939208984,1.6895473003387451,-0.14068128168582916,0.0026993320789188147,0.6407400369644165,1.7106592655181885,0.25612184405326843,0.013158359564840794
0.6371263265609741,0.5704802870750427,-0.13009411096572876,0.9986676573753357,0.6549325585365295,0.5420231223106384,-0.1502622663974762,0.9979729056358337,0.6640006899833679,0.5408589243888855,-0.15062746405601501,0.998313844203949,0.6743402481079102,0.5405890345573425,-0.15084001421928406,0.998635470867157,0.6388861536979675,0.547722578048706,-0.09721575677394867,0.9974335432052612,0.6352037787437439,0.5500991940498352,-0.09716226160526276,0.9971814155578613,0.6311323046684265,0.5533832311630249,-0.09730212390422821,0.9969472885131836,0.7007050514221191,0.5544912219047546,-0.13003642857074738,0.9990831017494202,0.6453909277915955,0.5695630311965942,0.09798221290111542,0.9972248673439026,0.6589492559432983,0.5962192416191101,-0.12257697433233261,0.998515248298645,0.633533239364624,0.6026709079742432,-0.05266866832971573,0.9964184761047363,0.7580188512802124,0.6821280717849731,-0.2732512950897217,0.9985511302947998,0.637952446937561,0.7125167846679688,0.2723379135131836,0.9961843490600586,0.7412756681442261,0.8731719851493835,-0.44267964363098145,0.9463109374046326,0.5820069909095764,0.7019739151000977,0.21716389060020447,0.8939357399940491,0.6387255191802979,0.9245054125785828,-0.3603340983390808,0.8219947814941406,0.6825153231620789,0.6362823247909546,0.1538272649049759,0.602302074432373,0.6162382960319519,0.9470268487930298,-0.3992583751678467,0.6694369316101074,0.7106277346611023,0.6264117956161499,0.14741823077201843,0.3699807822704315,0.6146872043609619,0.931321918964386,-0.38468998670578003,0.6792891621589661,0.7190927863121033,0.6230623722076416,0.1754606068134308,0.3594335615634918,0.6242544054985046,0.9210862517356873,-0.3490768074989319,0.661085307598114,0.709073007106781,0.6284071207046509,0.1560705602169037,0.3912273049354553,0.7602180242538452,1.0909028053283691,-0.1869935244321823,0.2779766023159027,0.6677497625350952,1.095452070236206,0.1878322958946228,0.3884967863559723,0.7330689430236816,1.319422960281372,-0.19098590314388275,0.03819927200675011,0.651969850063324,1.3223851919174194,0.2638930082321167,0.06726245582103729,0.7468888163566589,1.598388910293579,0.040541213005781174,0.00342951575294137,0.6689797639846802,1.6100488901138306,0.3883156180381775,0.008511995896697044,0.7681822776794434,1.6461015939712524,0.05086783319711685,0.002681736135855317,0.677618145942688,1.656358003616333,0.3958395719528198,0.011111094616353512,0.6973431706428528,1.6605077981948853,-0.1460782140493393,0.0031013661064207554,0.629824697971344,1.6811515092849731,0.19676481187343597,0.014225834980607033
0.6347061395645142,0.5705564618110657,-0.1291700154542923,0.9987894296646118,0.6516251564025879,0.5420243740081787,-0.14950887858867645,0.9981611371040344,0.6600488424301147,0.5408468246459961,-0.1498757004737854,0.9984713792800903,0.670042872428894,0.5405322909355164,-0.15009064972400665,0.9987626671791077,0.6363383531570435,0.5477402210235596,-0.09584186226129532,0.9976701736450195,0.6327091455459595,0.5501068234443665,-0.09574595093727112,0.9974392056465149,0.6285494565963745,0.5533949732780457,-0.09588950127363205,0.9972191452980042,0.6987358331680298,0.5533631443977356,-0.12269295752048492,0.9991711378097534,0.6414378881454468,0.5691673159599304,0.1038525328040123,0.9974748492240906,0.6562618017196655,0.5962040424346924,-0.12196777760982513,0.9986535310745239,0.6312109231948853,0.6026710271835327,-0.05151784420013428,0.9967319369316101,0.7575500011444092,0.6809754967689514,-0.2633343040943146,0.9986865520477295,0.6377063393592834,0.7115346789360046,0.2769610583782196,0.996437132358551,0.7419424057006836,0.8758078217506409,-0.4265155792236328,0.9502277970314026,0.5753746032714844,0.6975050568580627,0.1119127869606018,0.897263765335083,0.6394032835960388,0.9247342348098755,-0.328430712223053,0.8327251672744751,0.6822803020477295,0.6356869339942932,-0.16224834322929382,0.6147365570068359,0.6177776455879211,0.9476115703582764,-0.36886292695999146,0.6848645210266113,0.7108383178710938,0.6263914704322815,-0.19756564497947693,0.38075679540634155,0.6183671355247498,0.9320833683013916,-0.3580317497253418,0.6945451498031616,0.7184170484542847,0.6230732798576355,-0.16356822848320007,0.3699159622192383,0.6254421472549438,0.923723042011261,-0.31654179096221924,0.6763650178909302,0.7088713645935059,0.6279274225234985,-0.163558691740036,0.4027835428714752,0.7608917355537415,1.0873035192489624,-0.18257614970207214,0.28318318724632263,0.6670511960983276,1.092646837234497,0.18356043100357056,0.39062178134918213,0.7365153431892395,1.3251591920852661,-0.19781187176704407,0.037030842155218124,0.651369571685791,1.3272370100021362,0.265231192111969,0.06465742737054825,0.7470147013664246,1.6040096282958984,0.018530216068029404,0.0032246208284050226,0.670220136642456,1.6152822971343994,0.37890762090682983,0.007965778931975365,0.769005537033081,1.6505836248397827,0.024487879127264023,0.002494513988494873,0.6794132590293884,1.6611493825912476,0.3831653594970703,0.010528857819736004,0.699941873550415,1.669911503791809,-0.1986841857433319,0.002908119698986411,0.6351224780082703,1.689730167388916,0.18549427390098572,0.013484379276633263
0.6343788504600525,0.5708386898040771,-0.10396935045719147,0.9988808035850525,0.650918185710907,0.5420169830322266,-0.12385936081409454,0.9982969760894775,0.659077525138855,0.5408006310462952,-0.12410421669483185,0.998591959476471,0.6686608195304871,0.5403799414634705,-0.12427236884832382,0.9988548159599304,0.6360540390014648,0.5477640628814697,-0.07273528724908829,0.9978460669517517,0.6325716972351074,0.5501130223274231,-0.07273612916469574,0.9976347088813782,0.62860107421875,0.5533977746963501,-0.07288844883441925,0.9974089860916138,0.6972264647483826,0.5521770715713501,-0.11748125404119492,0.9992390275001526,0.6417115330696106,0.5678730010986328,0.11017543077468872,0.9976597428321838,0.6560108065605164,0.596201479434967,-0.09812136739492416,0.9987313747406006,0.6315520405769348,0.6026194095611572,-0.03107452765107155,0.9969050884246826,0.7529604434967041,0.6783277988433838,-0.25286856293678284,0.998790979385376,0.6420897245407104,0.7087941765785217,0.28856924176216125,0.9965265989303589,0.7283610701560974,0.8558456897735596,-0.4194931983947754,0.9521320462226868,0.5752097368240356,0.6979600787162781,0.2435940057039261,0.888320803642273,0.6390171051025391,0.9239622354507446,-0.32003074884414673,0.8310781717300415,0.6825109720230103,0.6355733871459961,0.18459965288639069,0.5998772978782654,0.6177283525466919,0.9450183510780334,-0.35867345333099365,0.6868019700050354,0.7111491560935974,0.6261961460113525,0.17845489084720612,0.3727569878101349,0.6180011034011841,0.9308732748031616,-0.35406216979026794,0.6977447867393494,0.7183759212493896,0.6230517029762268,0.2060837298631668,0.3636827766895294,0.625877857208252,0.9223512411117554,-0.3104081451892853,0.675862729549408,0.7090595364570618,0.6276957392692566,0.18648725748062134,0.3948800563812256,0.7579472064971924,1.0869367122650146,-0.1843428611755371,0.2850227653980255,0.6686241626739502,1.0908547639846802,0.18516026437282562,0.39552876353263855,0.7249557375907898,1.307282567024231,-0.20014353096485138,0.05138121917843819,0.6543310880661011,1.3149688243865967,0.23083312809467316,0.07803107798099518,0.7385060787200928,1.5925161838531494,-0.002475630957633257,0.004721757490187883,0.667101263999939,1.5983994007110596,0.27399855852127075,0.009396575391292572,0.7619182467460632,1.6427669525146484,0.004438907839357853,0.003968993667513132,0.6779593229293823,1.6462018489837646,0.27038079500198364,0.013693704269826412,0.6828569173812866,1.6485379934310913,-0.1902444064617157,0.004132593981921673,0.6131024956703186,1.662253737449646,0.1134028434753418,0.014833149500191212
0.633632242679596,0.5710028409957886,-0.10946700721979141,0.9989532232284546,0.6497944593429565,0.5420493483543396,-0.1262957602739334,0.9984093904495239,0.6578720211982727,0.5407891869544983,-0.12655556201934814,0.9986933469772339,0.6673352122306824,0.5403546094894409,-0.12673714756965637,0.9989330768585205,0.635214626789093,0.5478488802909851,-0.07776345312595367,0.9979922771453857,0.6318584680557251,0.5501587390899658,-0.07775508612394333,0.9977945685386658,0.6280248165130615,0.5534066557884216,-0.077924445271492,0.9975565671920776,0.6961120963096619,0.5512384176254272,-0.1157308965921402,0.9992987513542175,0.6414710879325867,0.5668856501579285,0.10779567807912827,0.9978169202804565,0.6555714011192322,0.596198320388794,-0.09954091906547546,0.9987971186637878,0.6314635276794434,0.6026028394699097,-0.035944100469350815,0.9970516562461853,0.7519708275794983,0.6769062876701355,-0.24925930798053741,0.9988870024681091,0.6426270604133606,0.7064694762229919,0.2795869708061218,0.9966415762901306,0.7296628355979919,0.862136960029602,-0.41471371054649353,0.954664409160614,0.5711206793785095,0.6857049465179443,0.24445950984954834,0.8847017288208008,0.6391155123710632,0.9261353611946106,-0.322628915309906,0.8318661451339722,0.6826979517936707,0.6344524025917053,0.21785227954387665,0.5884100198745728,0.6178345680236816,0.9475224614143372,-0.35990452766418457,0.6906623840332031,0.7113809585571289,0.6233900189399719,0.21373137831687927,0.3632296025753021,0.6179958581924438,0.9321295022964478,-0.35377997159957886,0.7024943828582764,0.7184766530990601,0.6209071278572083,0.2442745417356491,0.3551945388317108,0.626987099647522,0.9246970415115356,-0.3142243027687073,0.6775065064430237,0.7091952562332153,0.6268918514251709,0.22160091996192932,0.38564038276672363,0.7558630704879761,1.0825871229171753,-0.18044513463974,0.31181594729423523,0.6693083047866821,1.0856399536132812,0.1812053918838501,0.42447516322135925,0.7191104292869568,1.3065747022628784,-0.1947956383228302,0.06841491907835007,0.653946578502655,1.3111907243728638,0.21202382445335388,0.09626976400613785,0.7288282513618469,1.5873671770095825,0.006125567015260458,0.006834672298282385,0.65987628698349,1.5952228307724,0.25075629353523254,0.01244516484439373,0.7513459920883179,1.6377508640289307,0.014100365340709686,0.006186796352267265,0.6720198392868042,1.6438393592834473,0.2463875561952591,0.018213685601949692,0.6689289808273315,1.6420953273773193,-0.17255952954292297,0.005782732740044594,0.5993210077285767,1.6554055213928223,0.08778361976146698,0.016995687037706375
0.6330784559249878,0.5716572999954224,-0.10246437788009644,0.9990231394767761,0.6492408514022827,0.5422741174697876,-0.1203354224562645,0.9985165596008301,0.6574696898460388,0.5409037470817566,-0.12057843059301376,0.998788595199585,0.6669927835464478,0.5403879284858704,-0.12077014148235321,0.9990076422691345,0.6345162987709045,0.5481874346733093,-0.07161985337734222,0.9981292486190796,0.6311455965042114,0.5504695177078247,-0.07163385301828384,0.9979419112205505,0.627332866191864,0.5536667108535767,-0.07178089022636414,0.9976963996887207,0.6955792903900146,0.5509834289550781,-0.11456900835037231,0.9993534684181213,0.6405652761459351,0.5668322443962097,0.10771379619836807,0.9979732036590576,0.6553693413734436,0.5964748859405518,-0.09425391256809235,0.9988557696342468,0.6312530040740967,0.6028822660446167,-0.030698532238602638,0.9971886277198792,0.7503587007522583,0.6765114068984985,-0.250470370054245,0.9989748001098633,0.6441482305526733,0.7059553861618042,0.2882358431816101,0.9967210292816162,0.7251237034797668,0.8652410507202148,-0.4140445291996002,0.9560522437095642,0.5705711841583252,0.6822011470794678,0.35215073823928833,0.8811903595924377,0.638367772102356,0.926219642162323,-0.32083410024642944,0.834523618221283,0.6826993227005005,0.6335445642471313,0.4555501341819763,0.5797228813171387,0.6188330054283142,0.9498608112335205,-0.3574059307575226,0.6985610723495483,0.7107833027839661,0.6194053292274475,0.46846872568130493,0.3567136228084564,0.6179337501525879,0.9310671091079712,-0.3515380024909973,0.7110020518302917,0.7179871797561646,0.6198332905769348,0.4929094910621643,0.3500148057937622,0.6274971961975098,0.9241148829460144,-0.3135743737220764,0.6839616894721985,0.7084094285964966,0.6256057620048523,0.4596427381038666,0.3797436058521271,0.7512166500091553,1.082517385482788,-0.1836790293455124,0.3255842328071594,0.6689021587371826,1.0858129262924194,0.18441353738307953,0.4397315979003906,0.7126489281654358,1.301252841949463,-0.1920279711484909,0.0744292363524437,0.6525524854660034,1.3059639930725098,0.21385905146598816,0.10493297129869461,0.7240782976150513,1.5825245380401611,0.011914415284991264,0.007369571831077337,0.6565495729446411,1.5900232791900635,0.26992711424827576,0.01320205070078373,0.7473589181900024,1.6335654258728027,0.020764654502272606,0.0070100524462759495,0.6692843437194824,1.638694405555725,0.26726070046424866,0.019457656890153885,0.663371205329895,1.6370817422866821,-0.15349450707435608,0.006377578712999821,0.5949660539627075,1.6513099670410156,0.10224828869104385,0.017415760084986687
0.6334163546562195,0.5717455744743347,-0.08170724660158157,0.9990923404693604,0.6494807004928589,0.5423201322555542,-0.09900277107954025,0.9986188411712646,0.6577223539352417,0.5409452319145203,-0.0992116779088974,0.9988784193992615,0.6671347618103027,0.5404250025749207,-0.09938661009073257,0.999077558517456,0.6348294615745544,0.5481932759284973,-0.05071001127362251,0.998268187046051,0.6314343214035034,0.5504728555679321,-0.050738442689180374,0.9980905652046204,0.6275771260261536,0.553642988204956,-0.050820689648389816,0.9978439211845398,0.6949687600135803,0.5509817600250244,-0.09904977679252625,0.9994008541107178,0.6407132744789124,0.5662891864776611,0.12039802968502045,0.9981250762939453,0.655610203742981,0.5969337821006775,-0.0745658278465271,0.9988836646080017,0.6318812966346741,0.6030257344245911,-0.01234907191246748,0.9972997903823853,0.7444463968276978,0.6761993169784546,-0.2494548112154007,0.9990231394767761,0.6458483934402466,0.7020467519760132,0.2937748432159424,0.9967273473739624,0.698576807975769,0.8182795643806458,-0.40113791823387146,0.9536269307136536,0.5690685510635376,0.6789232492446899,0.2738272249698639,0.8664617538452148,0.6391316652297974,0.8974542021751404,-0.3206518888473511,0.8291820287704468,0.6827601194381714,0.6333007216453552,0.24050505459308624,0.5707165598869324,0.6290322542190552,0.9292372465133667,-0.35606032609939575,0.6995325684547424,0.7109131813049316,0.6196966171264648,0.2565184235572815,0.3577303886413574,0.6283999681472778,0.916335940361023,-0.3507871627807617,0.7131290435791016,0.7180560827255249,0.6199585199356079,0.269521027803421,0.35301393270492554,0.6331380009651184,0.9104346632957458,-0.3135622441768646,0.6842636466026306,0.7084914445877075,0.6256082057952881,0.24127718806266785,0.3811187744140625,0.7474687695503235,1.0771123170852661,-0.184809148311615,0.33011937141418457,0.6757206320762634,1.0761401653289795,0.18542437255382538,0.4572962820529938,0.6890692710876465,1.1718418598175049,-0.21681955456733704,0.0825587809085846,0.6434093713760376,1.1608061790466309,0.1792200803756714,0.11224612593650818,0.7043160200119019,1.4522500038146973,-0.01612437702715397,0.008877738378942013,0.6492374539375305,1.4495341777801514,0.24095669388771057,0.014542491175234318,0.7302195429801941,1.5059893131256104,-0.0032410521525889635,0.011189238168299198,0.6651118993759155,1.5006436109542847,0.23980209231376648,0.02331099845468998,0.6400142312049866,1.4977188110351562,-0.12758825719356537,0.008933274075388908,0.570724606513977,1.5035568475723267,0.11936937272548676,0.01929345168173313
0.633597731590271,0.5717807412147522,-0.07525206357240677,0.999169111251831,0.6497772932052612,0.5423433780670166,-0.09168152511119843,0.9987345337867737,0.658021092414856,0.5409717559814453,-0.09186577796936035,0.9989750981330872,0.667399525642395,0.5404417514801025,-0.09201876819133759,0.999154806137085,0.6350269913673401,0.5481663346290588,-0.04408954083919525,0.9984174966812134,0.6315663456916809,0.5503968000411987,-0.04411568492650986,0.9982535243034363,0.6276222467422485,0.5534772872924805,-0.044174790382385254,0.9980183839797974,0.694965660572052,0.5509434342384338,-0.08825630694627762,0.999453067779541,0.6413007974624634,0.5658178329467773,0.1264512687921524,0.9982895851135254,0.6558190584182739,0.5972925424575806,-0.06693633645772934,0.9989569187164307,0.6326555013656616,0.6030501127243042,-0.005991717800498009,0.9974939227104187,0.7440942525863647,0.6762936115264893,-0.24048340320587158,0.9990914463996887,0.6467980742454529,0.6964921355247498,0.2915682792663574,0.9968573451042175,0.7003595232963562,0.8141968846321106,-0.3958432078361511,0.9534947276115417,0.5690962076187134,0.6757861971855164,0.18004411458969116,0.8538869023323059,0.6408383250236511,0.8941935896873474,-0.3285065293312073,0.8296419978141785,0.6828317642211914,0.6333981156349182,0.012178492732346058,0.5658357739448547,0.6331964731216431,0.9264360070228577,-0.36345988512039185,0.7064319252967834,0.7109421491622925,0.6203470230102539,-0.0007830873364582658,0.3621520698070526,0.6283318996429443,0.916618287563324,-0.359139621257782,0.7206658720970154,0.7180871367454529,0.6213043928146362,0.02862558886408806,0.35914796590805054,0.6357077360153198,0.9084862470626831,-0.3216843008995056,0.6905531883239746,0.7087580561637878,0.626033365726471,0.014336208812892437,0.38591116666793823,0.7430884838104248,1.0738999843597412,-0.18378260731697083,0.3456861674785614,0.6781455278396606,1.0724880695343018,0.18437574803829193,0.4817225933074951,0.6810315847396851,1.1369895935058594,-0.2249305248260498,0.09646225720643997,0.6367515325546265,1.1432650089263916,0.16489189863204956,0.1179686039686203,0.6890684962272644,1.4196019172668457,-0.034165091812610626,0.010914613492786884,0.6376581788063049,1.4266084432601929,0.2216964066028595,0.01536820363253355,0.7148099541664124,1.475075364112854,-0.021258186548948288,0.0161922387778759,0.6540787220001221,1.4787921905517578,0.2203865349292755,0.02604089118540287,0.6197186708450317,1.4622383117675781,-0.12821583449840546,0.012121184729039669,0.5529413819313049,1.4749069213867188,0.12065430730581284,0.020808963105082512
0.6337777376174927,0.5722590684890747,-0.07859443873167038,0.9992300271987915,0.6496062278747559,0.5430104732513428,-0.09509745985269547,0.9988265633583069,0.6576055288314819,0.5415652394294739,-0.09530146420001984,0.9990538954734802,0.6667033433914185,0.5408682227134705,-0.09547929465770721,0.9992175102233887,0.6351834535598755,0.5484939813613892,-0.04746914282441139,0.9985407590866089,0.6317514777183533,0.5505645275115967,-0.04748450964689255,0.9983844757080078,0.6278058886528015,0.5534954071044922,-0.04756209999322891,0.9981539845466614,0.6945199370384216,0.5510037541389465,-0.09011799097061157,0.999494731426239,0.6420265436172485,0.5651687979698181,0.12324526160955429,0.998425304889679,0.6559039354324341,0.5984304547309875,-0.07063180953264236,0.9990032911300659,0.6341199278831482,0.6033157110214233,-0.009644242003560066,0.9976414442062378,0.7437167763710022,0.6763635277748108,-0.24132852256298065,0.9991399049758911,0.6516839861869812,0.6968174576759338,0.29879283905029297,0.9969357848167419,0.6992765069007874,0.8214648962020874,-0.39445337653160095,0.9531288743019104,0.5689372420310974,0.6756534576416016,0.311324805021286,0.8398053646087646,0.6408437490463257,0.8976436257362366,-0.3337213397026062,0.8278360962867737,0.6819819211959839,0.6343414783477783,0.30980563163757324,0.5525367856025696,0.632117748260498,0.9271331429481506,-0.37050288915634155,0.7104285955429077,0.7093566060066223,0.6220213174819946,0.316398561000824,0.3566133379936218,0.6276549100875854,0.9178122878074646,-0.3704102635383606,0.7258633375167847,0.7164122462272644,0.6225652694702148,0.3356555998325348,0.35513174533843994,0.6353360414505005,0.9113928079605103,-0.329242080450058,0.6938458681106567,0.7070410847663879,0.6271225214004517,0.3108040392398834,0.38118720054626465,0.744937539100647,1.0746047496795654,-0.18560001254081726,0.34302830696105957,0.6834076046943665,1.0733696222305298,0.186220183968544,0.48313429951667786,0.6857569813728333,1.191375970840454,-0.22526030242443085,0.1052817702293396,0.6369500756263733,1.1872812509536743,0.17869450151920319,0.12345818430185318,0.6979306936264038,1.4751067161560059,-0.03667273372411728,0.01218373328447342,0.640409529209137,1.4823046922683716,0.22887542843818665,0.016197239980101585,0.7236071228981018,1.5297843217849731,-0.024646172299981117,0.019940322265028954,0.6543632745742798,1.5343399047851562,0.22504690289497375,0.02773524448275566,0.6309291124343872,1.5184900760650635,-0.13430431485176086,0.014059323817491531,0.5626150369644165,1.536939024925232,0.1136825680732727,0.021775463595986366
0.6339392066001892,0.5730555653572083,-0.08252023160457611,0.9992725253105164,0.6489061713218689,0.5440152883529663,-0.09950332343578339,0.9988905191421509,0.656504213809967,0.5422766804695129,-0.09971947222948074,0.9991121888160706,0.665134608745575,0.5412482619285583,-0.09990749508142471,0.9992628693580627,0.6349747180938721,0.5496378540992737,-0.052648089826107025,0.9986323118209839,0.6316448450088501,0.5515421628952026,-0.05266305059194565,0.9984775185585022,0.6278742551803589,0.5541252493858337,-0.05276387929916382,0.9982450008392334,0.6931018829345703,0.5509700775146484,-0.09665762633085251,0.9995242953300476,0.6424981355667114,0.5650312304496765,0.11423544585704803,0.9985305666923523,0.6560176610946655,0.5987457633018494,-0.07468307763338089,0.9990153908729553,0.63450026512146,0.6036850214004517,-0.01442523580044508,0.9977183938026428,0.7425782680511475,0.6765533685684204,-0.2457617074251175,0.9991718530654907,0.653059184551239,0.6969127655029297,0.2945902943611145,0.9969885945320129,0.697212815284729,0.8195198774337769,-0.3768118619918823,0.9517046213150024,0.5849289894104004,0.6779235005378723,0.3985866904258728,0.8275220990180969,0.642180323600769,0.8986170887947083,-0.297862708568573,0.8195515275001526,0.6802934408187866,0.6345691680908203,0.5169459581375122,0.5354927778244019,0.6350223422050476,0.9281129240989685,-0.3288781940937042,0.706895649433136,0.7064599394798279,0.623400866985321,0.5367299318313599,0.3474961817264557,0.6335864067077637,0.9179073572158813,-0.336995005607605,0.7234964370727539,0.7126333713531494,0.6240866780281067,0.5522611737251282,0.34735244512557983,0.638461709022522,0.911509096622467,-0.2963637709617615,0.6902943849563599,0.704267144203186,0.6300316452980042,0.5188363790512085,0.373187780380249,0.746224045753479,1.07439124584198,-0.18715979158878326,0.3512788414955139,0.6882519721984863,1.0735411643981934,0.1877473145723343,0.49653053283691406,0.6881922483444214,1.1943684816360474,-0.2231694757938385,0.11803212761878967,0.638545572757721,1.2006925344467163,0.18424810469150543,0.13566404581069946,0.7042252421379089,1.4808274507522583,-0.037274643778800964,0.015124820172786713,0.6471105217933655,1.4966086149215698,0.23134200274944305,0.019133254885673523,0.7278193235397339,1.5362896919250488,-0.024477021768689156,0.027229689061641693,0.6653469800949097,1.5486575365066528,0.2275271713733673,0.03297555074095726,0.6374064683914185,1.5267149209976196,-0.1331619918346405,0.017973043024539948,0.571381688117981,1.5532567501068115,0.11516125500202179,0.02476130798459053
0.6337087750434875,0.5730943083763123,-0.13649702072143555,0.9993259310722351,0.6482261419296265,0.5441485047340393,-0.14367420971393585,0.9989739060401917,0.6557919979095459,0.5423146486282349,-0.1438719630241394,0.9991815090179443,0.6644173264503479,0.5412424802780151,-0.14407356083393097,0.9993191957473755,0.6341155767440796,0.5499143004417419,-0.10155751556158066,0.9987387657165527,0.6307257413864136,0.5517873167991638,-0.10158741474151611,0.998593270778656,0.6270361542701721,0.5542524456977844,-0.10168181359767914,0.9983677268028259,0.6918619871139526,0.5505655407905579,-0.10576154291629791,0.9995633363723755,0.641169011592865,0.5649893283843994,0.08608861267566681,0.9986420273780823,0.6559087038040161,0.5987370610237122,-0.11669836193323135,0.9990829229354858,0.6344363689422607,0.6036474108695984,-0.06264356523752213,0.997873842716217,0.7432934641838074,0.6766943335533142,-0.24195706844329834,0.9992274641990662,0.6502617001533508,0.697062075138092,0.26175230741500854,0.9971177577972412,0.7182043194770813,0.8484503626823425,-0.3784211277961731,0.9543810486793518,0.5645276308059692,0.6768204569816589,0.23148009181022644,0.8345423340797424,0.6474621891975403,0.9165804386138916,-0.307538241147995,0.8234885931015015,0.675938606262207,0.6340464949607849,0.19209055602550507,0.5397695302963257,0.6341009140014648,0.939350426197052,-0.3425230085849762,0.7125288844108582,0.7036862969398499,0.623495876789093,0.18243220448493958,0.3478579819202423,0.6322771310806274,0.9242933392524719,-0.34953582286834717,0.7295951247215271,0.709383487701416,0.6241099834442139,0.21845558285713196,0.34764283895492554,0.6398817300796509,0.9177895188331604,-0.3069312870502472,0.6949966549873352,0.7008928060531616,0.6298568844795227,0.19687184691429138,0.3735009431838989,0.7477505207061768,1.071363925933838,-0.18068529665470123,0.3592965304851532,0.6880959272384644,1.0713646411895752,0.181117981672287,0.5025284290313721,0.6964930295944214,1.2470722198486328,-0.2212516814470291,0.13322491943836212,0.643208384513855,1.2547810077667236,0.18771712481975555,0.14963550865650177,0.7203172445297241,1.5372263193130493,-0.04568596929311752,0.017110362648963928,0.656643807888031,1.548838496208191,0.2118743658065796,0.021543042734265327,0.7453776597976685,1.5935903787612915,-0.03745019808411598,0.028842251747846603,0.6735075116157532,1.6000912189483643,0.20486772060394287,0.035962168127298355,0.6575939655303955,1.5804485082626343,-0.1951698660850525,0.019031774252653122,0.5865007638931274,1.6029396057128906,0.056829195469617844,0.026214009150862694
0.6338078379631042,0.5730987787246704,-0.16965638101100922,0.9993585348129272,0.6483007669448853,0.5443688631057739,-0.17500242590904236,0.999026894569397,0.6558266878128052,0.5423946380615234,-0.17524486780166626,0.9992260932922363,0.664556622505188,0.5412529706954956,-0.17544366419315338,0.9993577003479004,0.6340576410293579,0.5508995652198792,-0.1351185292005539,0.9988000988960266,0.6305200457572937,0.5530006289482117,-0.1351006180047989,0.9986488223075867,0.6267877221107483,0.5554516911506653,-0.13525782525539398,0.998417854309082,0.6913707852363586,0.5505698919296265,-0.12550951540470123,0.9995930790901184,0.6396270990371704,0.5654718279838562,0.057844072580337524,0.9987021088600159,0.6562608480453491,0.5987499952316284,-0.14751285314559937,0.9991372227668762,0.634449303150177,0.6036731004714966,-0.09558816999197006,0.997987687587738,0.7437282204627991,0.6768830418586731,-0.24228429794311523,0.9992778301239014,0.6421779990196228,0.7004252672195435,0.2451031655073166,0.997182309627533,0.7274659872055054,0.84514319896698,-0.3616677224636078,0.9570406675338745,0.5543020963668823,0.6741505265235901,0.29400089383125305,0.8437454700469971,0.650434136390686,0.9286556243896484,-0.2621362805366516,0.8259134888648987,0.6717468500137329,0.632806122303009,0.3967343270778656,0.5285663604736328,0.6384686231613159,0.9472150802612305,-0.29719340801239014,0.712652862071991,0.7010515928268433,0.6235705614089966,0.40048909187316895,0.3337615430355072,0.6376601457595825,0.9319297075271606,-0.2983226180076599,0.7295548319816589,0.7078511714935303,0.624251127243042,0.4253818094730377,0.333504855632782,0.6428152322769165,0.9263398051261902,-0.25908055901527405,0.6946415901184082,0.6982384324073792,0.6296430230140686,0.3989383578300476,0.3600993752479553,0.7490885257720947,1.0716685056686401,-0.1784677654504776,0.3570883572101593,0.680215060710907,1.0716567039489746,0.17900364100933075,0.4936509430408478,0.7200020551681519,1.300500750541687,-0.21924090385437012,0.134775772690773,0.65003502368927,1.3106377124786377,0.19529512524604797,0.15444062650203705,0.7381767630577087,1.5844885110855103,-0.03495277464389801,0.01733100786805153,0.6633558869361877,1.6008986234664917,0.2175474911928177,0.022747861221432686,0.7593652009963989,1.6370538473129272,-0.025713900104165077,0.027948658913373947,0.676877498626709,1.6510123014450073,0.21170485019683838,0.03831523284316063,0.6891828775405884,1.6375092267990112,-0.20585863292217255,0.018510082736611366,0.6104335784912109,1.6611374616622925,0.06915388256311417,0.02735401690006256
0.6338894367218018,0.5745147466659546,-0.17538776993751526,0.9993305206298828,0.6483702063560486,0.5455288290977478,-0.18453660607337952,0.9990038871765137,0.6559058427810669,0.543262779712677,-0.1847970336675644,0.9992163777351379,0.6647236347198486,0.5418752431869507,-0.18503053486347198,0.9993513822555542,0.634069561958313,0.5525445938110352,-0.1442650705575943,0.9987622499465942,0.6305283308029175,0.554566502571106,-0.14428414404392242,0.9985827207565308,0.6268423795700073,0.5567774176597595,-0.14447441697120667,0.9983026385307312,0.6904318928718567,0.5509393811225891,-0.14379426836967468,0.9996002316474915,0.6394925713539124,0.5658208727836609,0.0403742715716362,0.998664915561676,0.6562924981117249,0.6005982160568237,-0.1554897576570511,0.9991346597671509,0.6344962120056152,0.6053898930549622,-0.1031670942902565,0.9979724884033203,0.7439150810241699,0.6773145198822021,-0.25056225061416626,0.9993101358413696,0.6381043791770935,0.7007043957710266,0.2324177473783493,0.9971487522125244,0.7253314852714539,0.8377830386161804,-0.3642297387123108,0.9585859179496765,0.5516839623451233,0.659820020198822,0.3273185193538666,0.84815514087677,0.6537748575210571,0.9275669455528259,-0.27577510476112366,0.8233786225318909,0.6678664684295654,0.6279504895210266,0.46492084860801697,0.5079296231269836,0.6394566297531128,0.9481039643287659,-0.3117445409297943,0.7085743546485901,0.6988152265548706,0.6229668855667114,0.47448477149009705,0.31591129302978516,0.6362742781639099,0.9328587651252747,-0.31182870268821716,0.7255642414093018,0.7053378820419312,0.6236376166343689,0.4920310974121094,0.3157755136489868,0.6442850828170776,0.927012026309967,-0.2724164128303528,0.6897557377815247,0.6958943009376526,0.6277526021003723,0.4656393527984619,0.3425931930541992,0.749626100063324,1.0718084573745728,-0.17763514816761017,0.3627730906009674,0.6737319231033325,1.0720101594924927,0.1781982183456421,0.4940268099308014,0.7253056168556213,1.3109301328659058,-0.21423010528087616,0.13807755708694458,0.6525710225105286,1.3207306861877441,0.19953106343746185,0.15852175652980804,0.7407118082046509,1.5911344289779663,-0.030179675668478012,0.01843477599322796,0.6645001173019409,1.604677677154541,0.2288152426481247,0.02440420165657997,0.7615424990653992,1.6439838409423828,-0.020444948226213455,0.0287917647510767,0.6768016219139099,1.6544371843338013,0.22437289357185364,0.0418844111263752,0.6918330192565918,1.6413061618804932,-0.19752594828605652,0.01851467415690422,0.6140332221984863,1.661594271659851,0.07902172207832336,0.028164872899651527
0.6360410451889038,0.5738955140113831,-0.20790739357471466,0.9990890622138977,0.6493659019470215,0.5454953908920288,-0.21354925632476807,0.998765230178833,0.6570543646812439,0.5431596636772156,-0.21382327377796173,0.9990621209144592,0.6654977798461914,0.5416871309280396,-0.21409571170806885,0.9992228150367737,0.6342823505401611,0.5525356531143188,-0.17787370085716248,0.9984281659126282,0.630644679069519,0.5545580983161926,-0.17796111106872559,0.99814373254776,0.6269335746765137,0.5567722320556641,-0.17818306386470795,0.9976575374603271,0.6901745200157166,0.550751805305481,-0.16156801581382751,0.9995505809783936,0.6391897797584534,0.5657175183296204,-0.00033545074984431267,0.9982756972312927,0.6582961082458496,0.5997181534767151,-0.18390920758247375,0.9989791512489319,0.63623046875,0.6045000553131104,-0.1381687968969345,0.9976426362991333,0.7414490580558777,0.6773625612258911,-0.25705787539482117,0.9993137121200562,0.6373968720436096,0.6990786790847778,0.19523414969444275,0.996694803237915,0.7252208590507507,0.8288545608520508,-0.3706539273262024,0.9600852727890015,0.5528479814529419,0.6527610421180725,0.30403321981430054,0.8388656377792358,0.6652207970619202,0.9178828597068787,-0.3435296416282654,0.8226997256278992,0.6666448712348938,0.6237298250198364,0.411355584859848,0.4822148084640503,0.6550166010856628,0.9479516744613647,-0.3858218789100647,0.7096549868583679,0.6974102854728699,0.6222100853919983,0.42058247327804565,0.297895222902298,0.6397590637207031,0.9326171875,-0.39219027757644653,0.7269311547279358,0.7039927244186401,0.6230318546295166,0.43462690711021423,0.2978096008300781,0.6462207436561584,0.9263816475868225,-0.3434416949748993,0.689155101776123,0.6946986317634583,0.6256802082061768,0.41149410605430603,0.3240443468093872,0.7500492334365845,1.0694770812988281,-0.16426649689674377,0.38375720381736755,0.6735244989395142,1.0715221166610718,0.16476356983184814,0.5045084357261658,0.7326021790504456,1.3012783527374268,-0.18720528483390808,0.16146154701709747,0.6573053002357483,1.3138024806976318,0.18875552713871002,0.17438791692256927,0.7433723211288452,1.581617832183838,-0.007955688051879406,0.02765396237373352,0.6710631847381592,1.596602201461792,0.2292008101940155,0.032365139573812485,0.7633803486824036,1.6349447965621948,0.002130362903699279,0.04437713325023651,0.683192789554596,1.6461294889450073,0.22548098862171173,0.05467367544770241,0.6952818632125854,1.6312785148620605,-0.16492392122745514,0.023185934871435165,0.6225951910018921,1.6523903608322144,0.06890685111284256,0.03170536458492279
0.636509358882904,0.5734784603118896,-0.21535439789295197,0.9989443421363831,0.649442195892334,0.5454729199409485,-0.22153756022453308,0.9986310601234436,0.6571757197380066,0.543060302734375,-0.2218104600906372,0.9989789724349976,0.6655266880989075,0.5414924025535583,-0.2220815122127533,0.9991536140441895,0.6343222260475159,0.5525488257408142,-0.18545711040496826,0.9982350468635559,0.6306720972061157,0.5545729398727417,-0.18554791808128357,0.997886061668396,0.6269773840904236,0.5567722916603088,-0.18576569855213165,0.9972594976425171,0.6897568702697754,0.5505692958831787,-0.17090508341789246,0.9995282888412476,0.6386181116104126,0.5656684637069702,-0.007848160341382027,0.9980636835098267,0.6588077545166016,0.5989653468132019,-0.19205015897750854,0.9989113807678223,0.6366738080978394,0.6038187146186829,-0.1457042247056961,0.9974923133850098,0.740766704082489,0.6774500012397766,-0.26353567838668823,0.999329686164856,0.6364392042160034,0.6983510255813599,0.18764106929302216,0.9964132308959961,0.7251707315444946,0.8288781046867371,-0.37628814578056335,0.9616119265556335,0.5548655390739441,0.6502137780189514,0.30868199467658997,0.8324524164199829,0.6670409440994263,0.9156175851821899,-0.35496991872787476,0.8221446871757507,0.6657358407974243,0.6224976181983948,0.44699805974960327,0.4562670588493347,0.6511399149894714,0.9475465416908264,-0.39763689041137695,0.7106644511222839,0.6966729164123535,0.6219964623451233,0.4584605097770691,0.2795678377151489,0.6404281258583069,0.9322158694267273,-0.4042857587337494,0.7282778024673462,0.7031833529472351,0.6228524446487427,0.4698961675167084,0.279546320438385,0.6464999318122864,0.9261576533317566,-0.3549553155899048,0.6885471343994141,0.6941269636154175,0.6257815957069397,0.446533203125,0.3052481710910797,0.7507595419883728,1.0683457851409912,-0.16089963912963867,0.40087178349494934,0.6731928586959839,1.0714737176895142,0.16143213212490082,0.5110055804252625,0.7338345050811768,1.301942229270935,-0.18558603525161743,0.1798246204853058,0.6589635610580444,1.3151021003723145,0.18323639035224915,0.1866896003484726,0.7443567514419556,1.5824830532073975,-0.007655905093997717,0.03449727222323418,0.6728553175926208,1.597339391708374,0.22453708946704865,0.03805448114871979,0.7643376588821411,1.636247158050537,0.0021215917076915503,0.054956838488578796,0.6846857666969299,1.646578311920166,0.2206365168094635,0.0644058883190155,0.6969711184501648,1.6309127807617188,-0.16530472040176392,0.026137666776776314,0.6253923177719116,1.6523147821426392,0.05635003373026848,0.03404444456100464
0.6365852952003479,0.5719627141952515,-0.19483356177806854,0.9988971948623657,0.6494943499565125,0.5452111959457397,-0.20224778354167938,0.998600423336029,0.6572202444076538,0.5427849888801575,-0.20250773429870605,0.9989675283432007,0.6656195521354675,0.5412052273750305,-0.2027338296175003,0.9991414546966553,0.6345905065536499,0.5521711707115173,-0.16366764903068542,0.9981967806816101,0.6312142014503479,0.5540262460708618,-0.1637495905160904,0.9978418350219727,0.6278908848762512,0.5559648275375366,-0.1639450192451477,0.997164785861969,0.6899904012680054,0.5505728125572205,-0.16140566766262054,0.9995291829109192,0.6443925499916077,0.5644760727882385,0.012614506296813488,0.9980088472366333,0.6588133573532104,0.596624493598938,-0.17554736137390137,0.998859167098999,0.6370469331741333,0.6016548871994019,-0.1259315013885498,0.9973710179328918,0.7410561442375183,0.6775252819061279,-0.26190000772476196,0.9993107318878174,0.6333093643188477,0.6983482837677002,0.19656316936016083,0.995830237865448,0.7188752293586731,0.8185901045799255,-0.3764069676399231,0.960785984992981,0.5549840927124023,0.6687490344047546,0.30050772428512573,0.8182787299156189,0.6658894419670105,0.9182102084159851,-0.3465561270713806,0.8093865513801575,0.6619845628738403,0.6227719187736511,0.39101192355155945,0.42905110120773315,0.6556684970855713,0.9590310454368591,-0.38763228058815,0.7006783485412598,0.6951406598091125,0.6232110857963562,0.3973759412765503,0.26242491602897644,0.6451300382614136,0.9370251297950745,-0.39436838030815125,0.719971776008606,0.7019041776657104,0.6244500279426575,0.4119657576084137,0.26308342814445496,0.6489012241363525,0.9281549453735352,-0.34644460678100586,0.6784258484840393,0.6887679100036621,0.6564317345619202,0.3904545307159424,0.287770539522171,0.7495385408401489,1.068421721458435,-0.1615716516971588,0.39922523498535156,0.6690572500228882,1.0719826221466064,0.16213864088058472,0.5016932487487793,0.7290452718734741,1.3007479906082153,-0.19741509854793549,0.19389808177947998,0.6549752950668335,1.3138058185577393,0.17493943870067596,0.19534333050251007,0.7360421419143677,1.583945870399475,-0.02990206517279148,0.03942478075623512,0.6651033759117126,1.5996286869049072,0.20389318466186523,0.04142181575298309,0.7548767328262329,1.6389833688735962,-0.022403065115213394,0.06142635643482208,0.6761538982391357,1.6499230861663818,0.19775360822677612,0.06856735050678253,0.6922203898429871,1.6304434537887573,-0.1971217840909958,0.029637960717082024,0.6197078824043274,1.653271198272705,0.02879800833761692,0.036236610263586044
0.6376008987426758,0.5718216300010681,-0.18724894523620605,0.9988862872123718,0.6504122018814087,0.5452526211738586,-0.1940004676580429,0.9986043572425842,0.6579568982124329,0.5428769588470459,-0.19416861236095428,0.9989744424819946,0.665953516960144,0.5413581728935242,-0.1943279206752777,0.9991462230682373,0.636144757270813,0.5521117448806763,-0.1583591252565384,0.998214066028595,0.633239209651947,0.5538286566734314,-0.15860144793987274,0.9978417754173279,0.6302667856216431,0.5555670857429504,-0.15871626138687134,0.9971632957458496,0.6906530261039734,0.5511118173599243,-0.15639455616474152,0.9995351433753967,0.6504920721054077,0.5640652775764465,0.02508864924311638,0.9980401396751404,0.6600006818771362,0.5964673757553101,-0.17427249252796173,0.9987477660179138,0.6396039724349976,0.6008908152580261,-0.12108860164880753,0.9971794486045837,0.741508424282074,0.6775836944580078,-0.26064884662628174,0.9992362260818481,0.6335154175758362,0.6982406377792358,0.21446490287780762,0.9949740767478943,0.7103615403175354,0.8078622221946716,-0.3763117492198944,0.9582955241203308,0.5575505495071411,0.6658971309661865,0.39977845549583435,0.7862611413002014,0.6651114225387573,0.9178709387779236,-0.3425430357456207,0.7957167029380798,0.6500860452651978,0.6209588646888733,0.5605522990226746,0.39568188786506653,0.6537734866142273,0.9573078751564026,-0.3818458914756775,0.6910187005996704,0.6848710775375366,0.6209669709205627,0.5791905522346497,0.24327853322029114,0.6461097002029419,0.9396331906318665,-0.3878106474876404,0.7115325927734375,0.6920155882835388,0.6224900484085083,0.5855321288108826,0.24452733993530273,0.6484370827674866,0.9276389479637146,-0.34247738122940063,0.66929692029953,0.6699863076210022,0.6531903147697449,0.557128369808197,0.267859548330307,0.7487765550613403,1.0701375007629395,-0.16267624497413635,0.39088818430900574,0.669674277305603,1.07345449924469,0.16328221559524536,0.4906986653804779,0.7143163084983826,1.2592405080795288,-0.2095271646976471,0.19532205164432526,0.6508605480194092,1.283732295036316,0.17832030355930328,0.19744671881198883,0.7256375551223755,1.5484133958816528,-0.036048054695129395,0.04120980203151703,0.6605653762817383,1.5691426992416382,0.20743827521800995,0.043296679854393005,0.7475701570510864,1.6052361726760864,-0.02648429572582245,0.06884318590164185,0.6740137934684753,1.619934320449829,0.20093365013599396,0.07154569029808044,0.6757915019989014,1.5954108238220215,-0.18687111139297485,0.03381551057100296,0.6031964421272278,1.6244832277297974,0.047179222106933594,0.038558464497327805
0.6413869261741638,0.5702210664749146,-0.18216127157211304,0.9989211559295654,0.6529184579849243,0.5451136231422424,-0.18918490409851074,0.9986538290977478,0.659613311290741,0.5428498387336731,-0.18937833607196808,0.9990143179893494,0.6666809320449829,0.5413588881492615,-0.18955132365226746,0.9991768598556519,0.6408449411392212,0.5512301325798035,-0.15192526578903198,0.9982918500900269,0.6387516856193542,0.5525943040847778,-0.15208470821380615,0.9979294538497925,0.6362083554267883,0.5539858341217041,-0.15222583711147308,0.997271716594696,0.6912457942962646,0.5512758493423462,-0.15244929492473602,0.9995524287223816,0.6561301946640015,0.5632731914520264,0.022717177867889404,0.9981285333633423,0.6621440052986145,0.5950540900230408,-0.1661398559808731,0.9987238049507141,0.6449105143547058,0.5978666543960571,-0.11534541845321655,0.997183084487915,0.7428301572799683,0.677634596824646,-0.26034143567085266,0.9991999268531799,0.6354488134384155,0.6968353390693665,0.21693506836891174,0.9944280385971069,0.7113549709320068,0.8033707737922668,-0.3722282648086548,0.9572911262512207,0.5574216842651367,0.6667175889015198,0.41188907623291016,0.7639887928962708,0.6682342290878296,0.9151970148086548,-0.3448677062988281,0.7894426584243774,0.6448936462402344,0.6211896538734436,0.581509530544281,0.3668309450149536,0.661234974861145,0.9569137692451477,-0.38430073857307434,0.688321053981781,0.6806218028068542,0.6210283041000366,0.6025329828262329,0.22659127414226532,0.6466301679611206,0.9355352520942688,-0.3936651051044464,0.7097839117050171,0.6883545517921448,0.6232651472091675,0.6106904745101929,0.2283400148153305,0.6492602825164795,0.9262605309486389,-0.3463590741157532,0.6662911772727966,0.6611218452453613,0.6528732776641846,0.5797470808029175,0.2504301369190216,0.7493498921394348,1.0728901624679565,-0.16335798799991608,0.38431504368782043,0.6724013090133667,1.0767390727996826,0.16397897899150848,0.48222610354423523,0.7143424153327942,1.2620800733566284,-0.20910823345184326,0.19822071492671967,0.6519646644592285,1.2834042310714722,0.17237597703933716,0.2007541060447693,0.724331796169281,1.5478652715682983,-0.03912433981895447,0.04352863132953644,0.6590824127197266,1.5666314363479614,0.19555912911891937,0.04584690183401108,0.7463340759277344,1.603929877281189,-0.030255580320954323,0.07624146342277527,0.6723455786705017,1.6176419258117676,0.18839266896247864,0.07617485523223877,0.6718346476554871,1.5935660600662231,-0.18432849645614624,0.037789635360240936,0.5984413623809814,1.6195305585861206,0.04669695347547531,0.04122369736433029
0.6590925455093384,0.5635844469070435,-0.161539226770401,0.9989004135131836,0.6692572832107544,0.5420684218406677,-0.15832895040512085,0.9986551403999329,0.6750228404998779,0.5408685803413391,-0.1584988236427307,0.9990130662918091,0.6809375286102295,0.5402321219444275,-0.1586996614933014,0.9991728067398071,0.6584650278091431,0.5461986660957336,-0.13115578889846802,0.9983141422271729,0.6563544869422913,0.5475654006004333,-0.13129457831382751,0.9979456663131714,0.6535772085189819,0.5490490794181824,-0.13135358691215515,0.9973096251487732,0.6973115801811218,0.5512169599533081,-0.10208599269390106,0.9995322227478027,0.6644933223724365,0.5620926022529602,0.024639716371893883,0.9981721043586731,0.6759539842605591,0.5911885499954224,-0.1370553821325302,0.998585045337677,0.6605390310287476,0.5922392010688782,-0.1017814502120018,0.9970093369483948,0.743009090423584,0.6774779558181763,-0.21082572638988495,0.9990019798278809,0.6381178498268127,0.6952659487724304,0.21830515563488007,0.9935412406921387,0.7090461850166321,0.7965906858444214,-0.35126203298568726,0.9521358013153076,0.581895112991333,0.6675395369529724,0.3983255922794342,0.7420085072517395,0.669968843460083,0.8956805467605591,-0.38161367177963257,0.7757575511932373,0.6482905149459839,0.6197184920310974,0.45811882615089417,0.3544251620769501,0.6667037010192871,0.9300400614738464,-0.42046409845352173,0.6781940460205078,0.6811360120773315,0.6182555556297302,0.47810035943984985,0.22217993438243866,0.6598302721977234,0.9171262383460999,-0.4307641386985779,0.6987512111663818,0.6874063014984131,0.6199150681495667,0.45444726943969727,0.22394181787967682,0.660616934299469,0.911462664604187,-0.3849741816520691,0.6568446755409241,0.66324782371521,0.6409925222396851,0.44847002625465393,0.24483440816402435,0.7494795322418213,1.069399356842041,-0.15723887085914612,0.4094957411289215,0.6893957853317261,1.0710500478744507,0.15768003463745117,0.5072309970855713,0.7136389017105103,1.0662648677825928,-0.20794448256492615,0.21353000402450562,0.6520336866378784,1.1137515306472778,0.14307118952274323,0.2136133462190628,0.6995021104812622,1.3267894983291626,-0.029675807803869247,0.053883228451013565,0.6580619812011719,1.3495008945465088,0.18629546463489532,0.05212622508406639,0.7195087671279907,1.3819129467010498,-0.015342608094215393,0.09744375199079514,0.6723256707191467,1.3963972330093384,0.18407608568668365,0.09093265235424042,0.6383908987045288,1.3565794229507446,-0.08902333676815033,0.047759950160980225,0.5862393975257874,1.3888665437698364,0.08943284302949905,0.04832407832145691
0.6640748381614685,0.5606834292411804,-0.17166317999362946,0.9989538192749023,0.6751374006271362,0.5402807593345642,-0.16752511262893677,0.9987161159515381,0.68143630027771,0.5395065546035767,-0.16772018373012543,0.9990606307983398,0.6877555251121521,0.5392675399780273,-0.16790428757667542,0.9992083311080933,0.6630555987358093,0.5437106490135193,-0.13861209154129028,0.9984054565429688,0.6603389978408813,0.5450499057769775,-0.13874565064907074,0.9980555772781372,0.6574722528457642,0.5464757084846497,-0.13885585963726044,0.9974556565284729,0.7025921940803528,0.5508162975311279,-0.11020906269550323,0.9995496273040771,0.666179358959198,0.5608155727386475,0.027984583750367165,0.9982736706733704,0.6808639764785767,0.589135468006134,-0.1446296125650406,0.9985801577568054,0.6642223000526428,0.5892266631126404,-0.1066904217004776,0.997063398361206,0.7441704869270325,0.676226794719696,-0.21886079013347626,0.9989814162254333,0.642112672328949,0.6938437819480896,0.22614769637584686,0.9933346509933472,0.7091690301895142,0.7940327525138855,-0.3472520112991333,0.9511988162994385,0.5899547338485718,0.6693246960639954,0.38729989528656006,0.732155978679657,0.6688512563705444,0.8950385451316833,-0.37378421425819397,0.7717892527580261,0.6546984910964966,0.6198446750640869,0.5282101631164551,0.3439773917198181,0.6641581654548645,0.9303607940673828,-0.41854166984558105,0.6753582954406738,0.6858543157577515,0.6183775663375854,0.5468002557754517,0.21723100543022156,0.6583389043807983,0.918106198310852,-0.41450387239456177,0.6968509554862976,0.6924907565116882,0.6199936270713806,0.5552699565887451,0.21971191465854645,0.6598277688026428,0.9119266867637634,-0.3774728775024414,0.6545834541320801,0.6655009984970093,0.6407025456428528,0.5282293558120728,0.2394249141216278,0.7522495985031128,1.066564679145813,-0.15800882875919342,0.40679001808166504,0.6886969804763794,1.069561243057251,0.1584998518228531,0.508156955242157,0.7142857313156128,1.0914676189422607,-0.2079741656780243,0.21617648005485535,0.6597313284873962,1.122778058052063,0.1540851593017578,0.21635210514068604,0.7079237699508667,1.369194507598877,-0.02942553535103798,0.05446292832493782,0.6602268218994141,1.4099894762039185,0.19381378591060638,0.05366400629281998,0.7296794652938843,1.4432529211044312,-0.016568835824728012,0.10164228826761246,0.6737982630729675,1.473796010017395,0.1890282928943634,0.0927564799785614,0.6435145735740662,1.371022343635559,-0.11133770644664764,0.04977672919631004,0.5877713561058044,1.402276873588562,0.06977210193872452,0.049748919904232025
0.6695218682289124,0.5584518909454346,-0.16633498668670654,0.998968243598938,0.6807783842086792,0.5385132431983948,-0.15829351544380188,0.998744010925293,0.6872706413269043,0.5380746126174927,-0.15848416090011597,0.9990787506103516,0.6936157941818237,0.5381864905357361,-0.15867476165294647,0.9992244243621826,0.667099118232727,0.5419222712516785,-0.13361214101314545,0.9984521269798279,0.6638688445091248,0.5435009598731995,-0.13374052941799164,0.9980996251106262,0.6603406667709351,0.545158326625824,-0.1338227093219757,0.9975275993347168,0.7063236832618713,0.5506236553192139,-0.09031063318252563,0.9995517134666443,0.6670717597007751,0.5603662729263306,0.030196210369467735,0.9983466863632202,0.6858501434326172,0.5873180031776428,-0.1359860599040985,0.9985268115997314,0.667850136756897,0.5872899293899536,-0.10540749877691269,0.997043251991272,0.7449207305908203,0.6759282946586609,-0.19900672137737274,0.9988918304443359,0.6429287195205688,0.6935377717018127,0.2211637794971466,0.9931617379188538,0.7086750268936157,0.7909107208251953,-0.33970704674720764,0.9478893280029297,0.5977916121482849,0.6655167937278748,0.36447077989578247,0.7286257147789001,0.6708375811576843,0.8903859257698059,-0.3821651339530945,0.7625999450683594,0.6577483415603638,0.6184870004653931,0.4957180917263031,0.33706554770469666,0.6680545806884766,0.9245324730873108,-0.42620283365249634,0.669603168964386,0.6862977743148804,0.6170996427536011,0.5127990245819092,0.21471546590328217,0.6641017198562622,0.9143144488334656,-0.4327048361301422,0.6910126805305481,0.6930190324783325,0.6200951337814331,0.5163879990577698,0.2174440622329712,0.6647084951400757,0.9086447954177856,-0.38627904653549194,0.6499369144439697,0.6696785688400269,0.6390779614448547,0.4939725995063782,0.23645643889904022,0.7525591254234314,1.0639965534210205,-0.15530845522880554,0.4328211545944214,0.6915574073791504,1.0671484470367432,0.1557774692773819,0.5345697999000549,0.7131062150001526,1.0956628322601318,-0.22348496317863464,0.22993046045303345,0.6567369699478149,1.1454885005950928,0.13647344708442688,0.2313963621854782,0.7066802978515625,1.3796426057815552,-0.03770673647522926,0.06198671832680702,0.6587302088737488,1.4203113317489624,0.17974837124347687,0.06003781408071518,0.7280169725418091,1.434667706489563,-0.023721730336546898,0.11894242465496063,0.6735880374908447,1.4708360433578491,0.17651647329330444,0.10410360991954803,0.6481632590293884,1.4241714477539062,-0.11934647709131241,0.05839361995458603,0.5853980183601379,1.4683575630187988,0.06940589100122452,0.05643734335899353
0.6704541444778442,0.5560849905014038,-0.19395287334918976,0.9989591836929321,0.6821677088737488,0.5370990037918091,-0.18479913473129272,0.9987410306930542,0.6886835098266602,0.5369123220443726,-0.18505877256393433,0.9990756511688232,0.6951062679290771,0.5372763276100159,-0.18528437614440918,0.9992223381996155,0.6682833433151245,0.5402501225471497,-0.15867212414741516,0.998462975025177,0.6650511026382446,0.5419130921363831,-0.15879300236701965,0.9981026649475098,0.6616302132606506,0.5436465740203857,-0.15895205736160278,0.9975301027297974,0.7078763246536255,0.55030357837677,-0.09744323790073395,0.9995430111885071,0.6684566140174866,0.5593984723091125,0.017503133043646812,0.9983364343643188,0.6872686743736267,0.5857007503509521,-0.1597503423690796,0.9984503388404846,0.6689151525497437,0.5851221680641174,-0.12674739956855774,0.9969619512557983,0.7462666034698486,0.6760928630828857,-0.205796480178833,0.998844563961029,0.6436893343925476,0.6929236054420471,0.2124597132205963,0.9929013252258301,0.7090036869049072,0.7933666110038757,-0.3605160117149353,0.9453058242797852,0.600810706615448,0.6742395162582397,0.31026339530944824,0.7234290242195129,0.670055091381073,0.8918169736862183,-0.41724881529808044,0.7602606415748596,0.6660610437393188,0.6189178228378296,0.4109412729740143,0.3354246914386749,0.6659165620803833,0.9261419773101807,-0.4671570658683777,0.671002984046936,0.6942685842514038,0.6186888813972473,0.42310968041419983,0.2144172191619873,0.6620723009109497,0.9152238965034485,-0.4759753346443176,0.6932011246681213,0.7007986307144165,0.6210710406303406,0.4302116334438324,0.21751995384693146,0.6628957390785217,0.9093019366264343,-0.42153066396713257,0.6509562730789185,0.6837151050567627,0.639194130897522,0.4097267687320709,0.23576495051383972,0.7582153081893921,1.0642083883285522,-0.1552049070596695,0.4364286959171295,0.6912705898284912,1.0669901371002197,0.15565738081932068,0.5405679941177368,0.7288644313812256,1.1812409162521362,-0.21278464794158936,0.23670420050621033,0.6716520190238953,1.1823056936264038,0.14074154198169708,0.23678460717201233,0.7301321029663086,1.4567104578018188,-0.01791977696120739,0.06382720172405243,0.6702743768692017,1.4731166362762451,0.20296093821525574,0.06230756267905235,0.7506229877471924,1.5088613033294678,-0.005299224518239498,0.12227239459753036,0.6830798387527466,1.525461196899414,0.19914750754833221,0.10580553859472275,0.6769108176231384,1.493810772895813,-0.12729474902153015,0.060080382972955704,0.6030248403549194,1.5180561542510986,0.0723392441868782,0.05764710158109665
0.6696323752403259,0.5552136898040771,-0.20168399810791016,0.9989591836929321,0.6817261576652527,0.5364139080047607,-0.19456537067890167,0.9987468123435974,0.6883608102798462,0.5363050103187561,-0.1948254555463791,0.9990803599357605,0.694877564907074,0.5367828607559204,-0.19504377245903015,0.9992268085479736,0.6677984595298767,0.5394725203514099,-0.1665489375591278,0.9984795451164246,0.6646295785903931,0.5411308407783508,-0.16666868329048157,0.9981144070625305,0.6610992550849915,0.5428777933120728,-0.16684205830097198,0.9975441098213196,0.7084423303604126,0.5500717759132385,-0.10360188782215118,0.9995425343513489,0.6687783598899841,0.5586836338043213,0.011073545552790165,0.9983428120613098,0.6868494749069214,0.5850212574005127,-0.16920384764671326,0.9984123110771179,0.6683734655380249,0.584211528301239,-0.13373811542987823,0.9969322085380554,0.7475024461746216,0.6762017011642456,-0.21349069476127625,0.9988211393356323,0.6436289548873901,0.692568838596344,0.20769187808036804,0.9927484393119812,0.7090566158294678,0.7937613129615784,-0.36857131123542786,0.9438453912734985,0.5978711843490601,0.676400899887085,0.30390018224716187,0.7206231951713562,0.6699120402336121,0.8919236660003662,-0.4086189866065979,0.758600652217865,0.6673775911331177,0.6190219521522522,0.41240134835243225,0.33160629868507385,0.6650105118751526,0.9265008568763733,-0.45697522163391113,0.6722143888473511,0.695980429649353,0.6191170811653137,0.4244386553764343,0.21195700764656067,0.6582435369491577,0.9154882431030273,-0.4666241705417633,0.6951481103897095,0.7043206095695496,0.6216572523117065,0.433748722076416,0.2153780609369278,0.6608293652534485,0.9097487330436707,-0.41266316175460815,0.651910126209259,0.6872302293777466,0.6395978927612305,0.41166210174560547,0.23306311666965485,0.7601763010025024,1.0644416809082031,-0.15509691834449768,0.4381214678287506,0.6904088854789734,1.0672396421432495,0.15555140376091003,0.5440838932991028,0.731942892074585,1.2175780534744263,-0.20720843970775604,0.2408362329006195,0.6731107831001282,1.2170491218566895,0.14554479718208313,0.24114668369293213,0.7354861497879028,1.4946855306625366,-0.011288211680948734,0.06487566977739334,0.6724454164505005,1.5074610710144043,0.21182756125926971,0.06413193047046661,0.7557913064956665,1.547821283340454,0.0005029497551731765,0.12433765828609467,0.6848940849304199,1.5594985485076904,0.20759470760822296,0.10700801014900208,0.6834747195243835,1.532135248184204,-0.13170497119426727,0.061285559087991714,0.6075475215911865,1.5539207458496094,0.07251332700252533,0.058647651225328445
0.6730334162712097,0.554152250289917,-0.19943168759346008,0.9990144371986389,0.6851012706756592,0.5356124043464661,-0.19136051833629608,0.9988175630569458,0.6917014122009277,0.5356978178024292,-0.19161184132099152,0.99913090467453,0.6981618404388428,0.5363694429397583,-0.1918383538722992,0.9992678761482239,0.6709598898887634,0.5384542346000671,-0.16359084844589233,0.9985736012458801,0.6676622629165649,0.5401528477668762,-0.16369763016700745,0.9982271790504456,0.6641849279403687,0.5419418215751648,-0.1638234704732895,0.9976916313171387,0.7102265357971191,0.5499168038368225,-0.10210756212472916,0.9995659589767456,0.6703687906265259,0.5578581094741821,0.014577793888747692,0.9984537363052368,0.6890897750854492,0.5838716626167297,-0.16626447439193726,0.9984748959541321,0.6701716780662537,0.5828987956047058,-0.13134275376796722,0.9970893263816833,0.7485749125480652,0.6765824556350708,-0.21437084674835205,0.9988223910331726,0.6442681550979614,0.6903449892997742,0.2050139605998993,0.9930030703544617,0.7092424631118774,0.7993105053901672,-0.36899304389953613,0.9433753490447998,0.5968412160873413,0.6772127151489258,0.23468522727489471,0.7208667993545532,0.6694793701171875,0.8920196294784546,-0.4202234745025635,0.7598059773445129,0.6696454286575317,0.6182071566581726,0.24902470409870148,0.33888447284698486,0.6641713380813599,0.9237168431282043,-0.4683830738067627,0.6767193675041199,0.6970108151435852,0.6176664233207703,0.2509389817714691,0.21894323825836182,0.6564816832542419,0.9151660203933716,-0.474940687417984,0.6993417739868164,0.7048017382621765,0.6192840933799744,0.2630617320537567,0.22194670140743256,0.6606420278549194,0.9098578691482544,-0.42297688126564026,0.6564038395881653,0.6934548616409302,0.6294432878494263,0.24822643399238586,0.23918041586875916,0.7598716020584106,1.0646215677261353,-0.15313461422920227,0.46940481662750244,0.6927588582038879,1.067171573638916,0.15353265404701233,0.574066698551178,0.7284804582595825,1.1365050077438354,-0.2099321186542511,0.2592785060405731,0.6711893081665039,1.1706355810165405,0.14158889651298523,0.25267693400382996,0.721767783164978,1.419748306274414,-0.012416769750416279,0.07203345000743866,0.6703212857246399,1.4515838623046875,0.2085278034210205,0.06796862930059433,0.7430050373077393,1.4734231233596802,0.00017929766909219325,0.13858181238174438,0.6841769218444824,1.503192663192749,0.20611226558685303,0.11447077244520187,0.663979172706604,1.4617446660995483,-0.10017441213130951,0.06776128709316254,0.5944257974624634,1.5003994703292847,0.09006790816783905,0.06212849169969559
0.6832611560821533,0.5543135404586792,-0.19015999138355255,0.9987983107566833,0.6924136281013489,0.5355166792869568,-0.16865326464176178,0.9985843300819397,0.6986638307571411,0.5356175899505615,-0.16881206631660461,0.9989433288574219,0.7047196626663208,0.5362895131111145,-0.16897934675216675,0.9991055130958557,0.6780275702476501,0.5381953120231628,-0.15903177857398987,0.9983435869216919,0.6743617653846741,0.5398378968238831,-0.15912184119224548,0.9979598522186279,0.6708279848098755,0.5415911078453064,-0.1592179536819458,0.9974154233932495,0.7138659954071045,0.5496312379837036,-0.05488577485084534,0.9993942379951477,0.6739209890365601,0.5567598342895508,0.015062583610415459,0.9982096552848816,0.6984149813652039,0.5834461450576782,-0.14271315932273865,0.9979152679443359,0.6792083382606506,0.5828573703765869,-0.129165381193161,0.9963960647583008,0.7494111061096191,0.6765156984329224,-0.14559945464134216,0.998139500617981,0.6487888693809509,0.6883524656295776,0.14899982511997223,0.9921577572822571,0.7118485569953918,0.7728583216667175,-0.30154845118522644,0.9247854351997375,0.6122204065322876,0.6770318746566772,0.04042557254433632,0.7048532366752625,0.691053569316864,0.8308964371681213,-0.3590925931930542,0.7269683480262756,0.6776314973831177,0.6141950488090515,-0.06203482300043106,0.342485249042511,0.6947256326675415,0.8517277240753174,-0.39538925886154175,0.6498904228210449,0.7021862268447876,0.617163896560669,-0.07511954009532928,0.22896017134189606,0.6916866302490234,0.8433963656425476,-0.3964080810546875,0.6716164946556091,0.7088088393211365,0.6188346743583679,-0.06101781129837036,0.2313843071460724,0.690653920173645,0.8419150114059448,-0.36084073781967163,0.6337369084358215,0.7014985680580139,0.6223782300949097,-0.062085460871458054,0.24802179634571075,0.7621335387229919,1.0495139360427856,-0.1262747347354889,0.49549388885498047,0.6988253593444824,1.0550973415374756,0.12640614807605743,0.5974645614624023,0.7398806810379028,1.0050768852233887,-0.2035495489835739,0.2698649764060974,0.6703341603279114,1.068983793258667,0.0931108370423317,0.25835180282592773,0.7234469056129456,1.2336210012435913,-0.02523736283183098,0.08194331079721451,0.6800971031188965,1.2706706523895264,0.15193894505500793,0.07176031917333603,0.7431331276893616,1.2793878316879272,-0.011927580460906029,0.15103943645954132,0.6951406002044678,1.3067551851272583,0.15486964583396912,0.12257534265518188,0.6676161885261536,1.2700189352035522,-0.08672651648521423,0.076933354139328,0.6167643070220947,1.314940333366394,0.08807831257581711,0.06707403063774109
0.6884012222290039,0.5540857315063477,-0.13213536143302917,0.9988080263137817,0.696037769317627,0.5349180698394775,-0.11722876131534576,0.9986045360565186,0.7019462585449219,0.5351479649543762,-0.11729137599468231,0.9989467859268188,0.7076349854469299,0.5358972549438477,-0.1173534020781517,0.9991070628166199,0.682261049747467,0.5371671319007874,-0.10142897069454193,0.9983798265457153,0.678469717502594,0.5387840270996094,-0.10145457834005356,0.9979945421218872,0.6749253273010254,0.5405574440956116,-0.10157948732376099,0.9975123405456543,0.7157323956489563,0.5490800738334656,-0.03384033218026161,0.9993487596511841,0.6773095726966858,0.5553579926490784,0.04437994211912155,0.998254120349884,0.7029470205307007,0.5829828977584839,-0.09963484108448029,0.9974541068077087,0.6844240427017212,0.5826711654663086,-0.07925553619861603,0.9959617257118225,0.7492209672927856,0.6757339239120483,-0.10456870496273041,0.9952393770217896,0.6498700380325317,0.6864448189735413,0.14121463894844055,0.9892292618751526,0.7110235691070557,0.6591223478317261,-0.23966296017169952,0.9099515676498413,0.6075628995895386,0.6729726195335388,0.11973829567432404,0.6931939721107483,0.7041719555854797,0.6522753834724426,-0.19531069695949554,0.7018392086029053,0.6773128509521484,0.6144374012947083,0.15894074738025665,0.340034544467926,0.711000382900238,0.6428115963935852,-0.21800336241722107,0.6280465126037598,0.697262167930603,0.6129381656646729,0.16190430521965027,0.23227864503860474,0.7146766781806946,0.648872971534729,-0.21225552260875702,0.6483308672904968,0.7034211754798889,0.6158984899520874,0.18092331290245056,0.23531553149223328,0.7107135057449341,0.6575336456298828,-0.19528982043266296,0.6162711381912231,0.7012487053871155,0.6209229230880737,0.16222529113292694,0.2515232264995575,0.7622804641723633,1.0383509397506714,-0.1114615797996521,0.4999791979789734,0.697454571723938,1.045888900756836,0.11182296276092529,0.6051463484764099,0.7411114573478699,1.0400186777114868,-0.1908784806728363,0.26650914549827576,0.6691755652427673,1.0962021350860596,0.08720633387565613,0.24762627482414246,0.7286909222602844,1.273072600364685,-0.029638657346367836,0.08183115720748901,0.6810212135314941,1.320539116859436,0.13657432794570923,0.0699419230222702,0.7450461983680725,1.3166849613189697,-0.01864418014883995,0.15050451457500458,0.6971749663352966,1.3627924919128418,0.13812847435474396,0.1195378303527832,0.6820354461669922,1.319625735282898,-0.09904175251722336,0.0810377299785614,0.6190643906593323,1.3674392700195312,0.06483739614486694,0.06870496273040771
0.6925278902053833,0.5541992783546448,-0.23223337531089783,0.9983765482902527,0.7005987763404846,0.5349054932594299,-0.21650667488574982,0.9981364607810974,0.7063999176025391,0.5351284146308899,-0.21678754687309265,0.9985451698303223,0.7120711803436279,0.5358644723892212,-0.2170240879058838,0.9987961053848267,0.6860402822494507,0.5370121598243713,-0.1998186707496643,0.997828483581543,0.6820298433303833,0.5385337471961975,-0.19996236264705658,0.997316837310791,0.6780925393104553,0.540222704410553,-0.2002449333667755,0.9967907071113586,0.7183155417442322,0.5488871932029724,-0.09327106177806854,0.9991490244865417,0.6788473725318909,0.5541931390762329,-0.02262970618903637,0.9976766705513,0.7058505415916443,0.5830965638160706,-0.18777278065681458,0.9971607327461243,0.6870123147964478,0.5828898549079895,-0.1668987274169922,0.9955512881278992,0.7514680624008179,0.6759561896324158,-0.1774204671382904,0.9954445958137512,0.6515507102012634,0.6855310201644897,0.12835408747196198,0.9895625114440918,0.7159918546676636,0.7519861459732056,-0.3180176317691803,0.908334493637085,0.6075353026390076,0.6728876829147339,0.12665493786334991,0.7042803168296814,0.698318362236023,0.8230918049812317,-0.30355238914489746,0.6810566782951355,0.6808592081069946,0.608890175819397,0.18337783217430115,0.33900678157806396,0.7034242749214172,0.8606879711151123,-0.35913437604904175,0.6081190705299377,0.703957736492157,0.612649142742157,0.18079006671905518,0.2289724498987198,0.7009581327438354,0.8477872014045715,-0.3630400598049164,0.6290245056152344,0.710253119468689,0.6143144369125366,0.1934702843427658,0.23208118975162506,0.6976482272148132,0.8378108143806458,-0.3100891709327698,0.5975443720817566,0.7022566199302673,0.6372613906860352,0.18277882039546967,0.2501228451728821,0.7690166234970093,1.0412782430648804,-0.12197171151638031,0.5076580047607422,0.6952593922615051,1.0473188161849976,0.12236861884593964,0.6089580059051514,0.75368732213974,1.2771937847137451,-0.1330709010362625,0.2649710774421692,0.676121711730957,1.2901681661605835,0.15039925277233124,0.24375306069850922,0.7499082684516907,1.536810040473938,0.06675781309604645,0.07954718917608261,0.6830940246582031,1.5550644397735596,0.2407529056072235,0.06829701364040375,0.7636430263519287,1.5826023817062378,0.07753205299377441,0.14193616807460785,0.6950541734695435,1.5992618799209595,0.24271495640277863,0.1155417412519455,0.7125462293624878,1.5920921564102173,-0.08705469220876694,0.0758364275097847,0.645093560218811,1.613361120223999,0.07028976827859879,0.06524404883384705
0.6928418874740601,0.554299533367157,-0.2139461785554886,0.9977607131004333,0.7017524838447571,0.5347647070884705,-0.2046755850315094,0.9974184036254883,0.7074819207191467,0.5350625514984131,-0.20493309199810028,0.9979770183563232,0.7130618691444397,0.5358346104621887,-0.20516231656074524,0.9982947111129761,0.6876562237739563,0.5363219380378723,-0.1844642460346222,0.9970242977142334,0.6839841604232788,0.5375798344612122,-0.18461492657661438,0.9963890314102173,0.6801445484161377,0.5390163660049438,-0.1848977953195572,0.9958731532096863,0.7201389074325562,0.548859179019928,-0.10621348768472672,0.9987966418266296,0.6818122863769531,0.5524752140045166,-0.020125458016991615,0.9970930814743042,0.7057346105575562,0.5830829739570618,-0.17680399119853973,0.9962893724441528,0.687675416469574,0.5826749801635742,-0.151068776845932,0.9945893883705139,0.752700924873352,0.6759748458862305,-0.17794081568717957,0.9950160384178162,0.6572753190994263,0.6851947903633118,0.13313914835453033,0.9892040491104126,0.7149211168289185,0.7581452131271362,-0.3170904219150543,0.9000857472419739,0.6089106202125549,0.651387095451355,0.18004180490970612,0.7102929353713989,0.6932703256607056,0.8265406489372253,-0.29289498925209045,0.6414760947227478,0.6820375323295593,0.5999371409416199,0.40078607201576233,0.3338845670223236,0.6949194073677063,0.8589796423912048,-0.3356400728225708,0.5725619792938232,0.7035161256790161,0.6128197312355042,0.41293635964393616,0.22361281514167786,0.6928957104682922,0.8487082719802856,-0.3434593081474304,0.5931922793388367,0.7101374864578247,0.6195170879364014,0.42334213852882385,0.22710536420345306,0.6915640234947205,0.8411540389060974,-0.29851430654525757,0.5648254752159119,0.7014421224594116,0.6370337605476379,0.4017464518547058,0.24604913592338562,0.7694855332374573,1.041946291923523,-0.12529464066028595,0.5110345482826233,0.6945711970329285,1.0475999116897583,0.1256343424320221,0.6143643856048584,0.752638578414917,1.2819076776504517,-0.10168274492025375,0.26676300168037415,0.6763018369674683,1.2949870824813843,0.1724940538406372,0.24561041593551636,0.7503935694694519,1.5427507162094116,0.10669249296188354,0.08063258230686188,0.6815328598022461,1.5641415119171143,0.2667691707611084,0.0714702159166336,0.7644724249839783,1.5900428295135498,0.11907640844583511,0.1397095024585724,0.6931028962135315,1.6098840236663818,0.2686860263347626,0.11663469672203064,0.7099806666374207,1.5960544347763062,-0.04060579091310501,0.07389943301677704,0.639992356300354,1.622085452079773,0.09886394441127777,0.0649489015340805
0.6910832524299622,0.5544206500053406,-0.19678044319152832,0.9975781440734863,0.700771689414978,0.5347145199775696,-0.1973487138748169,0.9971842169761658,0.7066878080368042,0.5350171327590942,-0.1976069062948227,0.9978060722351074,0.7123952507972717,0.535801351070404,-0.19780021905899048,0.9981251358985901,0.6871309876441956,0.536249041557312,-0.1748581826686859,0.9967976212501526,0.6836103796958923,0.5374993681907654,-0.17512498795986176,0.9961390495300293,0.6801961064338684,0.5389314293861389,-0.17553254961967468,0.9956333041191101,0.7210679650306702,0.5488144159317017,-0.10986938327550888,0.9986697435379028,0.6841011047363281,0.5521534085273743,-0.009082458913326263,0.9969677329063416,0.7049694657325745,0.5831426978111267,-0.16955044865608215,0.9958117008209229,0.687252402305603,0.5827846527099609,-0.14007876813411713,0.9940547347068787,0.7543438076972961,0.6756331920623779,-0.18926766514778137,0.9945194125175476,0.6632933020591736,0.684998095035553,0.14410921931266785,0.9887670278549194,0.7111995220184326,0.7222409844398499,-0.32454460859298706,0.8912448883056641,0.6125723719596863,0.6496068239212036,0.2850266098976135,0.706321656703949,0.6907399296760559,0.8115503787994385,-0.29395240545272827,0.6098443865776062,0.6810541749000549,0.5966351628303528,0.49156489968299866,0.32711151242256165,0.6945752501487732,0.8381320834159851,-0.3378564417362213,0.5452368259429932,0.6952351331710815,0.6127862334251404,0.5098148584365845,0.21970809996128082,0.6881696581840515,0.8298947215080261,-0.3544085919857025,0.5659680366516113,0.7008313536643982,0.6201731562614441,0.5161709189414978,0.22393698990345,0.6874329447746277,0.8255910277366638,-0.30694225430488586,0.5398098826408386,0.6965869665145874,0.6353890299797058,0.4914820194244385,0.24290591478347778,0.7699018716812134,1.0430818796157837,-0.12736962735652924,0.5011888146400452,0.6960427761077881,1.0484328269958496,0.12767639756202698,0.6101482510566711,0.7493938207626343,1.25064218044281,-0.13372378051280975,0.25857076048851013,0.6802505254745483,1.26680588722229,0.17883488535881042,0.2421180158853531,0.7485702633857727,1.5162090063095093,0.06585843116044998,0.07883580029010773,0.6809452772140503,1.5367025136947632,0.25810524821281433,0.07174962013959885,0.7646694779396057,1.5673037767410278,0.07795281708240509,0.13696825504302979,0.6923142671585083,1.5847779512405396,0.25765368342399597,0.11517953872680664,0.7036733031272888,1.5611785650253296,-0.06516925990581512,0.0721495971083641,0.6343310475349426,1.5902819633483887,0.10689427703619003,0.0641874447464943
0.6922742128372192,0.5538082122802734,-0.2230650633573532,0.9976649880409241,0.7019082307815552,0.5340566635131836,-0.21278277039527893,0.9973007440567017,0.7081166505813599,0.5344508290290833,-0.2130235880613327,0.9978908896446228,0.7142730355262756,0.5353376865386963,-0.21324452757835388,0.9981919527053833,0.6878461837768555,0.535525381565094,-0.19192415475845337,0.9969474673271179,0.6842029690742493,0.5368244051933289,-0.19204887747764587,0.9962923526763916,0.6807317733764648,0.5383085608482361,-0.19223712384700775,0.9958013296127319,0.7234225273132324,0.548475444316864,-0.11335267126560211,0.9987199902534485,0.6839975714683533,0.5516049265861511,-0.018509529531002045,0.9971408843994141,0.7071911692619324,0.5827078223228455,-0.18413911759853363,0.9959021210670471,0.6890776753425598,0.5820722579956055,-0.1574985682964325,0.9942684173583984,0.7542449831962585,0.6756404042243958,-0.19776934385299683,0.9946196675300598,0.6713529825210571,0.683997392654419,0.15175525844097137,0.9891564249992371,0.7096270322799683,0.7733078002929688,-0.33819717168807983,0.882050633430481,0.6219301223754883,0.6565679907798767,0.27407020330429077,0.6944177150726318,0.6893334984779358,0.8606070876121521,-0.3972795307636261,0.5971235036849976,0.68413907289505,0.597873330116272,0.4211345314979553,0.3223895728588104,0.6915911436080933,0.8881167769432068,-0.44668149948120117,0.5386503338813782,0.7045137286186218,0.6131026744842529,0.4380476474761963,0.21953977644443512,0.6877147555351257,0.8773170709609985,-0.4589635729789734,0.559741735458374,0.7065998315811157,0.6362577080726624,0.4410993456840515,0.22389449179172516,0.6870673894882202,0.8738629221916199,-0.4056081771850586,0.5345776677131653,0.7020103931427002,0.645300030708313,0.42041245102882385,0.2425122708082199,0.7694751024246216,1.0477129220962524,-0.13241691887378693,0.5126034617424011,0.7109462022781372,1.0513890981674194,0.13268640637397766,0.6240611672401428,0.7406457662582397,1.166556477546692,-0.14102177321910858,0.2571108341217041,0.68973708152771,1.2123816013336182,0.17954224348068237,0.24327771365642548,0.7468154430389404,1.4346563816070557,0.05560652166604996,0.07853909581899643,0.6864919662475586,1.491902232170105,0.2593446671962738,0.07220690697431564,0.763225793838501,1.4916940927505493,0.07060420513153076,0.14176924526691437,0.7001218795776367,1.5468641519546509,0.2603767216205597,0.11717995256185532,0.6951949596405029,1.4611941576004028,-0.02657667174935341,0.07244981080293655,0.63373863697052,1.5345683097839355,0.14959928393363953,0.06480283290147781
0.6907463669776917,0.5516868233680725,-0.17201240360736847,0.9976091980934143,0.7012869715690613,0.5332828164100647,-0.16451385617256165,0.9972212314605713,0.7078595161437988,0.5338990092277527,-0.16472128033638,0.9978323578834534,0.7146367430686951,0.5350919365882874,-0.16493619978427887,0.9981507062911987,0.6875849962234497,0.5345317721366882,-0.1450684368610382,0.9968937039375305,0.6843486428260803,0.5357477068901062,-0.14517536759376526,0.9961825609207153,0.6811808347702026,0.5371402502059937,-0.14534030854701996,0.9956830143928528,0.7272621989250183,0.5486745834350586,-0.08515274524688721,0.9986698627471924,0.6857998967170715,0.5515381097793579,-0.001136340550146997,0.9971382021903992,0.7061066627502441,0.5820262432098389,-0.14069631695747375,0.995736837387085,0.6876366138458252,0.5806735157966614,-0.11670581251382828,0.9941269755363464,0.7541669011116028,0.6758372187614441,-0.18980348110198975,0.9947296977043152,0.6723265051841736,0.6840736865997314,0.17519477009773254,0.9894557595252991,0.7096530199050903,0.7784453630447388,-0.3170897662639618,0.8763368129730225,0.6198372840881348,0.65758216381073,0.3035691976547241,0.6840958595275879,0.6930620074272156,0.8629475235939026,-0.3558819890022278,0.5825037360191345,0.6833693981170654,0.6092938780784607,0.47755783796310425,0.31783193349838257,0.6968386769294739,0.8906404972076416,-0.39397838711738586,0.5283987522125244,0.7060364484786987,0.616908609867096,0.5002680420875549,0.21837806701660156,0.6935406923294067,0.8807188272476196,-0.4091049134731293,0.549967348575592,0.7101597785949707,0.6346537470817566,0.509130597114563,0.2225939780473709,0.69211345911026,0.8777344822883606,-0.3641328811645508,0.527313232421875,0.701736569404602,0.6508945822715759,0.4797704219818115,0.2411484569311142,0.7690073847770691,1.0490456819534302,-0.132539302110672,0.5240625143051147,0.7122195363044739,1.051702618598938,0.13284878432750702,0.6362200379371643,0.7315840721130371,1.0966565608978271,-0.1983049511909485,0.2588892877101898,0.6886573433876038,1.1754004955291748,0.13713552057743073,0.24674835801124573,0.7273105978965759,1.389392375946045,-0.03298574313521385,0.08006679266691208,0.6829056739807129,1.4552979469299316,0.17358459532260895,0.07338649034500122,0.7487335205078125,1.447400450706482,-0.018980851396918297,0.15114565193653107,0.6991351246833801,1.5076980590820312,0.17205195128917694,0.12124885618686676,0.6660076379776001,1.4337882995605469,-0.08041773736476898,0.07505185902118683,0.6089404821395874,1.50839364528656,0.08713735640048981,0.0665714293718338
0.687674880027771,0.5518082976341248,-0.15236347913742065,0.9977930784225464,0.70060133934021,0.533304750919342,-0.1568974256515503,0.9974101781845093,0.7068353891372681,0.5339229702949524,-0.15712879598140717,0.9979833960533142,0.7136186361312866,0.5351544618606567,-0.1573420614004135,0.9982800483703613,0.6868611574172974,0.5345792174339294,-0.12626755237579346,0.9971150755882263,0.6834055185317993,0.5358114242553711,-0.12632955610752106,0.9964516162872314,0.6800934076309204,0.53718101978302,-0.12653866410255432,0.9959762096405029,0.7295684814453125,0.5495746731758118,-0.09824084490537643,0.9987668395042419,0.6855153441429138,0.5516160726547241,0.02541528269648552,0.9973262548446655,0.7031459808349609,0.5820758938789368,-0.131016805768013,0.9960678815841675,0.6856762766838074,0.5807437896728516,-0.0923677310347557,0.9945728182792664,0.7549412250518799,0.6754209995269775,-0.22781112790107727,0.9951727390289307,0.6744629740715027,0.6840395331382751,0.24194583296775818,0.9900878667831421,0.71540367603302,0.7820557951927185,-0.3363828659057617,0.8834267258644104,0.6213505864143372,0.6581469178199768,0.3970400393009186,0.6691784858703613,0.6940568685531616,0.8818975687026978,-0.3051191568374634,0.5907528400421143,0.6829482316970825,0.6146749258041382,0.5505859851837158,0.30214959383010864,0.6961945295333862,0.9200828075408936,-0.3446202874183655,0.534121572971344,0.7056224942207336,0.6228687167167664,0.5696948170661926,0.2081221342086792,0.6932617425918579,0.9117773175239563,-0.35492756962776184,0.5571357607841492,0.7116104364395142,0.6343697309494019,0.5708343982696533,0.2129204124212265,0.6930985450744629,0.904500424861908,-0.30839598178863525,0.532882571220398,0.699332594871521,0.6576977968215942,0.546316921710968,0.23140369355678558,0.7698529958724976,1.0519791841506958,-0.1524209827184677,0.49430781602859497,0.7104989290237427,1.0568381547927856,0.15298733115196228,0.6024554967880249,0.7329199910163879,1.2587522268295288,-0.17139163613319397,0.2582094371318817,0.6859607100486755,1.2710514068603516,0.16623035073280334,0.2446068674325943,0.7373564839363098,1.5367435216903687,-0.03242642804980278,0.07756945490837097,0.6833184957504272,1.5575143098831177,0.19599215686321259,0.07146625965833664,0.7594323754310608,1.5914517641067505,-0.0064141214825212955,0.14440177381038666,0.6976500749588013,1.608864426612854,0.18808192014694214,0.11901646852493286,0.6750699877738953,1.5830328464508057,-0.11286304146051407,0.07144090533256531,0.6201232075691223,1.6132304668426514,0.07946424186229706,0.06452833116054535
0.6819066405296326,0.5537351965904236,-0.15027520060539246,0.9979743361473083,0.6978254914283752,0.5339613556861877,-0.15783409774303436,0.9976195096969604,0.7047969102859497,0.5344654321670532,-0.15803681313991547,0.9981469511985779,0.7128020524978638,0.5357331037521362,-0.1582249104976654,0.9984138607978821,0.6850136518478394,0.5355808138847351,-0.12375657260417938,0.9973598718643188,0.6823049783706665,0.5367677211761475,-0.12383387237787247,0.9967523813247681,0.6795312762260437,0.5381154417991638,-0.12398789823055267,0.9963157176971436,0.7297125458717346,0.5514019131660461,-0.11768243461847305,0.9988626837730408,0.6875244379043579,0.5528308749198914,0.029665375128388405,0.9975659847259521,0.6981803178787231,0.5834496021270752,-0.13151434063911438,0.9963552355766296,0.68183833360672,0.5825824737548828,-0.08821579068899155,0.9949963092803955,0.7533763647079468,0.6767358183860779,-0.23170459270477295,0.9954285621643066,0.6891356110572815,0.6855951547622681,0.2450166493654251,0.9906643033027649,0.7125154733657837,0.7817570567131042,-0.3521104156970978,0.882158100605011,0.6231899261474609,0.6519240140914917,0.45142483711242676,0.6428442597389221,0.693914532661438,0.8709690570831299,-0.3313274681568146,0.5910215973854065,0.6824415326118469,0.6253377795219421,0.6712998151779175,0.3009181618690491,0.6958271861076355,0.9045538306236267,-0.367526650428772,0.5381472110748291,0.708349347114563,0.6289215683937073,0.7081818580627441,0.21388165652751923,0.6919829249382019,0.8926889896392822,-0.38286885619163513,0.5622149705886841,0.7170125246047974,0.6359574198722839,0.7104395031929016,0.22075492143630981,0.6914563179016113,0.8903411626815796,-0.33580464124679565,0.5379225611686707,0.7038573026657104,0.6699701547622681,0.6728326082229614,0.23853376507759094,0.769131064414978,1.0591247081756592,-0.15939095616340637,0.47539064288139343,0.7171594500541687,1.0591723918914795,0.15990866720676422,0.5908100605010986,0.7188040018081665,1.1779245138168335,-0.17392705380916595,0.24805928766727448,0.6844817399978638,1.1917102336883545,0.2014276683330536,0.23301956057548523,0.7244085073471069,1.4736912250518799,0.0105036785826087,0.07282830029726028,0.6792848110198975,1.474432349205017,0.26673826575279236,0.06698000431060791,0.74822598695755,1.5445177555084229,0.03331366926431656,0.13878898322582245,0.6931928396224976,1.5302199125289917,0.2659575939178467,0.1121114194393158,0.6582155823707581,1.488413691520691,-0.03656473010778427,0.06837828457355499,0.603296160697937,1.512748122215271,0.18533530831336975,0.061511751264333725
0.6772348880767822,0.5603697896003723,-0.059331536293029785,0.9981260895729065,0.692489743232727,0.5370877981185913,-0.06711877137422562,0.9977955222129822,0.6995378136634827,0.537390410900116,-0.0672231987118721,0.9982797503471375,0.7080402970314026,0.5385710000991821,-0.06736011058092117,0.9985226988792419,0.6825610995292664,0.538270115852356,-0.03660065680742264,0.9975619912147522,0.6812275052070618,0.5389546751976013,-0.036683402955532074,0.9970003962516785,0.6793605089187622,0.53988116979599,-0.03681749850511551,0.996607780456543,0.7291781306266785,0.554345428943634,-0.04258323460817337,0.9989442229270935,0.6931512951850891,0.5546389222145081,0.09401235729455948,0.9977627992630005,0.6941823959350586,0.5924667716026306,-0.04493933916091919,0.9965850114822388,0.6809641718864441,0.5930448770523071,-0.006169543601572514,0.9953298568725586,0.7517408132553101,0.681424081325531,-0.14083868265151978,0.9956566095352173,0.6936811804771423,0.6881958842277527,0.22731909155845642,0.9912712574005127,0.7104068994522095,0.7384975552558899,-0.2320972979068756,0.8879077434539795,0.6230371594429016,0.6454259753227234,0.14554612338542938,0.6319928169250488,0.6854914426803589,0.7719837427139282,-0.13038942217826843,0.5885471105575562,0.6886234879493713,0.626933217048645,0.030088255181908607,0.3194049000740051,0.6840219497680664,0.7872993350028992,-0.1502467542886734,0.5332223773002625,0.7191568613052368,0.6283244490623474,0.01635272614657879,0.23545901477336884,0.6833174228668213,0.7812885046005249,-0.14645585417747498,0.5560596585273743,0.7261472940444946,0.6337949633598328,0.03110496699810028,0.2427452951669693,0.6847721934318542,0.7830254435539246,-0.12526783347129822,0.536359429359436,0.7140160799026489,0.650460422039032,0.028720717877149582,0.2615939974784851,0.7689428925514221,1.0522493124008179,-0.13685370981693268,0.5011653900146484,0.7233758568763733,1.0581543445587158,0.13706287741661072,0.6120765209197998,0.7201734185218811,1.0496262311935425,-0.1687108427286148,0.2586888372898102,0.6865904927253723,1.151255488395691,0.1794731318950653,0.22156332433223724,0.7222617268562317,1.322646975517273,-0.014682700857520103,0.0707860067486763,0.683061957359314,1.3776122331619263,0.1897042840719223,0.06279203295707703,0.7450259923934937,1.3805712461471558,-0.0008839229121804237,0.13810792565345764,0.6973254680633545,1.4251201152801514,0.18926088511943817,0.10716821253299713,0.657279372215271,1.355289101600647,-0.04994167014956474,0.06752889603376389,0.6055022478103638,1.4056169986724854,0.1610792875289917,0.05906233564019203
0.6755873560905457,0.5635378360748291,-0.044167157262563705,0.9982719421386719,0.6917634010314941,0.5390474200248718,-0.04756814241409302,0.9979732632637024,0.6992064714431763,0.5393987894058228,-0.047532640397548676,0.9984103441238403,0.7079631090164185,0.5407019853591919,-0.04750749468803406,0.9986348748207092,0.6820496916770935,0.5399683713912964,-0.020409034565091133,0.9977596998214722,0.6810985803604126,0.5404317378997803,-0.020386971533298492,0.9972402453422546,0.6788104772567749,0.5412179231643677,-0.02038893662393093,0.9968913793563843,0.7304614186286926,0.5557838678359985,-0.010081784799695015,0.9990116357803345,0.6950593590736389,0.5555611848831177,0.11202422529459,0.9979262351989746,0.6932485103607178,0.595285177230835,-0.0252048559486866,0.9967912435531616,0.6801118850708008,0.5959060788154602,0.009268131107091904,0.9956302046775818,0.7513877153396606,0.6828488111495972,-0.10007180273532867,0.995588481426239,0.6922739148139954,0.6898438334465027,0.2250579595565796,0.9910224676132202,0.710554301738739,0.7187889218330383,-0.21045330166816711,0.8845001459121704,0.6406084299087524,0.6702870726585388,0.07493656128644943,0.5967991948127747,0.6853808164596558,0.7437355518341064,-0.12972508370876312,0.5874345898628235,0.6932348608970642,0.6272593140602112,-0.08968803286552429,0.32319289445877075,0.6840628981590271,0.7586647272109985,-0.14529414474964142,0.5357781648635864,0.7261067628860474,0.6278717517852783,-0.1111062616109848,0.2501045763492584,0.6831744313240051,0.7551777362823486,-0.1434786170721054,0.5572487115859985,0.7303273677825928,0.6280263662338257,-0.09723136574029922,0.25880202651023865,0.6845147013664246,0.7558126449584961,-0.12525473535060883,0.5407955050468445,0.7326500415802002,0.6466860175132751,-0.0915488749742508,0.2776685655117035,0.7683476209640503,1.0421942472457886,-0.11734751611948013,0.48807141184806824,0.7232574224472046,1.0536701679229736,0.1176314577460289,0.5853949785232544,0.7213580012321472,0.8698329329490662,-0.15541554987430573,0.2524910271167755,0.6834441423416138,0.9640887975692749,0.1562662422657013,0.2024471014738083,0.7021564245223999,1.0349905490875244,-0.025565173476934433,0.06693964451551437,0.6760634183883667,1.0374016761779785,0.16711536049842834,0.05724456161260605,0.7119625806808472,1.0845507383346558,-0.016161255538463593,0.13000313937664032,0.6818472146987915,1.0692734718322754,0.16875594854354858,0.09823179244995117,0.644769549369812,1.0177416801452637,-0.0570531003177166,0.06603358685970306,0.613768458366394,1.0044759511947632,0.14508932828903198,0.05516228452324867
0.675653874874115,0.5648022294044495,-0.03905618563294411,0.9983787536621094,0.6918647885322571,0.5404900312423706,-0.04103686660528183,0.998108983039856,0.6992778778076172,0.5409858822822571,-0.041046954691410065,0.9985085725784302,0.7079674601554871,0.5424426198005676,-0.04105439409613609,0.9987179636955261,0.6820653676986694,0.5410600304603577,-0.015580087900161743,0.997908890247345,0.681053638458252,0.5413894653320312,-0.015581232495605946,0.9974249005317688,0.6791781187057495,0.5420822501182556,-0.015615266747772694,0.9971113801002502,0.7311686277389526,0.5568490624427795,-4.4217449612915516e-05,0.9990575909614563,0.6986497640609741,0.5564538836479187,0.11305376142263412,0.9980484247207642,0.693256676197052,0.5957058072090149,-0.01872309111058712,0.9969472289085388,0.6801005601882935,0.5960921049118042,0.01334235817193985,0.995844841003418,0.7501480579376221,0.6831859350204468,-0.09435492008924484,0.9956864714622498,0.694291889667511,0.6863561272621155,0.2035674750804901,0.9911930561065674,0.7071450352668762,0.7105891704559326,-0.21828791499137878,0.8856536746025085,0.6387503743171692,0.6701418161392212,-0.01810731366276741,0.579081654548645,0.6849642992019653,0.7441278696060181,-0.1701737493276596,0.5881868600845337,0.6950611472129822,0.6288798451423645,-0.2581499516963959,0.3440435528755188,0.6839936375617981,0.7620733380317688,-0.192371666431427,0.5370382070541382,0.7283405065536499,0.6278047561645508,-0.2857787013053894,0.27506694197654724,0.6830414533615112,0.7575100064277649,-0.19098646938800812,0.5568357706069946,0.7319153547286987,0.625416100025177,-0.2734623849391937,0.2837901711463928,0.6843172907829285,0.7573879361152649,-0.16624605655670166,0.543463945388794,0.7359651327133179,0.6451780200004578,-0.2602759599685669,0.3027443587779999,0.7639954686164856,1.028300166130066,-0.10899249464273453,0.4977347254753113,0.7235124707221985,1.0398509502410889,0.10909797251224518,0.587411105632782,0.7216581106185913,0.9053578972816467,-0.13808311522006989,0.2553500533103943,0.6833652257919312,0.9810304641723633,0.15443041920661926,0.18910714983940125,0.7038258910179138,1.0826259851455688,-0.009854751639068127,0.06629812717437744,0.6766215562820435,1.0872902870178223,0.18221677839756012,0.0531456433236599,0.7153128385543823,1.1327754259109497,-0.002472830004990101,0.12655287981033325,0.6825268864631653,1.120803952217102,0.18195484578609467,0.09216513484716415,0.6498872637748718,1.0701158046722412,-0.03550088778138161,0.066010981798172,0.6217721700668335,1.070951223373413,0.16261997818946838,0.0527787059545517
0.6756306886672974,0.5690982937812805,-0.0033266800455749035,0.998477041721344,0.6918584108352661,0.5434608459472656,-0.015954209491610527,0.9982261657714844,0.6992923021316528,0.5439871549606323,-0.016047973185777664,0.9985951781272888,0.7079853415489197,0.5454901456832886,-0.016166992485523224,0.9987945556640625,0.681875467300415,0.5437567234039307,0.016186008229851723,0.9980347156524658,0.6807330846786499,0.5438460111618042,0.01614202931523323,0.9975760579109192,0.6789250373840332,0.5443442463874817,0.016054319217801094,0.9972972869873047,0.7319048643112183,0.559172511100769,-0.006730540189892054,0.9991099834442139,0.7004126310348511,0.5584418773651123,0.13456162810325623,0.9981606602668762,0.693348228931427,0.5999978184700012,0.004876882303506136,0.9971151947975159,0.6799840331077576,0.5994908213615417,0.04586973041296005,0.9960505366325378,0.7498981356620789,0.68314129114151,-0.11727984249591827,0.9959810376167297,0.6990304589271545,0.6857727766036987,0.25229352712631226,0.9915264844894409,0.696849524974823,0.7185360193252563,-0.20991301536560059,0.891605794429779,0.650555431842804,0.6694590449333191,0.11361317336559296,0.5598042607307434,0.6712205410003662,0.7459401488304138,-0.101392962038517,0.585749089717865,0.6954079270362854,0.6312896013259888,0.06380514055490494,0.3439137935638428,0.6705149412155151,0.7695657014846802,-0.11816252768039703,0.5306635499000549,0.7278648614883423,0.6277449727058411,0.058399587869644165,0.2782458961009979,0.6703274250030518,0.771628737449646,-0.11730875819921494,0.549601674079895,0.7313160300254822,0.6242063045501709,0.06636904180049896,0.28728407621383667,0.671977698802948,0.7738027572631836,-0.09627429395914078,0.5385872721672058,0.7300149202346802,0.6412109732627869,0.06143844127655029,0.30770036578178406,0.7668738961219788,1.029463529586792,-0.11374811828136444,0.5138989090919495,0.7281695604324341,1.0418002605438232,0.11401428282260895,0.5972427129745483,0.7222143411636353,0.9650297164916992,-0.16149871051311493,0.27908778190612793,0.6791461110115051,1.0497229099273682,0.13978824019432068,0.18590174615383148,0.7067378759384155,1.2056777477264404,-0.06144227460026741,0.07075069099664688,0.6766530871391296,1.2258009910583496,0.13868242502212524,0.05095180496573448,0.7210334539413452,1.2581170797348022,-0.053751565515995026,0.13178515434265137,0.6835225820541382,1.264990210533142,0.1368347555398941,0.09078479558229446,0.6449809074401855,1.2278496026992798,-0.09790928661823273,0.07049880921840668,0.6214759349822998,1.2440381050109863,0.10331586748361588,0.05260567367076874
0.6751505136489868,0.5702614188194275,-0.03392566367983818,0.9985581040382385,0.6914882659912109,0.5447321534156799,-0.046936117112636566,0.9983194470405579,0.6989098787307739,0.5450690984725952,-0.04701056703925133,0.9986605048179626,0.7075992822647095,0.5464011430740356,-0.04709360748529434,0.9988511800765991,0.6818397045135498,0.545356035232544,-0.014030329883098602,0.9981386661529541,0.6805076599121094,0.5454487204551697,-0.014060412533581257,0.9977045059204102,0.6786588430404663,0.5459425449371338,-0.014118592254817486,0.9974583387374878,0.7320202589035034,0.5597172975540161,-0.01537562720477581,0.9991425275802612,0.7032939195632935,0.5591960549354553,0.11046846210956573,0.9982360005378723,0.6929556727409363,0.5997639894485474,-0.0242332611232996,0.9972425699234009,0.6798302531242371,0.5995349287986755,0.017624087631702423,0.9962066411972046,0.7482249736785889,0.6833344101905823,-0.1391533464193344,0.9961555600166321,0.7030887603759766,0.6858987212181091,0.23869380354881287,0.9917373061180115,0.689490020275116,0.7389376759529114,-0.2296772003173828,0.8946882486343384,0.6576977968215942,0.6862096786499023,0.12994995713233948,0.5351492762565613,0.6587055921554565,0.7720736265182495,-0.09095706045627594,0.579958438873291,0.6977055072784424,0.6347387433052063,-0.025068167597055435,0.3444916903972626,0.6568282842636108,0.7917521595954895,-0.10320542007684708,0.5239187479019165,0.728368878364563,0.6275351643562317,-0.0363834872841835,0.28533947467803955,0.657658040523529,0.79417884349823,-0.10226739943027496,0.5418532490730286,0.7317999601364136,0.6236415505409241,-0.03037077561020851,0.29540830850601196,0.6602678894996643,0.7949610948562622,-0.08403106778860092,0.53254234790802,0.7286425828933716,0.6467891931533813,-0.030126001685857773,0.3166653513908386,0.7702758312225342,1.0281060934066772,-0.11606836318969727,0.5047810077667236,0.7381051778793335,1.041701078414917,0.11635716259479523,0.5842062830924988,0.7201029658317566,0.9377880692481995,-0.15247002243995667,0.2862701714038849,0.6804320812225342,1.021634578704834,0.15409111976623535,0.17445501685142517,0.7012467980384827,1.1445872783660889,-0.05042585730552673,0.0706532821059227,0.6766782402992249,1.1500566005706787,0.17183038592338562,0.047490306198596954,0.7145760655403137,1.1945425271987915,-0.043241966515779495,0.1290312558412552,0.6837133765220642,1.1851189136505127,0.17620936036109924,0.08598485589027405,0.6417534351348877,1.1548157930374146,-0.05168858915567398,0.07172836363315582,0.6222478747367859,1.146022915840149,0.1703835129737854,0.051000021398067474
0.6752332448959351,0.5713163018226624,-0.015329164452850819,0.9985592365264893,0.6926643252372742,0.546315610408783,-0.03338039666414261,0.9983468055725098,0.7001479864120483,0.54668790102005,-0.033502690494060516,0.9986667037010193,0.7088056802749634,0.5479548573493958,-0.03364560753107071,0.9988638758659363,0.6824135184288025,0.5466191172599792,-0.0008791623404249549,0.9981541037559509,0.681155800819397,0.5465574860572815,-0.0009428501944057643,0.9977182149887085,0.6796109080314636,0.5469264388084412,-0.0010530272265896201,0.9975180625915527,0.7328205704689026,0.5604484677314758,-0.02789982035756111,0.9991443157196045,0.7045389413833618,0.559824526309967,0.10678453743457794,0.9982754588127136,0.6929467916488647,0.5993080735206604,-0.010176693089306355,0.9972971677780151,0.6797448396682739,0.5991694331169128,0.030753055587410927,0.996265172958374,0.7392598390579224,0.6829925775527954,-0.14477163553237915,0.9964418411254883,0.7027537822723389,0.6840745210647583,0.23908670246601105,0.9921492338180542,0.6665714979171753,0.7495190501213074,-0.24048864841461182,0.897348940372467,0.6617141962051392,0.6834650635719299,0.1448030322790146,0.5136598944664001,0.632139265537262,0.815323531627655,-0.1491919904947281,0.5776987075805664,0.6985019445419312,0.6338904500007629,0.061208028346300125,0.3374369442462921,0.6353920698165894,0.8349793553352356,-0.1706043779850006,0.5208562612533569,0.728853166103363,0.6273397207260132,0.05684179067611694,0.28087884187698364,0.6373022794723511,0.8514530658721924,-0.17076924443244934,0.5378867983818054,0.7314243316650391,0.623266339302063,0.05853499099612236,0.29070958495140076,0.6329895257949829,0.8374892473220825,-0.14543157815933228,0.5285691022872925,0.7277250289916992,0.643541693687439,0.05625704675912857,0.3127421438694,0.7677420973777771,1.0199780464172363,-0.11702306568622589,0.5255038142204285,0.7370351552963257,1.034834384918213,0.11740924417972565,0.5991503596305847,0.7061728835105896,0.9283744692802429,-0.1634877771139145,0.30728134512901306,0.6683891415596008,1.0144983530044556,0.13474465906620026,0.17433491349220276,0.6958684325218201,1.1564651727676392,-0.03831389173865318,0.07548375427722931,0.6678838133811951,1.154107689857483,0.16892823576927185,0.045943599194288254,0.7124543786048889,1.2075309753417969,-0.028034964576363564,0.13494035601615906,0.675874650478363,1.1872541904449463,0.17284227907657623,0.08689013123512268,0.6376951336860657,1.172717809677124,-0.052130311727523804,0.0746740773320198,0.6143821477890015,1.1601567268371582,0.15855532884597778,0.050455935299396515
0.6752499341964722,0.5715653896331787,-0.04194255545735359,0.9986131191253662,0.6927230358123779,0.5471579432487488,-0.07046239078044891,0.9984017014503479,0.7002338171005249,0.5475010275840759,-0.07064717262983322,0.9987049698829651,0.7087951302528381,0.5486740469932556,-0.07083018124103546,0.9988934397697449,0.6823155879974365,0.5473774671554565,-0.03416415676474571,0.9982278943061829,0.681060254573822,0.5472667217254639,-0.03430609405040741,0.9978079199790955,0.6795908212661743,0.5475645065307617,-0.03451245278120041,0.9976302981376648,0.7332090139389038,0.5609327554702759,-0.07372724264860153,0.9991762042045593,0.7046712636947632,0.5600613951683044,0.07382743060588837,0.9983779191970825,0.6925849914550781,0.5989692211151123,-0.04421798512339592,0.9974240660667419,0.6794828176498413,0.5989223718643188,0.00217996072024107,0.9964499473571777,0.7388026118278503,0.6829666495323181,-0.19637109339237213,0.9966948628425598,0.7013958692550659,0.683895468711853,0.2186492681503296,0.9927522540092468,0.6592798829078674,0.7539931535720825,-0.29880964756011963,0.904046893119812,0.622996985912323,0.670037567615509,0.15306790173053741,0.5334293842315674,0.6294682025909424,0.8324335813522339,-0.1852949559688568,0.5839310884475708,0.6980673670768738,0.6337182521820068,0.07926739752292633,0.35471129417419434,0.628976583480835,0.8590628504753113,-0.2106383591890335,0.5213482975959778,0.7294353246688843,0.6256124973297119,0.06675985455513,0.2933393716812134,0.6348730325698853,0.8762004971504211,-0.20966032147407532,0.5373052954673767,0.7315484881401062,0.6222125887870789,0.08104334771633148,0.30304980278015137,0.6307608485221863,0.8542541265487671,-0.1802111268043518,0.52894127368927,0.726442277431488,0.630890429019928,0.06426320970058441,0.3255463242530823,0.7676923274993896,1.0225305557250977,-0.12621480226516724,0.555633008480072,0.7354258298873901,1.036592721939087,0.1264382004737854,0.630277156829834,0.7015987038612366,1.0210559368133545,-0.15398716926574707,0.316392719745636,0.6569381952285767,1.0825579166412354,0.13633447885513306,0.18284927308559418,0.6935258507728577,1.296779751777649,0.008694366551935673,0.07765189558267593,0.6641407012939453,1.3097712993621826,0.1873910129070282,0.048280924558639526,0.7128016948699951,1.3507416248321533,0.023215364664793015,0.1429370641708374,0.6762386560440063,1.351871371269226,0.19195005297660828,0.09572724252939224,0.6309190988540649,1.337857723236084,-0.021816343069076538,0.07788451761007309,0.6008664965629578,1.3497647047042847,0.15256717801094055,0.053860459476709366
0.6752507090568542,0.5719425082206726,-0.03533000871539116,0.9985916614532471,0.6927106976509094,0.5478060245513916,-0.06216232851147652,0.9983798265457153,0.7002142071723938,0.5481024384498596,-0.062308140099048615,0.9986771941184998,0.7086796164512634,0.5491617321968079,-0.06244879961013794,0.998866081237793,0.6822554469108582,0.5479820966720581,-0.02631499245762825,0.9982267022132874,0.6810234189033508,0.5478342771530151,-0.026448532938957214,0.9978072643280029,0.679624617099762,0.5480607748031616,-0.0266256146132946,0.9976596236228943,0.7330344915390015,0.561270534992218,-0.08066786825656891,0.9991562366485596,0.7043563723564148,0.5601959228515625,0.07332818955183029,0.9984386563301086,0.6918850541114807,0.5987176895141602,-0.03800998255610466,0.9974231123924255,0.6791687607765198,0.5987082719802856,0.007651549763977528,0.9964778423309326,0.7374151945114136,0.682279646396637,-0.2014361321926117,0.9968461394309998,0.700265645980835,0.6837780475616455,0.22044344246387482,0.9929887056350708,0.6518718004226685,0.753679096698761,-0.29028382897377014,0.9062318205833435,0.6463753581047058,0.6697205901145935,0.26879382133483887,0.5148360133171082,0.6197587847709656,0.8299227356910706,-0.1529458463191986,0.5765573382377625,0.6975477933883667,0.6331759095191956,0.33272331953048706,0.33585265278816223,0.6175749897956848,0.8558951020240784,-0.16913586854934692,0.5121281147003174,0.7290692925453186,0.6253404021263123,0.34665611386299133,0.27887454628944397,0.6199482679367065,0.8659902811050415,-0.1702871173620224,0.5271188020706177,0.7302871942520142,0.6222093105316162,0.3496076762676239,0.288395494222641,0.6213289499282837,0.850109338760376,-0.14820405840873718,0.5199542045593262,0.7230204343795776,0.6378756165504456,0.3306159973144531,0.3106827735900879,0.7676491141319275,1.023589849472046,-0.136358380317688,0.5604440569877625,0.7339653372764587,1.0376429557800293,0.13660693168640137,0.638451874256134,0.6985558867454529,1.0030347108840942,-0.1499810516834259,0.3229307532310486,0.6457594633102417,1.0551170110702515,0.13732358813285828,0.1850905865430832,0.6779291033744812,1.2654306888580322,0.007615075912326574,0.0812484622001648,0.6533615589141846,1.2575393915176392,0.18759459257125854,0.04753907397389412,0.6964229345321655,1.3238049745559692,0.021390531212091446,0.15158025920391083,0.6667880415916443,1.2968556880950928,0.19223177433013916,0.09834140539169312,0.6094053983688354,1.2935771942138672,-0.01789027452468872,0.08226533234119415,0.5904321670532227,1.295417308807373,0.1629408746957779,0.05406859889626503
0.676132082939148,0.5719350576400757,-0.04225052893161774,0.9985557794570923,0.694800853729248,0.5479781031608582,-0.06228194758296013,0.998356282711029,0.7021005749702454,0.5483510494232178,-0.06242141127586365,0.9986520409584045,0.7103480100631714,0.5494627356529236,-0.062564916908741,0.9988442659378052,0.6836823225021362,0.5480507612228394,-0.02900971844792366,0.9982057809829712,0.6822865605354309,0.5479260087013245,-0.029113169759511948,0.9977890253067017,0.6809118986129761,0.548180341720581,-0.029272591695189476,0.9976651072502136,0.733231782913208,0.561613917350769,-0.07870028913021088,0.9991439580917358,0.7047573328018188,0.560526430606842,0.07338479906320572,0.9984622001647949,0.6921268701553345,0.5985485911369324,-0.03885255008935928,0.9973933696746826,0.6792455911636353,0.5985519886016846,0.0035441964864730835,0.9964401125907898,0.7378057837486267,0.6820114254951477,-0.1969202309846878,0.9969616532325745,0.6999133825302124,0.682555079460144,0.21280772984027863,0.9931539297103882,0.6604024171829224,0.7516875863075256,-0.288359671831131,0.9086526036262512,0.6487522125244141,0.6696213483810425,0.17270660400390625,0.5002931952476501,0.6274269819259644,0.8152214884757996,-0.1996181607246399,0.5752179622650146,0.69760662317276,0.6329119205474854,0.10614100843667984,0.32766100764274597,0.6245896816253662,0.8377478718757629,-0.22150519490242004,0.509414792060852,0.7284887433052063,0.620675265789032,0.10199394077062607,0.27306875586509705,0.6262993216514587,0.8356435894966125,-0.2173263281583786,0.5235884189605713,0.7301958203315735,0.6215768456459045,0.10686357319355011,0.28210872411727905,0.6282922029495239,0.8316568732261658,-0.19395621120929718,0.5170494318008423,0.7228823900222778,0.6366722583770752,0.10262467712163925,0.30425044894218445,0.7663608193397522,1.0246078968048096,-0.13207924365997314,0.5764574408531189,0.7333452701568604,1.0362826585769653,0.13233265280723572,0.6527932286262512,0.7007769346237183,0.9931210875511169,-0.1493000090122223,0.3330695331096649,0.6483824849128723,1.0515177249908447,0.11925127357244492,0.18786410987377167,0.6831622123718262,1.2339786291122437,-0.003933110274374485,0.08435136824846268,0.6560835242271423,1.2374027967453003,0.1617746651172638,0.047010231763124466,0.7015916109085083,1.2863781452178955,0.007547695189714432,0.15706324577331543,0.6690616011619568,1.2729133367538452,0.16447514295578003,0.10057628899812698,0.6186341643333435,1.2585790157318115,-0.024895701557397842,0.084587462246418,0.5947558879852295,1.2712870836257935,0.13798776268959045,0.05432039126753807
0.6758914589881897,0.5719785094261169,-0.03128110244870186,0.9984843730926514,0.6945347189903259,0.5479832291603088,-0.06008371710777283,0.9982895851135254,0.7017753720283508,0.5483468770980835,-0.06023050472140312,0.998595654964447,0.7097510099411011,0.5494400858879089,-0.060374002903699875,0.9987888336181641,0.6835237741470337,0.5480995774269104,-0.024328220635652542,0.9981589913368225,0.6822061538696289,0.5479859113693237,-0.024458998814225197,0.9977370500564575,0.6808828115463257,0.5482372045516968,-0.024600477889180183,0.9976407885551453,0.7331364750862122,0.5617597699165344,-0.10011664777994156,0.9991054534912109,0.7043426632881165,0.560522198677063,0.0629284679889679,0.9984844923019409,0.6912270784378052,0.5984249711036682,-0.03752930089831352,0.997273862361908,0.6787391304969788,0.5984575748443604,0.008044792339205742,0.9963266849517822,0.7366091012954712,0.6814525127410889,-0.21965011954307556,0.9969893097877502,0.7020533680915833,0.6820964813232422,0.2169179916381836,0.9929881691932678,0.6379233598709106,0.7487459182739258,-0.2647123336791992,0.9080888032913208,0.6628556251525879,0.6857187747955322,0.3078886866569519,0.46440020203590393,0.6115211248397827,0.8093456029891968,-0.07168466597795486,0.5606018900871277,0.6966859698295593,0.6375865936279297,0.38007327914237976,0.3043251633644104,0.6101606488227844,0.8294159173965454,-0.07743073999881744,0.4959243834018707,0.7031946778297424,0.6525743007659912,0.4001538157463074,0.25624462962150574,0.6119325757026672,0.8265126943588257,-0.07994671165943146,0.509407639503479,0.7068061828613281,0.6554391980171204,0.3963007628917694,0.2651713788509369,0.6148027181625366,0.826015830039978,-0.06560998409986496,0.5051475763320923,0.7062391042709351,0.6613250374794006,0.37678009271621704,0.2865435779094696,0.7583019733428955,1.0250540971755981,-0.13958828151226044,0.5632845163345337,0.7345393896102905,1.036831021308899,0.1399158537387848,0.6385345458984375,0.6924141645431519,0.9880055785179138,-0.11840872466564178,0.32893723249435425,0.6511102318763733,1.0386102199554443,0.1706508845090866,0.17852063477039337,0.6760901212692261,1.2250005006790161,0.04173862934112549,0.0844210758805275,0.6574918627738953,1.218741536140442,0.23967401683330536,0.04460090771317482,0.6955457925796509,1.2810288667678833,0.05566547065973282,0.15910126268863678,0.6701503992080688,1.2571511268615723,0.24527502059936523,0.098747119307518,0.6079781651496887,1.2361302375793457,0.039769601076841354,0.08530550450086594,0.5959256887435913,1.242531418800354,0.24346378445625305,0.052777327597141266
0.6763767004013062,0.5719047784805298,-0.04132553189992905,0.998501718044281,0.6952686905860901,0.5481097102165222,-0.07229737937450409,0.9983071684837341,0.7024880051612854,0.5485512614250183,-0.07245906442403793,0.9986056685447693,0.7101718187332153,0.5497002005577087,-0.07263001054525375,0.9987944960594177,0.6836996674537659,0.5481701493263245,-0.03644930198788643,0.9981953501701355,0.6822822093963623,0.5481050610542297,-0.03656516224145889,0.9977799654006958,0.6808617115020752,0.5484287142753601,-0.03669760376214981,0.997697651386261,0.7331129312515259,0.5618497729301453,-0.09993056952953339,0.9991199970245361,0.7040255665779114,0.560677707195282,0.05454156920313835,0.9985446929931641,0.691623866558075,0.5981643795967102,-0.048940710723400116,0.9973164796829224,0.6787385940551758,0.5982588529586792,-0.003071713726967573,0.9964157938957214,0.7349973320960999,0.6814197897911072,-0.21535241603851318,0.9970943927764893,0.7010928988456726,0.6809443831443787,0.20905515551567078,0.9932634830474854,0.6447886228561401,0.7488411068916321,-0.2654089331626892,0.9106004238128662,0.658939778804779,0.6835001707077026,0.2582087516784668,0.4499301314353943,0.6167795658111572,0.8094072341918945,-0.10630376636981964,0.5499839782714844,0.6957458257675171,0.6373940706253052,0.28127914667129517,0.29352062940597534,0.6141575574874878,0.8297843337059021,-0.12116736173629761,0.4844156503677368,0.7103140950202942,0.6442129611968994,0.2937820553779602,0.24871863424777985,0.6162648797035217,0.8254690170288086,-0.12179557234048843,0.49718013405799866,0.7123817801475525,0.6424688100814819,0.2974943518638611,0.2575025260448456,0.6192629337310791,0.8251535296440125,-0.10108332335948944,0.4944680333137512,0.7076174020767212,0.6601817607879639,0.27981916069984436,0.2788853049278259,0.7545536756515503,1.0253522396087646,-0.13923543691635132,0.5692422986030579,0.7343920469284058,1.03475821018219,0.1395542025566101,0.6466320157051086,0.6926532983779907,1.025965690612793,-0.11106260120868683,0.3255438804626465,0.6529034972190857,1.0626776218414307,0.18954142928123474,0.1722375452518463,0.6797676086425781,1.2630707025527954,0.06603233516216278,0.08262600749731064,0.658525824546814,1.2658321857452393,0.2663699984550476,0.04311481490731239,0.6989441514015198,1.315700888633728,0.08138773590326309,0.15853920578956604,0.670984148979187,1.3082242012023926,0.27157503366470337,0.09810817986726761,0.6146209836006165,1.2819820642471313,0.04931031912565231,0.08385350555181503,0.5953950881958008,1.2922879457473755,0.24240025877952576,0.05171281844377518
0.6761060357093811,0.5723100304603577,-0.03894916921854019,0.9985752105712891,0.6943919658660889,0.5486520528793335,-0.0716121643781662,0.9983972907066345,0.7017415761947632,0.5489896535873413,-0.07176531106233597,0.9986785054206848,0.7092470526695251,0.5499962568283081,-0.07193395495414734,0.9988536834716797,0.6833469271659851,0.5488249063491821,-0.03374405950307846,0.9982934594154358,0.6820553541183472,0.5487798452377319,-0.03384577855467796,0.9978987574577332,0.6807255744934082,0.5490896701812744,-0.03394823521375656,0.9978291988372803,0.7330331206321716,0.5619779825210571,-0.1170506700873375,0.9991702437400818,0.7039563655853271,0.5608704686164856,0.05284671112895012,0.9986448884010315,0.6908725500106812,0.598008394241333,-0.04859327897429466,0.9974560141563416,0.6785454154014587,0.5982035994529724,-0.00026680208975449204,0.9966232180595398,0.7338203191757202,0.6816615462303162,-0.23198232054710388,0.997205376625061,0.7086602449417114,0.6809892654418945,0.21677231788635254,0.9934905767440796,0.634149432182312,0.7522953748703003,-0.24549102783203125,0.9115910530090332,0.6619902849197388,0.688193142414093,0.32267922163009644,0.42210620641708374,0.6125741004943848,0.811005711555481,-0.021340202540159225,0.5394538044929504,0.6942740678787231,0.6367738842964172,0.40857887268066406,0.2766990065574646,0.6108574867248535,0.830379068851471,-0.026461461558938026,0.47596606612205505,0.6991639733314514,0.6428974866867065,0.43114954233169556,0.23746991157531738,0.6131412386894226,0.825985848903656,-0.03147971257567406,0.48851099610328674,0.713708758354187,0.6394861936569214,0.43025487661361694,0.2463255673646927,0.6162339448928833,0.8260857462882996,-0.015837600454688072,0.48727405071258545,0.7019729614257812,0.6578611731529236,0.40647321939468384,0.2676246166229248,0.7494921088218689,1.028834581375122,-0.14331522583961487,0.5548141598701477,0.7380858063697815,1.037194013595581,0.14371195435523987,0.6310807466506958,0.6919458508491516,1.024269938468933,-0.09010067582130432,0.31677019596099854,0.6661368012428284,1.076423168182373,0.2212119996547699,0.1619178205728531,0.6822418570518494,1.261580228805542,0.09256825596094131,0.07890237122774124,0.6696962714195251,1.2698434591293335,0.2949867844581604,0.04030665382742882,0.7007063627243042,1.3160645961761475,0.10881078243255615,0.1541169285774231,0.6816449165344238,1.312745451927185,0.30139294266700745,0.09351116418838501,0.6176763772964478,1.2796951532363892,0.09298525005578995,0.08082731813192368,0.6056145429611206,1.2908179759979248,0.2902542054653168,0.04921049624681473
0.6762667894363403,0.5723564624786377,-0.03945475071668625,0.9985355734825134,0.6946936249732971,0.5488965511322021,-0.07236124575138092,0.9983451962471008,0.7019612789154053,0.5491909384727478,-0.07250604033470154,0.9986237287521362,0.709571361541748,0.5501609444618225,-0.07266262173652649,0.998809814453125,0.6835615038871765,0.5492550730705261,-0.03495463356375694,0.9982369542121887,0.6822614073753357,0.5493457913398743,-0.03503378480672836,0.9978227019309998,0.6808735132217407,0.5498202443122864,-0.03510935977101326,0.9977759718894958,0.7329766750335693,0.5620639324188232,-0.1053190678358078,0.999131441116333,0.7041685581207275,0.5616233348846436,0.05556294322013855,0.9985845685005188,0.6909343004226685,0.5978888273239136,-0.048942554742097855,0.9974205493927002,0.678560197353363,0.5981808304786682,-0.0009925097692757845,0.9965689778327942,0.7328629493713379,0.6816438436508179,-0.221064493060112,0.9973150491714478,0.707038164138794,0.6802165508270264,0.21133911609649658,0.9935545325279236,0.6398357152938843,0.7523626685142517,-0.26715487241744995,0.9124597907066345,0.6639567613601685,0.6873352527618408,0.17425765097141266,0.4009452760219574,0.6215381026268005,0.8136060833930969,-0.14385761320590973,0.5381149053573608,0.6942130327224731,0.6335591673851013,0.07031859457492828,0.26894596219062805,0.620941698551178,0.8348201513290405,-0.16060876846313477,0.4747360050678253,0.715080976486206,0.6330991387367249,0.06933347880840302,0.2337951958179474,0.6228256225585938,0.8294762969017029,-0.15976443886756897,0.4860296845436096,0.7203764319419861,0.6315748691558838,0.06946136802434921,0.24232527613639832,0.6263783574104309,0.8292922377586365,-0.13708047568798065,0.48441824316978455,0.7100602388381958,0.654281497001648,0.06549970805644989,0.26355889439582825,0.7508048415184021,1.0200608968734741,-0.13612449169158936,0.5505862236022949,0.7399364709854126,1.0302199125289917,0.13644398748874664,0.6239930987358093,0.6925092339515686,0.9716845750808716,-0.09576649963855743,0.3162851631641388,0.6751810908317566,1.0276199579238892,0.20281490683555603,0.15410469472408295,0.6826521158218384,1.1699235439300537,0.07371912151575089,0.07897713780403137,0.6695958375930786,1.171716332435608,0.26494041085243225,0.038490138947963715,0.6989723443984985,1.2226498126983643,0.08729448169469833,0.15345153212547302,0.679771900177002,1.2093048095703125,0.27031081914901733,0.09148182719945908,0.6189451217651367,1.161419153213501,0.05566895753145218,0.08073196560144424,0.606207549571991,1.1667410135269165,0.24954409897327423,0.04813920706510544
0.6762869954109192,0.5723647475242615,-0.055819980800151825,0.9986096024513245,0.6946626305580139,0.5496882200241089,-0.07941479980945587,0.9984272122383118,0.7019447088241577,0.549972414970398,-0.07947847247123718,0.998687744140625,0.7095531821250916,0.5509042143821716,-0.07952793687582016,0.9988641142845154,0.6835146546363831,0.5499991774559021,-0.04667907580733299,0.9983181357383728,0.6822086572647095,0.5501294732093811,-0.04669937118887901,0.9979202151298523,0.6808154582977295,0.5506438612937927,-0.04669806733727455,0.9978838562965393,0.7326259613037109,0.5626167058944702,-0.09959776699542999,0.9991647005081177,0.703567624092102,0.5624008774757385,0.048153381794691086,0.9986366629600525,0.6910010576248169,0.5978268384933472,-0.05611707642674446,0.9975183606147766,0.6785446405410767,0.5981353521347046,-0.014500731602311134,0.9967103004455566,0.7319180369377136,0.6821697354316711,-0.20756328105926514,0.9973503947257996,0.706031322479248,0.6798998713493347,0.1845000684261322,0.9933602213859558,0.6418468952178955,0.7431198954582214,-0.2773783504962921,0.9130151271820068,0.66188645362854,0.6840400099754333,0.1679074615240097,0.3799861669540405,0.623160183429718,0.7934778928756714,-0.19208836555480957,0.5485907196998596,0.692046046257019,0.6291872262954712,0.11656782776117325,0.2618269622325897,0.623070240020752,0.8114911317825317,-0.2119642049074173,0.48767465353012085,0.7165607213973999,0.6278563141822815,0.11715729534626007,0.23243631422519684,0.6243431568145752,0.8080145120620728,-0.21195003390312195,0.4980851411819458,0.7205625772476196,0.6278194785118103,0.11752893775701523,0.24147510528564453,0.6281874775886536,0.8087825775146484,-0.18750813603401184,0.49547073245048523,0.7101768851280212,0.6479367613792419,0.1126878634095192,0.2621036469936371,0.7515655755996704,1.016682505607605,-0.12200985103845596,0.5289990901947021,0.7397192716598511,1.02809739112854,0.12246209383010864,0.5929163694381714,0.7094685435295105,0.9248612523078918,-0.09214350581169128,0.3021171987056732,0.6862806081771851,0.9913333058357239,0.19397470355033875,0.1429504007101059,0.6834063529968262,1.1012122631072998,0.0722544863820076,0.0754147619009018,0.6697588562965393,1.0972559452056885,0.25339239835739136,0.035766322165727615,0.6965082883834839,1.1554752588272095,0.08403699100017548,0.14663048088550568,0.6782187223434448,1.1332740783691406,0.2578008472919464,0.08593720942735672,0.6201130151748657,1.0771794319152832,0.04591769725084305,0.07872185856103897,0.6106072068214417,1.074999213218689,0.23602783679962158,0.04616132378578186
0.6791681051254272,0.5719852447509766,-0.04539627209305763,0.9986909031867981,0.6974931955337524,0.5496774315834045,-0.05776354670524597,0.9985312223434448,0.704465389251709,0.55002361536026,-0.05772441625595093,0.9987650513648987,0.711664617061615,0.5510498285293579,-0.05766129493713379,0.9989359378814697,0.6868729591369629,0.549981951713562,-0.031094420701265335,0.998427152633667,0.68551105260849,0.5501152873039246,-0.03100980818271637,0.9980438351631165,0.6841073036193848,0.5506507754325867,-0.030910486355423927,0.9980170726776123,0.73261559009552,0.5627809762954712,-0.04954627901315689,0.9991967678070068,0.7039426565170288,0.5627189874649048,0.06757143139839172,0.9986831545829773,0.6932104229927063,0.5974642634391785,-0.036921869963407516,0.9975982308387756,0.6802467107772827,0.5970830917358398,-0.0029682149179279804,0.9968643188476562,0.7302824258804321,0.681939423084259,-0.1331266164779663,0.9972470998764038,0.7055245637893677,0.6772410273551941,0.1678706705570221,0.9926923513412476,0.6681484580039978,0.6883596181869507,-0.2529553771018982,0.9126237630844116,0.660642147064209,0.6725401282310486,0.0999150425195694,0.3578035533428192,0.6640387177467346,0.7020288109779358,-0.2053312063217163,0.57362961769104,0.6918857097625732,0.6186378002166748,-0.011284420266747475,0.25948986411094666,0.670081615447998,0.7086355090141296,-0.22770078480243683,0.5165797472000122,0.719764769077301,0.6168537139892578,-0.018898025155067444,0.23515591025352478,0.6705214977264404,0.7093613743782043,-0.22599032521247864,0.5253697633743286,0.7224950194358826,0.6152721047401428,-0.02350851707160473,0.24448388814926147,0.6704438328742981,0.712311327457428,-0.20228707790374756,0.5216090083122253,0.7151409983634949,0.636597752571106,-0.01711198128759861,0.2643696367740631,0.7519415616989136,0.9904469847679138,-0.09626544266939163,0.5372456312179565,0.7395868301391602,0.9998719692230225,0.09665904939174652,0.5858502984046936,0.7319841384887695,0.8458545804023743,-0.10009554773569107,0.2968563139438629,0.6895636320114136,0.8853538036346436,0.14745807647705078,0.13271896541118622,0.6789762377738953,0.9667714238166809,0.04058494418859482,0.07398831844329834,0.6690697073936462,0.963477373123169,0.17354080080986023,0.034150201827287674,0.6810607314109802,1.005211591720581,0.05031345412135124,0.14056584239006042,0.6726576089859009,0.994395911693573,0.17516157031059265,0.08179474622011185,0.6212916970252991,0.935532808303833,0.017383312806487083,0.08004575222730637,0.619441032409668,0.9290567636489868,0.16043297946453094,0.04625791311264038
0.6798601746559143,0.5719682574272156,-0.04384028911590576,0.9986177682876587,0.6983242034912109,0.5498793721199036,-0.05787994712591171,0.9984523057937622,0.7054044008255005,0.5503024458885193,-0.057869940996170044,0.9986736178398132,0.7127544283866882,0.5513969659805298,-0.05782792717218399,0.9988687634468079,0.6873539090156555,0.5500597357749939,-0.030796650797128677,0.9983364343643188,0.6859254240989685,0.5501901507377625,-0.030748402699828148,0.9978930354118347,0.6843363046646118,0.5507246851921082,-0.030688058584928513,0.9979066848754883,0.7328678369522095,0.5628188252449036,-0.05634869262576103,0.9990587830543518,0.7038633227348328,0.562705934047699,0.06669234484434128,0.9984868168830872,0.6942979097366333,0.5972408056259155,-0.03664744645357132,0.9971116185188293,0.6807680726051331,0.5962968468666077,-0.002353762276470661,0.9964296817779541,0.7306538820266724,0.678648829460144,-0.14538556337356567,0.9963479042053223,0.705369234085083,0.6744364500045776,0.17731082439422607,0.9898536801338196,0.6666675806045532,0.6844769716262817,-0.2509870231151581,0.9039416909217834,0.6602203249931335,0.6825889348983765,0.21076151728630066,0.3279174864292145,0.6593164205551147,0.7073187232017517,-0.18925759196281433,0.5697528719902039,0.6823364496231079,0.6189019083976746,0.21997793018817902,0.24012641608715057,0.6613103747367859,0.7149398922920227,-0.21381910145282745,0.5179728865623474,0.6934044361114502,0.666581928730011,0.23146863281726837,0.22088654339313507,0.6621153354644775,0.718288004398346,-0.21902695298194885,0.5258863568305969,0.6973918080329895,0.6673578023910522,0.22310476005077362,0.23015515506267548,0.6633141040802002,0.7221822142601013,-0.18509556353092194,0.5223269462585449,0.6956759095191956,0.6713227033615112,0.21448636054992676,0.24909454584121704,0.7543914318084717,0.9948675632476807,-0.09924447536468506,0.5103452801704407,0.7388166189193726,1.0045126676559448,0.09969965368509293,0.5478211641311646,0.7350149154663086,0.8642133474349976,-0.10407471656799316,0.2828058898448944,0.6865228414535522,0.9083687663078308,0.14290127158164978,0.12308747321367264,0.680079996585846,1.003611445426941,0.025853797793388367,0.07035651803016663,0.6689804196357727,0.9991528391838074,0.1672225296497345,0.03206195682287216,0.6847246289253235,1.0446741580963135,0.03512946888804436,0.13294093310832977,0.6715883016586304,1.0300157070159912,0.16914595663547516,0.07699106633663177,0.6246821880340576,0.9855558276176453,0.006486096885055304,0.0784209594130516,0.625539243221283,0.9792711734771729,0.15769773721694946,0.04520166665315628
0.680477499961853,0.5678690075874329,-0.03228989616036415,0.9985396862030029,0.6994376182556152,0.5480972528457642,-0.04991838335990906,0.9983895421028137,0.7072434425354004,0.5493344068527222,-0.049940865486860275,0.9985949993133545,0.7157930135726929,0.5510583519935608,-0.04995590075850487,0.9988331198692322,0.6883805990219116,0.5467948317527771,-0.02190624363720417,0.9982448220252991,0.6872411370277405,0.5466324090957642,-0.021878644824028015,0.9977237582206726,0.6860803365707397,0.5467402935028076,-0.02185237780213356,0.9978026747703552,0.7353186011314392,0.5626161098480225,-0.05934397131204605,0.9989851117134094,0.7049418687820435,0.5586423277854919,0.06665419787168503,0.9983705878257751,0.6948834657669067,0.5951740145683289,-0.02931791916489601,0.9968367218971252,0.6815177798271179,0.5905912518501282,0.006021168082952499,0.9961194396018982,0.7360163927078247,0.6758937239646912,-0.15135900676250458,0.9959213733673096,0.7066084742546082,0.669509768486023,0.1973874866962433,0.9887384176254272,0.6679350733757019,0.7092249393463135,-0.19545570015907288,0.8908140659332275,0.6591986417770386,0.6383087038993835,0.3448375165462494,0.3016757071018219,0.6550094485282898,0.7948290705680847,-0.06602753698825836,0.5483853220939636,0.6707897782325745,0.6122671961784363,0.4372643828392029,0.22044025361537933,0.6564193367958069,0.8165082931518555,-0.07668347656726837,0.5020958185195923,0.6560267210006714,0.6636499166488647,0.45995205640792847,0.2048342227935791,0.6577781438827515,0.815523087978363,-0.07652775943279266,0.509854793548584,0.6579574346542358,0.6592918038368225,0.43802785873413086,0.21414655447006226,0.6594172120094299,0.8139892220497131,-0.062131889164447784,0.5066863298416138,0.6584769487380981,0.6585180759429932,0.42566949129104614,0.23223409056663513,0.7595826387405396,0.9899303317070007,-0.1041182279586792,0.48795372247695923,0.738508939743042,0.9997655749320984,0.1045217365026474,0.5197682976722717,0.7368428111076355,0.872894287109375,-0.11699290573596954,0.27028754353523254,0.6847918033599854,0.9392688274383545,0.1386818140745163,0.11711122840642929,0.6855374574661255,1.0373772382736206,0.013215321116149426,0.06770876049995422,0.6746336221694946,1.0592734813690186,0.1621396541595459,0.030613072216510773,0.687512993812561,1.0807894468307495,0.023899581283330917,0.12716352939605713,0.6793746948242188,1.090627670288086,0.16427457332611084,0.0736280158162117,0.6355726718902588,0.9773118495941162,0.0005045599536970258,0.07751832157373428,0.6345955729484558,1.0594813823699951,0.1546299308538437,0.045053690671920776
0.6804543733596802,0.5601815581321716,-0.1301852911710739,0.9984997510910034,0.6995976567268372,0.5430387258529663,-0.13572260737419128,0.99832683801651,0.7079870104789734,0.5453498363494873,-0.13575147092342377,0.9985353350639343,0.7175959348678589,0.5484339594841003,-0.13580001890659332,0.9987972974777222,0.6882526874542236,0.5411587953567505,-0.1100265383720398,0.9981668591499329,0.6871027946472168,0.5411821603775024,-0.10997340828180313,0.9975847005844116,0.6859014630317688,0.5413010716438293,-0.10989062488079071,0.9976466298103333,0.737663745880127,0.5618495941162109,-0.1035337820649147,0.9989307522773743,0.7052612900733948,0.5547534227371216,0.010885022580623627,0.9981732368469238,0.6948621273040771,0.5901879668235779,-0.11247936636209488,0.9965878129005432,0.6812909245491028,0.5826883912086487,-0.07960018515586853,0.995681643486023,0.74020916223526,0.6728547811508179,-0.1837804615497589,0.9958720207214355,0.7033171057701111,0.6630950570106506,0.1604805886745453,0.987832248210907,0.6771661043167114,0.7126150727272034,-0.24611468613147736,0.8911344408988953,0.6545232534408569,0.620029628276825,0.2815086245536804,0.2858886420726776,0.6679998636245728,0.8366428017616272,-0.17271026968955994,0.54978346824646,0.6739155054092407,0.6099920868873596,0.33732911944389343,0.2066931575536728,0.6697588562965393,0.8805075287818909,-0.19681410491466522,0.5007791519165039,0.6712678670883179,0.6416401267051697,0.34570348262786865,0.1937093734741211,0.660900354385376,0.8849109411239624,-0.19883467257022858,0.5077495574951172,0.6736164689064026,0.6481809616088867,0.32975685596466064,0.20297382771968842,0.6565477848052979,0.8464860916137695,-0.1719312071800232,0.5045658349990845,0.6713841557502747,0.6435555219650269,0.32707542181015015,0.22022585570812225,0.7573521137237549,0.9927211999893188,-0.10483844578266144,0.49378877878189087,0.724965512752533,0.9989370703697205,0.10514599084854126,0.5189992785453796,0.7357004880905151,0.8845654129981995,-0.06821879744529724,0.26293495297431946,0.6706666946411133,0.9494636058807373,0.15704314410686493,0.12154281884431839,0.6828874349594116,1.0503554344177246,0.12446252256631851,0.06901510804891586,0.6662338972091675,1.0768513679504395,0.24489715695381165,0.032324112951755524,0.6859508752822876,1.0962485074996948,0.14107859134674072,0.12817563116550446,0.6737236380577087,1.1085201501846313,0.25269854068756104,0.07611911743879318,0.635271430015564,0.9899569153785706,0.1091737151145935,0.08098690211772919,0.6285668611526489,1.083168625831604,0.23448677361011505,0.04926944524049759
0.6813453435897827,0.5568751692771912,-0.11550384759902954,0.9984708428382874,0.701980710029602,0.5401811599731445,-0.12852469086647034,0.9982924461364746,0.7107824683189392,0.5428585410118103,-0.12859827280044556,0.998496413230896,0.7205495834350586,0.5463504195213318,-0.1286785900592804,0.9987664818763733,0.689742386341095,0.5381092429161072,-0.09874295443296432,0.9981309175491333,0.6884999871253967,0.5382182598114014,-0.09876172244548798,0.9974943995475769,0.6872720718383789,0.5383714437484741,-0.0987599566578865,0.9975733160972595,0.7399359941482544,0.5609089136123657,-0.11949674040079117,0.9989212155342102,0.7068886756896973,0.5532327890396118,0.013489740900695324,0.998177707195282,0.6966448426246643,0.5872703790664673,-0.10589168965816498,0.9964313507080078,0.6816288232803345,0.5792722105979919,-0.0676860511302948,0.9955563545227051,0.7431623339653015,0.6705721020698547,-0.21594476699829102,0.9958604574203491,0.7055081129074097,0.6637700200080872,0.16792576014995575,0.9875931143760681,0.6757265329360962,0.7156273722648621,-0.28017133474349976,0.8895806670188904,0.6328531503677368,0.5990254282951355,0.35761502385139465,0.27191710472106934,0.6636964082717896,0.8249307870864868,-0.1818821132183075,0.5424648523330688,0.6610037684440613,0.5971471667289734,0.48458266258239746,0.19235104322433472,0.6644097566604614,0.8577671647071838,-0.20684239268302917,0.4928152859210968,0.6431220769882202,0.6238430738449097,0.5034344792366028,0.18154017627239227,0.6559871435165405,0.8575555682182312,-0.20778866112232208,0.49928945302963257,0.6478108167648315,0.6343612670898438,0.4869459271430969,0.19066376984119415,0.6547427177429199,0.8441670536994934,-0.18073317408561707,0.49591827392578125,0.6473032832145691,0.63164222240448,0.4738445281982422,0.20724163949489594,0.7573547959327698,0.9965766072273254,-0.11824537813663483,0.4959094226360321,0.7252674698829651,1.0004966259002686,0.11848447471857071,0.5245164632797241,0.7334712743759155,0.8879772424697876,-0.0838712751865387,0.2569822669029236,0.6680154800415039,0.9930404424667358,0.16180047392845154,0.12934555113315582,0.6831093430519104,1.1355459690093994,0.09585021436214447,0.07428111135959625,0.6657309532165527,1.1792006492614746,0.24796704947948456,0.03649178519845009,0.6872376203536987,1.192646861076355,0.11093397438526154,0.13827203214168549,0.674121081829071,1.2174842357635498,0.25438007712364197,0.08411961048841476,0.6285222768783569,1.1470791101455688,0.07269910722970963,0.0896928682923317,0.6167955994606018,1.2093677520751953,0.22617729008197784,0.05529242381453514
0.6816735863685608,0.5567561388015747,-0.13057823479175568,0.9985274076461792,0.7022988796234131,0.5395650267601013,-0.1438715159893036,0.9983627200126648,0.711127519607544,0.5422025322914124,-0.14391794800758362,0.9985493421554565,0.7208833694458008,0.54566490650177,-0.14401070773601532,0.9987998604774475,0.6901094317436218,0.5374570488929749,-0.11091482639312744,0.998224139213562,0.6889380216598511,0.5375171899795532,-0.1109689325094223,0.9976027011871338,0.687787652015686,0.5375957489013672,-0.1109732836484909,0.9976881742477417,0.7409971356391907,0.5604549050331116,-0.13419784605503082,0.9989672899246216,0.7078626155853271,0.552436113357544,0.01395619846880436,0.9983013272285461,0.6977020502090454,0.5872865915298462,-0.12046279013156891,0.996484100818634,0.6821291446685791,0.5794805884361267,-0.07784181833267212,0.9957239031791687,0.7449856996536255,0.6705777645111084,-0.22734133899211884,0.9954742789268494,0.7088886499404907,0.6642526388168335,0.18614335358142853,0.9878861308097839,0.6719789505004883,0.7255104780197144,-0.27603915333747864,0.8848275542259216,0.6301923990249634,0.5938485860824585,0.39386308193206787,0.2628677487373352,0.6603639721870422,0.82063227891922,-0.1366429179906845,0.5245375037193298,0.6649490594863892,0.5954062342643738,0.5632488131523132,0.18018512427806854,0.6610936522483826,0.8475500345230103,-0.1567106544971466,0.47795942425727844,0.6518172025680542,0.6026510000228882,0.5871701240539551,0.17167948186397552,0.6548894643783569,0.8457749485969543,-0.159761443734169,0.4845965504646301,0.6571406126022339,0.6158517003059387,0.5764998197555542,0.18078754842281342,0.6543217897415161,0.838676393032074,-0.13602985441684723,0.48248225450515747,0.6563963294029236,0.6184777617454529,0.555198073387146,0.19683951139450073,0.7574987411499023,1.0100116729736328,-0.13469760119915009,0.47508102655410767,0.7275930047035217,1.0105435848236084,0.13498027622699738,0.5122917890548706,0.7186528444290161,0.9366526007652283,-0.08529489487409592,0.24998722970485687,0.6683569550514221,1.0477901697158813,0.18502070009708405,0.13010871410369873,0.6827264428138733,1.1941815614700317,0.08071346580982208,0.07560697197914124,0.6657799482345581,1.2466654777526855,0.2514467239379883,0.037577562034130096,0.6880701780319214,1.255239725112915,0.09515930712223053,0.14418284595012665,0.6749303340911865,1.289980173110962,0.255798876285553,0.08545608818531036,0.622775673866272,1.2065092325210571,0.06210899353027344,0.09343607723712921,0.611621618270874,1.2695081233978271,0.22442948818206787,0.057332076132297516
0.6822361350059509,0.5559079051017761,-0.11096818745136261,0.9986006617546082,0.7022770643234253,0.538487434387207,-0.1250290721654892,0.9984574317932129,0.7109783887863159,0.5410147905349731,-0.12508399784564972,0.9986271858215332,0.7205873727798462,0.544365644454956,-0.12516334652900696,0.998862624168396,0.6904429197311401,0.5364381670951843,-0.09339729696512222,0.998328447341919,0.6894015669822693,0.5365256667137146,-0.09343530982732773,0.9977335929870605,0.6883836388587952,0.5365995764732361,-0.09345125406980515,0.9978214502334595,0.7413062453269958,0.5597851872444153,-0.1290738880634308,0.9990266561508179,0.7086861729621887,0.5514131784439087,0.022547069936990738,0.9984210133552551,0.6982778310775757,0.5870731472969055,-0.10221836715936661,0.9966551065444946,0.6830207109451294,0.5793890357017517,-0.06135817617177963,0.9959652423858643,0.7450863122940063,0.6705869436264038,-0.22941866517066956,0.9955872297286987,0.711256742477417,0.6643678545951843,0.21220870316028595,0.9882224798202515,0.6739234328269958,0.7315189838409424,-0.2767955958843231,0.8849417567253113,0.6412563323974609,0.6059577465057373,0.4172356128692627,0.2484365552663803,0.6576506495475769,0.8302313685417175,-0.1382797807455063,0.52594393491745,0.6483399271965027,0.5985048413276672,0.5506288409233093,0.17027956247329712,0.6584925055503845,0.8582335114479065,-0.16087035834789276,0.47940564155578613,0.628198504447937,0.6058871746063232,0.5761047601699829,0.1646096557378769,0.653705894947052,0.8541795611381531,-0.16451042890548706,0.48615536093711853,0.632673442363739,0.6164511442184448,0.5533961057662964,0.17422033846378326,0.6533815860748291,0.85029137134552,-0.13861796259880066,0.48435819149017334,0.6345077753067017,0.6210491061210632,0.5380441546440125,0.19000741839408875,0.7569082975387573,1.0108987092971802,-0.1389566957950592,0.46695777773857117,0.7285388708114624,1.0110821723937988,0.1392994076013565,0.5074504613876343,0.7161762118339539,0.9326630234718323,-0.10897525399923325,0.2501249313354492,0.6686884760856628,1.0343812704086304,0.18135689198970795,0.1328013390302658,0.678512692451477,1.176871657371521,0.050602901726961136,0.07951416075229645,0.663650631904602,1.2255288362503052,0.229643315076828,0.03950764983892441,0.6867520213127136,1.2356215715408325,0.06417270004749298,0.15185916423797607,0.6735119223594666,1.2676608562469482,0.2299884855747223,0.08875942975282669,0.6179836988449097,1.1856855154037476,0.0352189727127552,0.09933075308799744,0.6059961915016174,1.2467483282089233,0.19229944050312042,0.06034059822559357
0.6837964653968811,0.5548474192619324,-0.09118355810642242,0.9986326098442078,0.7035679817199707,0.5375239849090576,-0.10134698450565338,0.9984866380691528,0.7121891379356384,0.5400325059890747,-0.10134637355804443,0.9986487627029419,0.7216365337371826,0.5433685183525085,-0.10140079259872437,0.9988755583763123,0.691834032535553,0.535496175289154,-0.0705428272485733,0.9983826875686646,0.6908254623413086,0.5356070399284363,-0.07054900377988815,0.9978032112121582,0.689864993095398,0.5356671214103699,-0.07053817808628082,0.9978920221328735,0.7425879836082458,0.5594159960746765,-0.09179738909006119,0.9990196228027344,0.7108154296875,0.5508636832237244,0.0512143075466156,0.9984708428382874,0.7000615000724792,0.5868151187896729,-0.07918202877044678,0.996531069278717,0.6847928762435913,0.5790777206420898,-0.03928318992257118,0.9959482550621033,0.7459271550178528,0.6699417233467102,-0.18920907378196716,0.9948694109916687,0.7166364192962646,0.6647573709487915,0.23222093284130096,0.9872773885726929,0.6789663434028625,0.7228577136993408,-0.22708740830421448,0.8697509169578552,0.648878276348114,0.6121017336845398,0.3909284770488739,0.23232018947601318,0.6682853698730469,0.7931376099586487,-0.08367732912302017,0.5025823712348938,0.6626962423324585,0.5961279273033142,0.49929556250572205,0.1587512344121933,0.671979546546936,0.8115910291671753,-0.09849206358194351,0.4605170488357544,0.6308060884475708,0.6021345853805542,0.5238988399505615,0.15580107271671295,0.6700201630592346,0.8092132210731506,-0.09594988077878952,0.4675150513648987,0.6336361169815063,0.6126725673675537,0.5113590955734253,0.16550298035144806,0.6697185635566711,0.8098040223121643,-0.07988126575946808,0.4670551121234894,0.6420319676399231,0.6173659563064575,0.49161267280578613,0.18058212101459503,0.7567886114120483,1.0109158754348755,-0.1402961164712906,0.4357326328754425,0.7316757440567017,1.0114786624908447,0.14062827825546265,0.4757310152053833,0.7148882150650024,0.9059830904006958,-0.12890109419822693,0.24460826814174652,0.6756426095962524,1.0104540586471558,0.17806310951709747,0.1277785748243332,0.6723067164421082,1.1498686075210571,0.01801217533648014,0.07869105041027069,0.6602331399917603,1.224385142326355,0.2218197137117386,0.038127586245536804,0.6808632612228394,1.21614670753479,0.029905373230576515,0.14930126070976257,0.6676467061042786,1.2519946098327637,0.2226601392030716,0.08485480397939682,0.612572193145752,1.1599810123443604,0.0017808448756113648,0.09973037987947464,0.6001625061035156,1.2352206707000732,0.19236940145492554,0.059471581131219864
0.683361291885376,0.5542122721672058,-0.06480066478252411,0.998712956905365,0.7026075124740601,0.536861002445221,-0.08936917781829834,0.9985877275466919,0.7106105089187622,0.539118766784668,-0.08931557834148407,0.998735249042511,0.7195932269096375,0.5422991514205933,-0.08929534256458282,0.9989474415779114,0.691719651222229,0.5352022051811218,-0.050572026520967484,0.99848473072052,0.6906804442405701,0.5353626012802124,-0.050566960126161575,0.9979446530342102,0.6898095607757568,0.5354654788970947,-0.05049894005060196,0.9980335831642151,0.7423075437545776,0.5593766570091248,-0.11123524606227875,0.9990712404251099,0.712534487247467,0.5509002208709717,0.05401825159788132,0.9985636472702026,0.6986578702926636,0.5862939953804016,-0.06914183497428894,0.9967745542526245,0.6847063899040222,0.5787790417671204,-0.019632285460829735,0.9962402582168579,0.7457813620567322,0.6697666049003601,-0.21988113224506378,0.9948967695236206,0.7208256125450134,0.6657695174217224,0.2300732433795929,0.9874944090843201,0.6872106790542603,0.7405670285224915,-0.2557521164417267,0.863396942615509,0.6465197801589966,0.6306387186050415,0.4252755641937256,0.22490708529949188,0.6723535060882568,0.8145775198936462,-0.10381726175546646,0.49688461422920227,0.610831081867218,0.6005460023880005,0.5603712201118469,0.15818442404270172,0.6745468378067017,0.837595522403717,-0.12410380691289902,0.4563699960708618,0.5978845357894897,0.6041348576545715,0.5895029902458191,0.15847480297088623,0.6733962893486023,0.8345215916633606,-0.11774492263793945,0.46366769075393677,0.6029775738716125,0.6095777153968811,0.5710203051567078,0.1692887246608734,0.6733695268630981,0.8319114446640015,-0.09682362526655197,0.46367084980010986,0.6064910292625427,0.6148823499679565,0.5512365698814392,0.18490539491176605,0.7569788098335266,1.010937213897705,-0.14107957482337952,0.40844565629959106,0.7344220876693726,1.013318657875061,0.14141669869422913,0.4470803141593933,0.714188277721405,0.8042495250701904,-0.12546783685684204,0.24413296580314636,0.6785637140274048,0.8782113194465637,0.19018875062465668,0.12145622819662094,0.6568533182144165,0.9601852297782898,0.06922809034585953,0.08677170425653458,0.6490752100944519,0.9538044333457947,0.27882635593414307,0.03829031065106392,0.6571863293647766,1.0109435319900513,0.0847879946231842,0.15774790942668915,0.647523045539856,0.986687421798706,0.28544265031814575,0.08531098067760468,0.6078664660453796,0.9316633343696594,0.04909280315041542,0.1093633621931076,0.5993326902389526,0.9085353016853333,0.2678631544113159,0.061362139880657196
0.6822432279586792,0.5545491576194763,-0.06733908504247665,0.9987713694572449,0.7003737688064575,0.5369135141372681,-0.09274964779615402,0.9986625909805298,0.7077352404594421,0.5390383005142212,-0.09265565872192383,0.9987962245941162,0.7164405584335327,0.5421208143234253,-0.09259479492902756,0.99899822473526,0.6909834146499634,0.5353849530220032,-0.05222504213452339,0.9985568523406982,0.6903084516525269,0.5355507135391235,-0.05223384499549866,0.9980428218841553,0.689720869064331,0.5356696248054504,-0.05220691114664078,0.9981354475021362,0.7422409057617188,0.5594948530197144,-0.12949295341968536,0.9991055130958557,0.7129837274551392,0.5510327219963074,0.05143342167139053,0.9986224174499512,0.6971087455749512,0.5865234732627869,-0.07222883403301239,0.9969733953475952,0.6845721006393433,0.5789908170700073,-0.02160138264298439,0.9964852333068848,0.7457048892974854,0.6698477864265442,-0.23956342041492462,0.9949354529380798,0.7223472595214844,0.667345404624939,0.22598762810230255,0.9877992868423462,0.6852335929870605,0.7544046640396118,-0.2750743627548218,0.8612934947013855,0.6463460326194763,0.6354421973228455,0.4094758629798889,0.22143235802650452,0.6700485944747925,0.8384482264518738,-0.11078832298517227,0.4922012686729431,0.6312378644943237,0.5938665270805359,0.5437209606170654,0.15591588616371155,0.6722019910812378,0.8655163645744324,-0.12077244371175766,0.4512835443019867,0.6174850463867188,0.5970733761787415,0.5693616271018982,0.15779560804367065,0.6712753772735596,0.8652526140213013,-0.12745720148086548,0.4584202766418457,0.6236613392829895,0.6000041961669922,0.5583195090293884,0.16879089176654816,0.6710726022720337,0.8602728247642517,-0.10767106711864471,0.45910778641700745,0.6251064538955688,0.6062124371528625,0.536797821521759,0.18461067974567413,0.7569839358329773,1.0132323503494263,-0.14358635246753693,0.3877151608467102,0.73478764295578,1.0176628828048706,0.14386889338493347,0.4262242317199707,0.712387204170227,0.7973325848579407,-0.12414757907390594,0.2449120730161667,0.6784671545028687,0.869492769241333,0.19835194945335388,0.11653003096580505,0.6519290208816528,0.9470716118812561,0.0829993262887001,0.09490928798913956,0.6437401175498962,0.9381235837936401,0.2918873131275177,0.039181116968393326,0.6512441039085388,0.9948981404304504,0.09961099177598953,0.16658209264278412,0.6410406827926636,0.970393717288971,0.29896026849746704,0.08691500872373581,0.6061975955963135,0.9226389527320862,0.0646529346704483,0.11971522122621536,0.599137008190155,0.8947202563285828,0.2819308042526245,0.06429095566272736
0.682366669178009,0.5561051964759827,-0.05469236895442009,0.9988336563110352,0.7004636526107788,0.5374496579170227,-0.07898369431495667,0.9987286329269409,0.7080374360084534,0.5397818088531494,-0.07894262671470642,0.9988537430763245,0.7169889211654663,0.5430653691291809,-0.07889162003993988,0.9990437030792236,0.6908932328224182,0.5356977581977844,-0.04143759235739708,0.9986280202865601,0.6902170181274414,0.5358496308326721,-0.041432760655879974,0.9981423616409302,0.6896229982376099,0.5359699726104736,-0.04140286520123482,0.9982320070266724,0.7422219514846802,0.5599454045295715,-0.1097976416349411,0.9991262555122375,0.712821364402771,0.5510590672492981,0.06013347581028938,0.9986738562583923,0.6978690028190613,0.5900866389274597,-0.0567624568939209,0.9970990419387817,0.6847751140594482,0.5819664597511292,-0.009479431435465813,0.9966520071029663,0.7470160722732544,0.6699147820472717,-0.22625890374183655,0.9949294924736023,0.7230997085571289,0.6674769520759583,0.23931176960468292,0.987714409828186,0.683789849281311,0.7516825795173645,-0.25997015833854675,0.8530243039131165,0.6467239260673523,0.644338846206665,0.4004875123500824,0.2097601294517517,0.6678779721260071,0.8321002125740051,-0.11189775168895721,0.4860645830631256,0.6392265558242798,0.5952430963516235,0.4935016632080078,0.1507997065782547,0.6702976822853088,0.8580411076545715,-0.12244138866662979,0.44735267758369446,0.6294620633125305,0.6066408157348633,0.5165436863899231,0.155987948179245,0.6691983938217163,0.8573392629623413,-0.1270606815814972,0.4547472596168518,0.6352063417434692,0.6064906716346741,0.5031445622444153,0.1674841195344925,0.6689299941062927,0.8527290225028992,-0.10876353085041046,0.45587629079818726,0.635428786277771,0.6100335717201233,0.48575109243392944,0.18280963599681854,0.7571609616279602,1.0136829614639282,-0.14467960596084595,0.3634699881076813,0.7349000573158264,1.0197052955627441,0.14497654139995575,0.39942416548728943,0.7083893418312073,0.8230482339859009,-0.12333707511425018,0.2381896823644638,0.6784003376960754,0.8953407406806946,0.19535596668720245,0.10972733050584793,0.6470752954483032,0.9920818209648132,0.0617641806602478,0.09535831212997437,0.6395740509033203,0.9855514168739319,0.2720738649368286,0.03763584420084953,0.648554265499115,1.0443389415740967,0.07390075922012329,0.1671522706747055,0.6376605033874512,1.0206605195999146,0.2775801122188568,0.08453503251075745,0.5969727039337158,0.969913125038147,0.03737664595246315,0.12186596542596817,0.590973973274231,0.952930748462677,0.2593746781349182,0.06322839111089706
0.6823543310165405,0.5561553239822388,-0.07796716690063477,0.9988896250724792,0.7004542946815491,0.5375522375106812,-0.1000053659081459,0.9987815022468567,0.7080894708633423,0.5398431420326233,-0.09994365274906158,0.9988976120948792,0.7172225713729858,0.5432044863700867,-0.09986647963523865,0.9990799427032471,0.6908310055732727,0.5357882976531982,-0.06543391197919846,0.9986830949783325,0.6901421546936035,0.5359224677085876,-0.06540879607200623,0.9982098340988159,0.6895270943641663,0.5360388159751892,-0.06534190475940704,0.9983015060424805,0.7421954870223999,0.5607938766479492,-0.11680427938699722,0.9991390109062195,0.7121714949607849,0.5511155724525452,0.03768292814493179,0.998708188533783,0.6979952454566956,0.5909484624862671,-0.07566040009260178,0.9971891045570374,0.6847284436225891,0.5823221206665039,-0.03222401812672615,0.9967471957206726,0.7470437288284302,0.6725620031356812,-0.2251671850681305,0.9949185848236084,0.7220707535743713,0.6673327088356018,0.23024272918701172,0.9877257943153381,0.6830130219459534,0.7522581219673157,-0.26253408193588257,0.8483279943466187,0.6455367803573608,0.6416054964065552,0.3848673105239868,0.2024221122264862,0.6676116585731506,0.8450796604156494,-0.11573068797588348,0.4813229739665985,0.6430425047874451,0.5918115973472595,0.48654475808143616,0.14475344121456146,0.6698551177978516,0.8748977184295654,-0.12581917643547058,0.44444379210472107,0.6349645853042603,0.605353057384491,0.5066250562667847,0.15171067416667938,0.6678391695022583,0.8941692113876343,-0.1340857446193695,0.4519518315792084,0.6401374340057373,0.6072091460227966,0.4970634877681732,0.1632019430398941,0.6676583886146545,0.8701377511024475,-0.11478753387928009,0.453605055809021,0.6392698884010315,0.611973226070404,0.47934669256210327,0.17816583812236786,0.7572344541549683,1.015704870223999,-0.1445271074771881,0.3449997007846832,0.7324030995368958,1.0222350358963013,0.14483392238616943,0.38075560331344604,0.703344464302063,0.839896559715271,-0.1151764839887619,0.23154588043689728,0.6691278219223022,0.916262686252594,0.19770917296409607,0.10514576733112335,0.6521157622337341,1.0164635181427002,0.06776861846446991,0.09527917206287384,0.6424792408943176,1.0243760347366333,0.2733123302459717,0.03652099519968033,0.6551708579063416,1.06956946849823,0.08132947236299515,0.16669133305549622,0.6429314613342285,1.0596067905426025,0.2789416015148163,0.08196880668401718,0.6005315780639648,1.000633955001831,0.052823442965745926,0.12466268241405487,0.5930886268615723,1.0059702396392822,0.2651307284832001,0.06292970478534698
0.683803141117096,0.5564046502113342,-0.09098108112812042,0.998936116695404,0.7024823427200317,0.5377020239830017,-0.10577069222927094,0.9988213181495667,0.7110734581947327,0.5401612520217896,-0.10573898255825043,0.9989340901374817,0.7207540273666382,0.5436489582061768,-0.10570012032985687,0.999107301235199,0.6912161707878113,0.535860002040863,-0.07588450610637665,0.998728334903717,0.6902932524681091,0.5360708832740784,-0.07587607949972153,0.9982700347900391,0.6895004510879517,0.5362802147865295,-0.07584163546562195,0.9983578324317932,0.7426856160163879,0.5611274242401123,-0.108991339802742,0.9991413950920105,0.7106109857559204,0.5516974329948425,0.03108520247042179,0.9987417459487915,0.701303243637085,0.5920324325561523,-0.08261463046073914,0.9972233772277832,0.6862118244171143,0.5834432244300842,-0.04512159153819084,0.9968178272247314,0.7474378347396851,0.6732049584388733,-0.20525479316711426,0.9950038194656372,0.7214543223381042,0.6693050861358643,0.2179584950208664,0.9877195954322815,0.6825045943260193,0.7506306767463684,-0.2523590922355652,0.8481817841529846,0.6452674269676208,0.6412898898124695,0.3538951575756073,0.20325589179992676,0.6702376008033752,0.8450508117675781,-0.13133744895458221,0.48003265261650085,0.6723296642303467,0.5922366380691528,0.4686304032802582,0.14347022771835327,0.6832789182662964,0.8985971212387085,-0.14760932326316833,0.4429468810558319,0.6874812245368958,0.6019977927207947,0.4874836802482605,0.1508006602525711,0.6721620559692383,0.9001782536506653,-0.1539049595594406,0.4507032036781311,0.6666945219039917,0.604945182800293,0.49303382635116577,0.16216106712818146,0.6712598204612732,0.8726117014884949,-0.13148733973503113,0.4528539776802063,0.6656029224395752,0.6114040613174438,0.4699088931083679,0.1765264868736267,0.7564916014671326,1.0157060623168945,-0.1419609934091568,0.33563584089279175,0.7323194742202759,1.0224937200546265,0.14222586154937744,0.36999911069869995,0.7021475434303284,0.8503023982048035,-0.10917291790246964,0.22674961388111115,0.6694390773773193,0.9247354865074158,0.19535335898399353,0.10148436576128006,0.663712739944458,1.047899603843689,0.06655395776033401,0.0956154614686966,0.6517494320869446,1.0616834163665771,0.26778659224510193,0.03570755571126938,0.6743125915527344,1.1022534370422363,0.08031319826841354,0.16794012486934662,0.656805694103241,1.0994281768798828,0.27286040782928467,0.08077464252710342,0.6120851635932922,1.048858880996704,0.05152984708547592,0.1262277215719223,0.5986664295196533,1.06121826171875,0.25568151473999023,0.06289224326610565
0.6838759183883667,0.5564996004104614,-0.06775166839361191,0.9989460706710815,0.7024322748184204,0.5377814173698425,-0.08777521550655365,0.9988222718238831,0.7109886407852173,0.5401999354362488,-0.08776609599590302,0.9989356994628906,0.7206209897994995,0.54372239112854,-0.08774027973413467,0.9991055727005005,0.6911836266517639,0.5359625220298767,-0.054541416466236115,0.9987276196479797,0.690251886844635,0.5361775159835815,-0.05453737825155258,0.9982741475105286,0.6894457340240479,0.5363933444023132,-0.05452655628323555,0.9983712434768677,0.7426193952560425,0.561393141746521,-0.1033516526222229,0.9991173148155212,0.7102379202842712,0.5518333911895752,0.04579262062907219,0.9987374544143677,0.7014461159706116,0.592080295085907,-0.0660143494606018,0.9971892833709717,0.6865949630737305,0.5834789276123047,-0.023935634642839432,0.9968223571777344,0.7474647760391235,0.6732121706008911,-0.2015887051820755,0.9947858452796936,0.7212539315223694,0.6697631478309631,0.22570493817329407,0.9872034788131714,0.682837188243866,0.7502666711807251,-0.2473493069410324,0.8389325737953186,0.6445793509483337,0.6464918255805969,0.3778843581676483,0.1971387416124344,0.6753210425376892,0.844219446182251,-0.1225607618689537,0.47225135564804077,0.6681068539619446,0.5926018357276917,0.49069517850875854,0.1422562152147293,0.6844329833984375,0.8823503851890564,-0.13601230084896088,0.43898889422416687,0.6830571889877319,0.5985352993011475,0.5143086910247803,0.15231671929359436,0.6796820759773254,0.8825181126594543,-0.1424148976802826,0.4471668004989624,0.6614758372306824,0.6055915951728821,0.5091911554336548,0.1644229292869568,0.6776811480522156,0.8709849715232849,-0.12210551649332047,0.449616402387619,0.6618549823760986,0.6123202443122864,0.48654595017433167,0.17850136756896973,0.7547392845153809,1.0157221555709839,-0.14251373708248138,0.3121054470539093,0.7291972041130066,1.0225508213043213,0.14287789165973663,0.3442332446575165,0.7020076513290405,0.8517600297927856,-0.12217430025339127,0.22072893381118774,0.6674273610115051,0.9301820993423462,0.19155386090278625,0.09594395011663437,0.6638889312744141,1.0495896339416504,0.04444977268576622,0.09352224320173264,0.650810718536377,1.0590559244155884,0.2671629786491394,0.03382686525583267,0.6739439964294434,1.1035650968551636,0.05682889372110367,0.16347995400428772,0.6553741693496704,1.095340371131897,0.27161282300949097,0.07653775811195374,0.6100249290466309,1.004135251045227,0.01718657836318016,0.12577641010284424,0.5989792346954346,1.0524762868881226,0.25050294399261475,0.061033934354782104
0.6834291815757751,0.5565745830535889,-0.04500027000904083,0.9989432096481323,0.7015548944473267,0.5378389358520508,-0.06961075961589813,0.9988288879394531,0.7098579406738281,0.5402491092681885,-0.0696057379245758,0.9989407658576965,0.7195327877998352,0.543746829032898,-0.06961709260940552,0.9991073608398438,0.6909862756729126,0.5360386967658997,-0.032882142812013626,0.9987403154373169,0.6901833415031433,0.5362598299980164,-0.03288669139146805,0.9982995390892029,0.6894062757492065,0.536482572555542,-0.032882750034332275,0.998404860496521,0.7425903677940369,0.5619088411331177,-0.10187240689992905,0.9990934729576111,0.7101976871490479,0.5520439743995667,0.060554277151823044,0.9987540245056152,0.7008079886436462,0.5918540954589844,-0.051146499812603,0.9971659779548645,0.686528742313385,0.5833795666694641,-0.004210038110613823,0.9968467354774475,0.7469347715377808,0.6733172535896301,-0.20187163352966309,0.9942722916603088,0.7212619781494141,0.6726224422454834,0.23139159381389618,0.9861569404602051,0.6825814843177795,0.7193968296051025,-0.22368745505809784,0.8317517042160034,0.6452372074127197,0.6658324003219604,0.41904908418655396,0.18860916793346405,0.6761273145675659,0.7512900233268738,-0.019575588405132294,0.4563117027282715,0.6536880731582642,0.6167935132980347,0.5712438225746155,0.1365528404712677,0.6830970048904419,0.7645135521888733,-0.017721127718687057,0.4258338510990143,0.6581816077232361,0.6092126965522766,0.6039118766784668,0.14831718802452087,0.6810818314552307,0.7650421261787415,-0.025669220834970474,0.43395084142684937,0.6581500172615051,0.6126369833946228,0.6006016731262207,0.16049076616764069,0.6796993613243103,0.7655981183052063,-0.016417574137449265,0.4375794529914856,0.6598474979400635,0.6180227398872375,0.5693601369857788,0.17449195683002472,0.7530969381332397,1.015885353088379,-0.14296689629554749,0.29314592480659485,0.7291286587715149,1.0241996049880981,0.14331777393817902,0.3240618407726288,0.6968988180160522,0.8434629440307617,-0.11250549554824829,0.2185523509979248,0.6677528619766235,0.9116286039352417,0.20022496581077576,0.08978834748268127,0.6602378487586975,1.0183237791061401,0.060927074402570724,0.09168065339326859,0.6505026817321777,1.0068269968032837,0.2852707505226135,0.032157670706510544,0.6682143807411194,1.0670582056045532,0.07487411797046661,0.16130854189395905,0.653708815574646,1.0398882627487183,0.2924756407737732,0.07364790141582489,0.6100592017173767,1.0008738040924072,0.05308093503117561,0.12408521771430969,0.6003400087356567,0.9823876023292542,0.28744393587112427,0.05914340540766716
0.6828912496566772,0.5565994381904602,-0.06435579806566238,0.9989312887191772,0.7003462314605713,0.5378067493438721,-0.09253010898828506,0.9988219141960144,0.7083033919334412,0.5402389764785767,-0.09252451360225677,0.9989396333694458,0.7179181575775146,0.5437725186347961,-0.09250947833061218,0.9990975260734558,0.6906434893608093,0.5359986424446106,-0.05483314394950867,0.9987284541130066,0.6899959444999695,0.5362300872802734,-0.054863542318344116,0.9982939958572388,0.6893486380577087,0.5364845991134644,-0.05485575646162033,0.9983943104743958,0.7425348162651062,0.5625835657119751,-0.12771473824977875,0.9990938901901245,0.7101686596870422,0.5520843267440796,0.03636803478002548,0.9987586736679077,0.6991515159606934,0.5918218493461609,-0.0716153234243393,0.9972200393676758,0.6862181425094604,0.5833746194839478,-0.023822829127311707,0.9969051480293274,0.74688720703125,0.6753144860267639,-0.23567745089530945,0.9941138625144958,0.7214155197143555,0.6729024648666382,0.2198169231414795,0.9859554171562195,0.6810170412063599,0.7508355975151062,-0.26939696073532104,0.8287506699562073,0.6473599076271057,0.6633691191673279,0.41265612840652466,0.18025054037570953,0.6714881658554077,0.8164524435997009,-0.09457875043153763,0.45432186126708984,0.6409450173377991,0.6294896006584167,0.5687338709831238,0.13291072845458984,0.6752452254295349,0.8364613652229309,-0.09045520424842834,0.4267263412475586,0.638055682182312,0.6231809854507446,0.6001137495040894,0.1474502980709076,0.6752526164054871,0.8308169841766357,-0.10951244831085205,0.435973197221756,0.64363032579422,0.626572847366333,0.5914105176925659,0.16006219387054443,0.674980103969574,0.8315824270248413,-0.09473296254873276,0.44011032581329346,0.6463273763656616,0.6318892240524292,0.5637890100479126,0.17379611730575562,0.7499193549156189,1.0219563245773315,-0.14538522064685822,0.2732407748699188,0.7268082499504089,1.0263925790786743,0.14580199122428894,0.3026680052280426,0.6980518698692322,0.860076367855072,-0.11701907962560654,0.21323032677173615,0.6671825647354126,0.9192035794258118,0.20193299651145935,0.0858035683631897,0.6609345078468323,1.0245598554611206,0.06284479051828384,0.09182429313659668,0.6505392789840698,1.0249892473220825,0.29056209325790405,0.03106854483485222,0.6694551706314087,1.0765334367752075,0.07739479839801788,0.1617712378501892,0.6537702679634094,1.0593665838241577,0.29717549681663513,0.07144586741924286,0.61325603723526,1.0107423067092896,0.05058087036013603,0.1251511424779892,0.6020482778549194,1.0066406726837158,0.28223878145217896,0.05812161788344383
0.6815489530563354,0.5562778115272522,-0.0758916363120079,0.9988037347793579,0.6986690759658813,0.5375146865844727,-0.10279995203018188,0.9986697435379028,0.706339418888092,0.5399967432022095,-0.10282181203365326,0.9988306760787964,0.7159832715988159,0.5436656475067139,-0.10287753492593765,0.9989811778068542,0.6897615790367126,0.5357207655906677,-0.06629934906959534,0.9985758662223816,0.6893033385276794,0.5360017418861389,-0.06634360551834106,0.998131275177002,0.6888348460197449,0.5363233089447021,-0.06635144352912903,0.9982193112373352,0.7422285079956055,0.5629538297653198,-0.1342870146036148,0.9990208745002747,0.7101471424102783,0.5521238446235657,0.026342909783124924,0.9987058043479919,0.6970316171646118,0.5914803743362427,-0.0811053141951561,0.9970681667327881,0.6851775050163269,0.5829711556434631,-0.03459010645747185,0.996798038482666,0.7466383576393127,0.6774465441703796,-0.23780672252178192,0.9936829805374146,0.7213097214698792,0.6734549403190613,0.20496097207069397,0.9861396551132202,0.6792219281196594,0.7622641921043396,-0.2547036409378052,0.818295955657959,0.6473537683486938,0.6605145335197449,0.4100128710269928,0.18050570785999298,0.6721388101577759,0.8273361921310425,-0.05187516659498215,0.433097243309021,0.6677135229110718,0.6175759434700012,0.5541896224021912,0.12866105139255524,0.6761895418167114,0.8471688628196716,-0.05296672508120537,0.40939319133758545,0.6877703666687012,0.6167856454849243,0.5849063992500305,0.14403964579105377,0.6771079301834106,0.8404293060302734,-0.06776546686887741,0.4189191460609436,0.6944792866706848,0.6230555176734924,0.583009660243988,0.1565326303243637,0.6765297055244446,0.8414192199707031,-0.05176674202084541,0.4243807792663574,0.6641685962677002,0.6300447583198547,0.5520573258399963,0.17024877667427063,0.7433780431747437,1.0260229110717773,-0.14638614654541016,0.2569723427295685,0.7241230010986328,1.028083086013794,0.14681009948253632,0.2897300720214844,0.6969183683395386,0.8881981372833252,-0.1159992665052414,0.20950791239738464,0.6674209237098694,0.930695652961731,0.2079232633113861,0.08391433954238892,0.6702438592910767,1.0830776691436768,0.08479932695627213,0.09026910364627838,0.657394528388977,1.0765424966812134,0.3064863085746765,0.030543768778443336,0.6820886731147766,1.1358463764190674,0.10215117037296295,0.1607268750667572,0.6631067991256714,1.115317463874817,0.314780056476593,0.07025464624166489,0.6246241331100464,1.0810691118240356,0.07772937417030334,0.12250834703445435,0.6087868213653564,1.0713694095611572,0.3003406226634979,0.057206738740205765
0.6812639832496643,0.555787205696106,-0.16190846264362335,0.998857855796814,0.6979230046272278,0.5369295477867126,-0.17622695863246918,0.9987302422523499,0.7054005861282349,0.5392385721206665,-0.17630904912948608,0.9988890290260315,0.7150558233261108,0.542917013168335,-0.1764564961194992,0.9990189671516418,0.6891129016876221,0.5354217290878296,-0.1410491168498993,0.9986512660980225,0.6885551810264587,0.5357542634010315,-0.14112183451652527,0.9982352256774902,0.6879783868789673,0.5361354947090149,-0.1411474198102951,0.998302161693573,0.7421659231185913,0.5629730820655823,-0.16477800905704498,0.999081015586853,0.7085241675376892,0.5521422624588013,-0.006017754785716534,0.9987939596176147,0.696146547794342,0.5904295444488525,-0.15023718774318695,0.9972221255302429,0.6845121383666992,0.582258939743042,-0.10503263771533966,0.9969707131385803,0.7481727600097656,0.6804836988449097,-0.2592177093029022,0.9938001036643982,0.7212554812431335,0.6742231845855713,0.19927164912223816,0.9870513081550598,0.6780992746353149,0.7854967713356018,-0.27007782459259033,0.820613443851471,0.6480931639671326,0.6627121567726135,0.3925060033798218,0.18696723878383636,0.6666523218154907,0.860303521156311,-0.055281706154346466,0.4252050817012787,0.684220016002655,0.6131866574287415,0.5334236025810242,0.12530720233917236,0.6671466827392578,0.8826483488082886,-0.06124689429998398,0.40113013982772827,0.6998986005783081,0.6162660717964172,0.5608807802200317,0.1399015188217163,0.6741757988929749,0.8929479718208313,-0.08555835485458374,0.41140180826187134,0.7134779095649719,0.6200955510139465,0.5566499829292297,0.15191751718521118,0.6703222990036011,0.8740704655647278,-0.05424925684928894,0.41709810495376587,0.6764774918556213,0.6351975798606873,0.5296818017959595,0.16514348983764648,0.7422921657562256,1.0419877767562866,-0.15197381377220154,0.255717396736145,0.7182348966598511,1.0371564626693726,0.15231573581695557,0.3001438081264496,0.6943003535270691,0.962912380695343,-0.11681272089481354,0.2143257111310959,0.6666622161865234,1.0209122896194458,0.22331325709819794,0.09423868358135223,0.6808871626853943,1.1894363164901733,0.0912604108452797,0.09154608100652695,0.6634567975997925,1.2043168544769287,0.3164372742176056,0.03333672136068344,0.6982335448265076,1.2448822259902954,0.10944515466690063,0.16559669375419617,0.6722304821014404,1.246085524559021,0.32360610365867615,0.07573141902685165,0.6298301219940186,1.1966973543167114,0.08197914063930511,0.1224772036075592,0.6109445691108704,1.2171990871429443,0.2998191714286804,0.059825073927640915
0.6812235116958618,0.5558680891990662,-0.14587855339050293,0.9989158511161804,0.6976999044418335,0.5369523167610168,-0.1646406352519989,0.9987967610359192,0.7050880193710327,0.5392584204673767,-0.1646900475025177,0.9989502429962158,0.7146489024162292,0.5429337024688721,-0.1648028939962387,0.9990625977516174,0.6890278458595276,0.5354338884353638,-0.1288835108280182,0.9987359642982483,0.6885011196136475,0.5357781648635864,-0.12897104024887085,0.9983497262001038,0.6879540681838989,0.5361616015434265,-0.12899452447891235,0.9984021186828613,0.7421180009841919,0.5632021427154541,-0.1657855361700058,0.9991393089294434,0.7084410786628723,0.552174985408783,-0.004908987786620855,0.9988881349563599,0.6958438754081726,0.5903968214988708,-0.1385429948568344,0.9973876476287842,0.6844751238822937,0.5822679400444031,-0.09277401119470596,0.9971657395362854,0.7503488063812256,0.6822851300239563,-0.2632810175418854,0.9939626455307007,0.7213658094406128,0.6750051379203796,0.20121237635612488,0.9879655838012695,0.6742559671401978,0.7929543852806091,-0.2686169147491455,0.8187205195426941,0.6548678278923035,0.6661416888237,0.4054926335811615,0.18456639349460602,0.6584922075271606,0.8659064173698425,-0.06548991799354553,0.4117705821990967,0.6903573870658875,0.6126362681388855,0.5883516669273376,0.11849410086870193,0.6564397215843201,0.8887330889701843,-0.07016631960868835,0.39019232988357544,0.7042185068130493,0.6188517808914185,0.6212144494056702,0.13304422795772552,0.6620189547538757,0.887155294418335,-0.08449137955904007,0.40151554346084595,0.718103289604187,0.6199772357940674,0.6214444041252136,0.14447014033794403,0.662284255027771,0.8791335821151733,-0.06446201354265213,0.408104807138443,0.6802798509597778,0.6448343992233276,0.5868332982063293,0.15714143216609955,0.7429894208908081,1.0508030652999878,-0.15579786896705627,0.24904291331768036,0.7195448279380798,1.0464593172073364,0.1560612916946411,0.30091211199760437,0.6930302381515503,0.9512268900871277,-0.1160980835556984,0.21413230895996094,0.6685435175895691,1.0039312839508057,0.22774545848369598,0.09552842378616333,0.6805372834205627,1.172163724899292,0.0910734087228775,0.09319747239351273,0.6658303737640381,1.1743379831314087,0.31773585081100464,0.033935755491256714,0.6982846260070801,1.228317141532898,0.10918040573596954,0.17133024334907532,0.674672544002533,1.2154003381729126,0.32486411929130554,0.07831329107284546,0.6280062794685364,1.173831820487976,0.09068447351455688,0.12261835485696793,0.6107412576675415,1.1812007427215576,0.3127462863922119,0.06032204255461693
0.6814401745796204,0.5558884739875793,-0.15865497291088104,0.9988906979560852,0.6977138519287109,0.5369762182235718,-0.17577093839645386,0.9987768530845642,0.7050933837890625,0.5392540693283081,-0.17577725648880005,0.9989359974861145,0.7145563960075378,0.5428226590156555,-0.17584127187728882,0.999028205871582,0.6890212297439575,0.535464346408844,-0.13970550894737244,0.9987397789955139,0.6884890794754028,0.5358132123947144,-0.13974794745445251,0.9983632564544678,0.6879162788391113,0.5362045764923096,-0.1397213339805603,0.9983956217765808,0.7420555353164673,0.5631029605865479,-0.16814139485359192,0.9991217255592346,0.7074953317642212,0.5521926879882812,-0.00515004713088274,0.9988836050033569,0.6959081888198853,0.5902737379074097,-0.1478678584098816,0.9973360896110535,0.6845899820327759,0.5822845697402954,-0.10143382847309113,0.9971275329589844,0.7512155175209045,0.6822492480278015,-0.26138705015182495,0.9930741786956787,0.721339225769043,0.6765502691268921,0.20084218680858612,0.987705647945404,0.6771361231803894,0.7856102585792542,-0.2728741765022278,0.8068673610687256,0.6565200686454773,0.6897897720336914,0.4070425033569336,0.17571283876895905,0.6594419479370117,0.8629338145256042,-0.06611412018537521,0.39649325609207153,0.6851423382759094,0.6223700642585754,0.5596343278884888,0.11260291188955307,0.6574341654777527,0.8809219598770142,-0.08139702677726746,0.3782685399055481,0.694908618927002,0.6334161162376404,0.5893582105636597,0.12849682569503784,0.6626216769218445,0.8707075715065002,-0.0893927663564682,0.3901982605457306,0.6736101508140564,0.6718780994415283,0.5839465856552124,0.1396639496088028,0.6639654040336609,0.8705490231513977,-0.06616376340389252,0.3976309597492218,0.669700562953949,0.6789705157279968,0.5556918382644653,0.15203595161437988,0.7449222803115845,1.0503560304641724,-0.15776225924491882,0.23238833248615265,0.7203733921051025,1.0482724905014038,0.15805333852767944,0.2817133367061615,0.695622444152832,0.9006358981132507,-0.1269458383321762,0.217654287815094,0.6684226393699646,0.9486300349235535,0.22794969379901886,0.09348689764738083,0.6796912550926208,1.072975754737854,0.08768876641988754,0.10029693692922592,0.6649271249771118,1.0535249710083008,0.3228539824485779,0.034502290189266205,0.6970704197883606,1.1222525835037231,0.10834755003452301,0.18156518042087555,0.6736571192741394,1.0871466398239136,0.3305700421333313,0.07928528636693954,0.6271229982376099,1.0643147230148315,0.08437575399875641,0.12929993867874146,0.6139696836471558,1.0332385301589966,0.31945526599884033,0.061411723494529724
0.6815859079360962,0.5559125542640686,-0.16404619812965393,0.9989238381385803,0.6977072358131409,0.5369654893875122,-0.18278025090694427,0.998816192150116,0.705022394657135,0.5391292572021484,-0.18278175592422485,0.9989736676216125,0.7143142819404602,0.5425168871879578,-0.18285571038722992,0.999051034450531,0.6890124082565308,0.5354875326156616,-0.1452902853488922,0.9987902641296387,0.6884622573852539,0.5358317494392395,-0.14532272517681122,0.9984341859817505,0.6878595948219299,0.5362170338630676,-0.1452639400959015,0.9984457492828369,0.7419909834861755,0.5630069375038147,-0.1803031861782074,0.9991556406021118,0.7065747976303101,0.5522212982177734,-0.012310696765780449,0.9989258646965027,0.695978045463562,0.5901622772216797,-0.1547919511795044,0.9974445700645447,0.6846861243247986,0.5822955965995789,-0.10704833269119263,0.9972336292266846,0.7538127303123474,0.6839841604232788,-0.28434333205223083,0.9929899573326111,0.7212344408035278,0.6772509813308716,0.20125122368335724,0.9879299402236938,0.6771330237388611,0.8045804500579834,-0.28079187870025635,0.8098007440567017,0.658096194267273,0.6900326013565063,0.4051019251346588,0.17110762000083923,0.6544345617294312,0.8776012659072876,-0.06130903214216232,0.3946852684020996,0.6838478446006775,0.6221573948860168,0.553752601146698,0.10726191103458405,0.6502207517623901,0.9004331231117249,-0.06152699142694473,0.37609484791755676,0.692632257938385,0.6306959986686707,0.5840492248535156,0.12328856438398361,0.6609205007553101,0.8964054584503174,-0.07310278713703156,0.3885818123817444,0.6988974809646606,0.660294234752655,0.5797387957572937,0.1339496225118637,0.6573377847671509,0.8891270160675049,-0.058807116001844406,0.396098256111145,0.6688991785049438,0.6718559861183167,0.550143837928772,0.14586904644966125,0.7483955025672913,1.0543456077575684,-0.15981575846672058,0.22323493659496307,0.7232078313827515,1.0534318685531616,0.16005010902881622,0.2721908986568451,0.6973920464515686,0.9000632166862488,-0.11577018350362778,0.22142349183559418,0.6690734028816223,0.9466673135757446,0.24264149367809296,0.09313315898180008,0.6787893176078796,1.0614739656448364,0.1135731190443039,0.10509602725505829,0.6651721000671387,1.0388654470443726,0.3535058796405792,0.03536011651158333,0.6942034959793091,1.1087794303894043,0.13448280096054077,0.1910315752029419,0.6722885966300964,1.0712236166000366,0.363602876663208,0.08246316015720367,0.6263859868049622,1.049525499343872,0.12005861103534698,0.13305526971817017,0.6165843605995178,1.0140684843063354,0.3654676675796509,0.06233152002096176
0.6818419098854065,0.5559383630752563,-0.14855173230171204,0.9989492297172546,0.6977155208587646,0.5369536876678467,-0.1678180992603302,0.9988356232643127,0.705025315284729,0.5390517115592957,-0.1678410917520523,0.9989954829216003,0.7142575979232788,0.5423776507377625,-0.1679151952266693,0.9990639090538025,0.6890071630477905,0.535506546497345,-0.13117976486682892,0.9988188743591309,0.6884379386901855,0.5358434319496155,-0.131210595369339,0.9984768033027649,0.6877977848052979,0.5362582802772522,-0.13117541372776031,0.9984773397445679,0.741963803768158,0.5630204677581787,-0.1712806075811386,0.9991727471351624,0.706045389175415,0.5524179339408875,-0.0063341883942484856,0.9989595413208008,0.6963091492652893,0.5901669263839722,-0.1417456865310669,0.9975103735923767,0.6848365664482117,0.5824016332626343,-0.09502985328435898,0.9973135590553284,0.7552424669265747,0.6846347451210022,-0.27205464243888855,0.9931426644325256,0.7185274362564087,0.6798728704452515,0.20168104767799377,0.9883762001991272,0.6771314740180969,0.7963687181472778,-0.27438199520111084,0.8106914758682251,0.6543197631835938,0.6863691210746765,0.4018208980560303,0.1716107875108719,0.6625385284423828,0.86751788854599,-0.06743111461400986,0.38640451431274414,0.6904791593551636,0.6261441707611084,0.556290328502655,0.10309836268424988,0.66312575340271,0.8912967443466187,-0.07046446949243546,0.368928998708725,0.7008019685745239,0.6298195719718933,0.5890938639640808,0.11919687688350677,0.6686781644821167,0.8888890743255615,-0.08122500032186508,0.3817196488380432,0.713360607624054,0.6509567499160767,0.5872814059257507,0.1296486258506775,0.6669739484786987,0.8807864785194397,-0.06557559221982956,0.389904648065567,0.6762582659721375,0.6747058033943176,0.5540512800216675,0.14159300923347473,0.7487837076187134,1.052553653717041,-0.1596425175666809,0.20922155678272247,0.7233886122703552,1.053797721862793,0.15994063019752502,0.2568337023258209,0.6983016729354858,0.9107468724250793,-0.12650316953659058,0.2178502082824707,0.6690951585769653,0.9628907442092896,0.23632819950580597,0.08949124068021774,0.6784241199493408,1.0847505331039429,0.08085086941719055,0.10238278657197952,0.6616278290748596,1.0630245208740234,0.3448272943496704,0.03400018438696861,0.6936568021774292,1.1356176137924194,0.09818483144044876,0.18792374432086945,0.6661902666091919,1.0976494550704956,0.3542356789112091,0.07979852706193924,0.6261776685714722,1.0723296403884888,0.06873954087495804,0.13046365976333618,0.612734854221344,1.026659607887268,0.36356499791145325,0.060728393495082855
0.6821949481964111,0.5560880303382874,-0.13989022374153137,0.9989849328994751,0.6978116035461426,0.5369680523872375,-0.15924794971942902,0.9988740682601929,0.7051430940628052,0.5390576720237732,-0.1592731922864914,0.9990339279174805,0.714380145072937,0.5423814058303833,-0.15934188663959503,0.999093770980835,0.6890009045600891,0.5355823040008545,-0.12292210012674332,0.9988560676574707,0.688368558883667,0.5359373688697815,-0.12295770645141602,0.9985246062278748,0.6876214742660522,0.5363868474960327,-0.12293275445699692,0.9985070824623108,0.7419357299804688,0.5630830526351929,-0.1536354273557663,0.9991995692253113,0.7051690816879272,0.5526120662689209,0.004035576246678829,0.9989909529685974,0.6968161463737488,0.5903132557868958,-0.13475461304187775,0.9975743293762207,0.6849187612533569,0.5829211473464966,-0.08790562301874161,0.997365415096283,0.7575977444648743,0.6849568486213684,-0.24842533469200134,0.9933367371559143,0.7136584520339966,0.6822146773338318,0.212136909365654,0.9883615374565125,0.6823021769523621,0.7927982807159424,-0.29739752411842346,0.8068851232528687,0.6542603373527527,0.6831654906272888,0.41613465547561646,0.16818712651729584,0.6739471554756165,0.8623301982879639,-0.1970721334218979,0.3884587287902832,0.6964096426963806,0.6247573494911194,0.5923265218734741,0.09881400316953659,0.6826959848403931,0.891429603099823,-0.2128758728504181,0.3742859959602356,0.7173120975494385,0.6294383406639099,0.6268346905708313,0.11529605835676193,0.6789147853851318,0.8896748423576355,-0.22121980786323547,0.3877975046634674,0.7229672074317932,0.6505178213119507,0.6269875764846802,0.1255190372467041,0.677791953086853,0.8765689730644226,-0.1969800591468811,0.39501142501831055,0.6982420682907104,0.6688367128372192,0.5922968983650208,0.13699613511562347,0.7504410147666931,1.0506972074508667,-0.16055920720100403,0.1968519538640976,0.7231445908546448,1.0525901317596436,0.16093458235263824,0.2415579855442047,0.6993589997291565,0.9040558338165283,-0.14322254061698914,0.21127191185951233,0.6688324213027954,0.9624640941619873,0.22362911701202393,0.08556760102510452,0.6753121018409729,1.0847134590148926,0.054620612412691116,0.09867149591445923,0.6566016674041748,1.0645718574523926,0.3104436695575714,0.03225276619195938,0.6882312297821045,1.1359721422195435,0.07167540490627289,0.18308080732822418,0.6601536870002747,1.0987414121627808,0.31739163398742676,0.07561543583869934,0.6240593194961548,1.0723997354507446,0.04081648960709572,0.12685808539390564,0.6093704104423523,1.037771463394165,0.30047503113746643,0.058137256652116776
0.6829112768173218,0.5570446252822876,-0.1363757848739624,0.9990127682685852,0.6986576318740845,0.5378953218460083,-0.15446870028972626,0.9988924264907837,0.7063600420951843,0.5400308966636658,-0.15449807047843933,0.999058723449707,0.715835452079773,0.5434942841529846,-0.15457479655742645,0.9991101026535034,0.6890689134597778,0.5366112589836121,-0.12061931192874908,0.998877227306366,0.6883562207221985,0.5370084643363953,-0.12062126398086548,0.9985554218292236,0.687574028968811,0.5375264286994934,-0.12061221897602081,0.9985199570655823,0.7419424057006836,0.5637359023094177,-0.12978126108646393,0.9992182850837708,0.7041793465614319,0.5535418391227722,0.0229218527674675,0.9990137815475464,0.6981775164604187,0.5913965702056885,-0.12800154089927673,0.9975975155830383,0.6850675344467163,0.5837460160255432,-0.08399703353643417,0.9973726868629456,0.7614914774894714,0.6850747466087341,-0.22733676433563232,0.9934506416320801,0.7105506658554077,0.6827214956283569,0.21900777518749237,0.9884293675422668,0.6822606921195984,0.7904964685440063,-0.2755725383758545,0.8068175911903381,0.6477597951889038,0.670968770980835,0.3955811858177185,0.1760777086019516,0.6708973050117493,0.8607036471366882,-0.17428897321224213,0.38725370168685913,0.698907732963562,0.6242311596870422,0.5559819936752319,0.09737130999565125,0.6761167645454407,0.891122043132782,-0.17195893824100494,0.37407824397087097,0.7229213714599609,0.6291954517364502,0.5842212438583374,0.11333764344453812,0.674160361289978,0.8853635787963867,-0.18270522356033325,0.38819432258605957,0.7266565561294556,0.6488066911697388,0.5947232246398926,0.12350428849458694,0.6746854782104492,0.8744832873344421,-0.1725333034992218,0.39499208331108093,0.7065362334251404,0.6663901209831238,0.5591422319412231,0.13472086191177368,0.7545862197875977,1.0511969327926636,-0.15973463654518127,0.1861986219882965,0.7225193977355957,1.0535365343093872,0.16010329127311707,0.23090825974941254,0.7114719152450562,0.9245103597640991,-0.1478985697031021,0.20497116446495056,0.6688613295555115,0.986542820930481,0.2065727263689041,0.08509901911020279,0.6879331469535828,1.135190725326538,0.03735984489321709,0.09444379806518555,0.658643901348114,1.1302889585494995,0.27807992696762085,0.03117053024470806,0.7018800973892212,1.1919811964035034,0.052878618240356445,0.17645643651485443,0.6634143590927124,1.170575737953186,0.2841365933418274,0.0729859247803688,0.6308170557022095,1.1339393854141235,0.015103394165635109,0.12257269769906998,0.6093751788139343,1.1242992877960205,0.262531042098999,0.056663114577531815
0.682786226272583,0.5583894848823547,-0.12411649525165558,0.9990326166152954,0.6984626650810242,0.539044976234436,-0.14258810877799988,0.9989062547683716,0.706165611743927,0.5409033894538879,-0.1425800621509552,0.9990752935409546,0.7156287431716919,0.5441277027130127,-0.14261281490325928,0.9991212487220764,0.6887047290802002,0.5381345152854919,-0.10622479766607285,0.9988921284675598,0.6878737807273865,0.5385138392448425,-0.10621605068445206,0.998576819896698,0.6869871020317078,0.5390192270278931,-0.10617723315954208,0.9985312819480896,0.7418095469474792,0.5640483498573303,-0.1302533745765686,0.9992256760597229,0.7037550806999207,0.5547965168952942,0.03050079569220543,0.9990097284317017,0.6980775594711304,0.5918461680412292,-0.11621125042438507,0.9976109862327576,0.6848945021629333,0.5845358967781067,-0.06932872533798218,0.9973522424697876,0.7628525495529175,0.6852308511734009,-0.2292862832546234,0.9934253096580505,0.7104707956314087,0.6833488345146179,0.22375290095806122,0.9882025718688965,0.686210036277771,0.7852368950843811,-0.2754969894886017,0.7992885708808899,0.6471033096313477,0.6730900406837463,0.4155360162258148,0.1692369431257248,0.6706570386886597,0.848276674747467,-0.16539110243320465,0.38304102420806885,0.6957175135612488,0.6233117580413818,0.5723626613616943,0.09209683537483215,0.6726993918418884,0.8732543587684631,-0.16763749718666077,0.37303516268730164,0.7181582450866699,0.6285602450370789,0.6026419401168823,0.1084442064166069,0.671640932559967,0.8662198781967163,-0.1784583032131195,0.38779982924461365,0.7215163111686707,0.6449530720710754,0.6037369966506958,0.11837343126535416,0.6737031936645508,0.8618949055671692,-0.16930365562438965,0.3936062753200531,0.69814532995224,0.6707286834716797,0.5716294050216675,0.1293085664510727,0.7593040466308594,1.0521496534347534,-0.15963055193424225,0.17409297823905945,0.72266685962677,1.0556793212890625,0.1600223332643509,0.2161276489496231,0.7175390124320984,0.9071916341781616,-0.14888039231300354,0.197788268327713,0.6695019006729126,0.9817220568656921,0.20671841502189636,0.08122169971466064,0.686547577381134,1.0911357402801514,0.03524250537157059,0.09079373627901077,0.6580856442451477,1.0882879495620728,0.28080037236213684,0.029520316049456596,0.6988992691040039,1.1435110569000244,0.05098612979054451,0.1705530881881714,0.6617831587791443,1.1243789196014404,0.28710219264030457,0.06897136569023132,0.6316350698471069,1.0855109691619873,0.01804344728589058,0.11967281252145767,0.6095607876777649,1.0675956010818481,0.26907187700271606,0.05428483337163925
0.682746410369873,0.5603026747703552,-0.19161798059940338,0.9990969300270081,0.6984008550643921,0.5399499535560608,-0.1903858482837677,0.9989739656448364,0.7061861753463745,0.5413323044776917,-0.19052091240882874,0.9991384744644165,0.7158426642417908,0.5443146228790283,-0.19070228934288025,0.9991762638092041,0.6874992251396179,0.5403097867965698,-0.1635967344045639,0.9989615678787231,0.6859093308448792,0.5409159064292908,-0.16368083655834198,0.9986689686775208,0.6841539144515991,0.5416326522827148,-0.16372810304164886,0.9986069798469543,0.742153525352478,0.5644233226776123,-0.12547825276851654,0.9992818832397461,0.6980943083763123,0.5577366352081299,0.005874180234968662,0.9990741610527039,0.6981858611106873,0.5927664637565613,-0.15894928574562073,0.997772216796875,0.684127926826477,0.5872651934623718,-0.12510280311107635,0.9975096583366394,0.7691757082939148,0.6853047609329224,-0.21646659076213837,0.9939656257629395,0.698634684085846,0.6916474103927612,0.21188130974769592,0.9890317916870117,0.6950153112411499,0.7876008749008179,-0.2898412346839905,0.8120454549789429,0.6242494583129883,0.6944926977157593,0.25729548931121826,0.2026209533214569,0.6711203455924988,0.8590218424797058,-0.25431743264198303,0.4098201096057892,0.6972008943557739,0.6461210250854492,0.2611272931098938,0.10383299738168716,0.675722599029541,0.9044312834739685,-0.28590041399002075,0.3949894607067108,0.7227345705032349,0.6503365635871887,0.2690942585468292,0.11550624668598175,0.6734340786933899,0.8905839920043945,-0.29264262318611145,0.4108463227748871,0.7268998026847839,0.6611223816871643,0.2782527208328247,0.12497925758361816,0.6731027364730835,0.8716821074485779,-0.25527051091194153,0.41459107398986816,0.7165592908859253,0.6699187755584717,0.2608110010623932,0.1360410898923874,0.763329267501831,1.0561422109603882,-0.15948128700256348,0.2054610401391983,0.7188718914985657,1.0583012104034424,0.15980921685695648,0.25267860293388367,0.7174833416938782,1.0466035604476929,-0.19257667660713196,0.21477778255939484,0.6717497110366821,1.1100616455078125,0.17697320878505707,0.09343522042036057,0.7148558497428894,1.3132234811782837,-0.0222996324300766,0.09284022450447083,0.6742666959762573,1.3242219686508179,0.24159090220928192,0.032118115574121475,0.7401602864265442,1.3709161281585693,-0.009003793820738792,0.17553991079330444,0.6867182850837708,1.3696345090866089,0.24376389384269714,0.07525937259197235,0.6476749181747437,1.3421587944030762,-0.07109139859676361,0.1186889186501503,0.6104804277420044,1.351519227027893,0.17824462056159973,0.054681312292814255
0.6811502575874329,0.5650296807289124,-0.17215022444725037,0.9991598725318909,0.696550190448761,0.5425490736961365,-0.17851808667182922,0.9990426898002625,0.7048766613006592,0.5430716276168823,-0.17859633266925812,0.999199390411377,0.715009331703186,0.5454596877098083,-0.17872218787670135,0.9992332458496094,0.684130847454071,0.5444414615631104,-0.1480894684791565,0.9990302920341492,0.6818721294403076,0.5452412366867065,-0.14813870191574097,0.998759388923645,0.6794373989105225,0.54615718126297,-0.14813479781150818,0.9986927509307861,0.7420697212219238,0.565563976764679,-0.12678880989551544,0.9993349313735962,0.6946631669998169,0.5614402890205383,0.006397981196641922,0.9991356730461121,0.6975048780441284,0.5961185097694397,-0.1490418165922165,0.997934103012085,0.6818522810935974,0.5929073095321655,-0.11053524911403656,0.9976765513420105,0.7699447870254517,0.6857046484947205,-0.2175712287425995,0.9943548440933228,0.6963674426078796,0.695239245891571,0.20987136662006378,0.9895356297492981,0.6956979036331177,0.7863444089889526,-0.27272871136665344,0.8201380968093872,0.6168254613876343,0.6951923370361328,0.28164926171302795,0.21293818950653076,0.6726748943328857,0.858224630355835,-0.18938373029232025,0.4250800609588623,0.6958284378051758,0.6532583832740784,0.29238203167915344,0.10788524895906448,0.6750637292861938,0.898890495300293,-0.20667831599712372,0.4095650911331177,0.7179058790206909,0.6593126654624939,0.3033449649810791,0.11888447403907776,0.6733986139297485,0.8903747797012329,-0.21488168835639954,0.4263613522052765,0.7218693494796753,0.6682316064834595,0.3084104657173157,0.12868079543113708,0.6735087037086487,0.871288537979126,-0.18881508708000183,0.4284234642982483,0.7157415151596069,0.7029082179069519,0.290360689163208,0.14022916555404663,0.7628645300865173,1.0552198886871338,-0.15627901256084442,0.20191238820552826,0.7185810804367065,1.0575460195541382,0.1566634625196457,0.24778082966804504,0.7171397805213928,1.009264588356018,-0.17295601963996887,0.21415230631828308,0.6719167828559875,1.0559906959533691,0.18466641008853912,0.09390388429164886,0.7067742943763733,1.2293182611465454,0.007304971572011709,0.0890972688794136,0.6732891798019409,1.2211443185806274,0.25492966175079346,0.030900847166776657,0.7264865040779114,1.2826496362686157,0.021635306999087334,0.16790549457073212,0.6838229298591614,1.2614426612854004,0.2589511573314667,0.07245473563671112,0.6437760591506958,1.2390698194503784,-0.030739465728402138,0.11366838961839676,0.6114698648452759,1.2283586263656616,0.21549732983112335,0.05265023931860924
0.6785574555397034,0.5687949657440186,-0.168357253074646,0.9992194175720215,0.6927815675735474,0.5456806421279907,-0.17704392969608307,0.9991059303283691,0.7007945775985718,0.5452446341514587,-0.17706246674060822,0.9992538690567017,0.7106576561927795,0.5466499328613281,-0.17712470889091492,0.9992853999137878,0.6801819205284119,0.5488793253898621,-0.14612933993339539,0.9990922212600708,0.6775513291358948,0.5499076843261719,-0.14615532755851746,0.9988388419151306,0.6747126579284668,0.551109254360199,-0.14610831439495087,0.9987718462944031,0.7398301362991333,0.5658165216445923,-0.1363927572965622,0.9993802905082703,0.6898824572563171,0.5649385452270508,-0.0017583448207005858,0.9991833567619324,0.695427417755127,0.5971975326538086,-0.1493217796087265,0.9980927109718323,0.6788918375968933,0.5949499607086182,-0.10988429933786392,0.9978397488594055,0.7705743908882141,0.6858799457550049,-0.22292116284370422,0.9947910308837891,0.6935078501701355,0.6954987049102783,0.1911100447177887,0.9901713132858276,0.6991289258003235,0.7895287275314331,-0.2701031565666199,0.8314230442047119,0.6089334487915039,0.6718509793281555,0.31782951951026917,0.24238330125808716,0.6723175048828125,0.8615968227386475,-0.1754527986049652,0.4453502893447876,0.695717453956604,0.647339940071106,0.3833114504814148,0.11327876150608063,0.6721221208572388,0.8954448699951172,-0.19212530553340912,0.425142377614975,0.7174149751663208,0.6547814607620239,0.4092496931552887,0.12127436697483063,0.6731685400009155,0.8958475589752197,-0.19344179332256317,0.4416084587574005,0.7277330160140991,0.6643813848495483,0.40808558464050293,0.13084831833839417,0.6724377870559692,0.875523567199707,-0.1721210479736328,0.44167783856391907,0.7142081260681152,0.6713926792144775,0.37898021936416626,0.14309240877628326,0.7670477032661438,1.0545347929000854,-0.15054520964622498,0.21879719197750092,0.7193348407745361,1.056841492652893,0.15093934535980225,0.26433438062667847,0.7171330451965332,0.989324152469635,-0.16726505756378174,0.22597801685333252,0.6716344952583313,1.0176701545715332,0.18776342272758484,0.100447878241539,0.7090657353401184,1.1068394184112549,0.018255729228258133,0.09279710799455643,0.6723787188529968,1.0986227989196777,0.25087350606918335,0.03292743116617203,0.7259153127670288,1.1484400033950806,0.033124491572380066,0.1706012636423111,0.6831013560295105,1.1305230855941772,0.25399935245513916,0.07645129412412643,0.6509126424789429,1.1022908687591553,-0.014308643527328968,0.11779291182756424,0.613710343837738,1.08195960521698,0.2288471758365631,0.05622901767492294
0.6771206259727478,0.5711643695831299,-0.16175532341003418,0.9992790222167969,0.6916860342025757,0.547606885433197,-0.17398741841316223,0.9991727471351624,0.7003606557846069,0.5470806360244751,-0.17404258251190186,0.9993101954460144,0.7106949090957642,0.5483309030532837,-0.17412562668323517,0.9993395209312439,0.6774083375930786,0.5509958863258362,-0.14055341482162476,0.9991586804389954,0.6740293502807617,0.5520870089530945,-0.14059440791606903,0.9989242553710938,0.6703780293464661,0.5533000230789185,-0.14057372510433197,0.9988551139831543,0.7393110990524292,0.5660998821258545,-0.11725058406591415,0.9994288086891174,0.6838417649269104,0.5655508041381836,0.011815672740340233,0.999235987663269,0.695123553276062,0.5996871590614319,-0.14724427461624146,0.9982466697692871,0.6762568950653076,0.5976483225822449,-0.10421676933765411,0.997999906539917,0.7696080803871155,0.6859188675880432,-0.21805545687675476,0.9952283501625061,0.6904398202896118,0.6956118941307068,0.19005215167999268,0.9907929301261902,0.701280951499939,0.793171226978302,-0.28874096274375916,0.8430635333061218,0.6038204431533813,0.6640831232070923,0.16594535112380981,0.2835572063922882,0.6706902384757996,0.870989978313446,-0.18881793320178986,0.47580844163894653,0.6979817152023315,0.6449251770973206,0.13236090540885925,0.12635482847690582,0.6667646169662476,0.9023374915122986,-0.2059003859758377,0.4494708776473999,0.7299281358718872,0.6515742540359497,0.13434013724327087,0.127923384308815,0.6671162843704224,0.90601646900177,-0.20971281826496124,0.4653141498565674,0.7385813593864441,0.6624305248260498,0.15705247223377228,0.13669656217098236,0.6686228513717651,0.8874260783195496,-0.18471454083919525,0.46294450759887695,0.7286978363990784,0.65460205078125,0.1370953768491745,0.14902560412883759,0.7665150761604309,1.0540883541107178,-0.14729583263397217,0.24555788934230804,0.7197290658950806,1.0563794374465942,0.14755555987358093,0.29286372661590576,0.7167120575904846,0.9604489803314209,-0.14572347700595856,0.23266582190990448,0.6717404723167419,0.9968008399009705,0.1892998367547989,0.10231878608465195,0.7059942483901978,1.0823695659637451,0.03603457659482956,0.09340990334749222,0.6698319315910339,1.0729936361312866,0.2556094825267792,0.033017806708812714,0.7231795787811279,1.1271780729293823,0.05107549950480461,0.17113842070102692,0.6772476434707642,1.1059800386428833,0.25907737016677856,0.07698614150285721,0.647383451461792,1.0699039697647095,0.008405154570937157,0.11801394075155258,0.612284243106842,1.0487257242202759,0.23130694031715393,0.05654144287109375
0.6746109127998352,0.5758793950080872,-0.125200554728508,0.9993345737457275,0.6885193586349487,0.550751805305481,-0.13419628143310547,0.9992336630821228,0.697094202041626,0.5497835278511047,-0.13418282568454742,0.9993612170219421,0.7075809240341187,0.5502182245254517,-0.13420331478118896,0.9993898868560791,0.6742182970046997,0.5540557503700256,-0.10077500343322754,0.999216616153717,0.6708428263664246,0.5550059676170349,-0.10077854245901108,0.9989984035491943,0.6672926545143127,0.5560993552207947,-0.10070648044347763,0.9989293813705444,0.7372201681137085,0.5661329030990601,-0.10167860984802246,0.9994708895683289,0.6832899451255798,0.5666525959968567,0.04303684085607529,0.9992818236351013,0.6934037208557129,0.6030789613723755,-0.11059127748012543,0.9983853101730347,0.6737596392631531,0.6025068163871765,-0.0678100436925888,0.9981429576873779,0.7698706388473511,0.6858606934547424,-0.1995147317647934,0.9956402778625488,0.6871410012245178,0.6989769339561462,0.2090512067079544,0.9913174510002136,0.7130770087242126,0.7921327948570251,-0.29164308309555054,0.8533596396446228,0.6019121408462524,0.6644716262817383,0.2499956637620926,0.3083646595478058,0.6773386597633362,0.8726115822792053,-0.24347469210624695,0.5091785788536072,0.6969236135482788,0.6472657918930054,0.3116690516471863,0.13359607756137848,0.676211953163147,0.9123462438583374,-0.26708245277404785,0.4801320433616638,0.725721001625061,0.6499059796333313,0.32482531666755676,0.13155068457126617,0.6709338426589966,0.9107562303543091,-0.27384015917778015,0.49528369307518005,0.7365871071815491,0.6586442589759827,0.3338553309440613,0.140178382396698,0.6726088523864746,0.8911253213882446,-0.2420482337474823,0.4900933802127838,0.727043092250824,0.6531248092651367,0.31210237741470337,0.15261489152908325,0.7667319774627686,1.0538218021392822,-0.1473647654056549,0.27112412452697754,0.7197977304458618,1.0562540292739868,0.147624209523201,0.31229254603385925,0.7147783041000366,0.9553505778312683,-0.1484277993440628,0.23433798551559448,0.6731953024864197,0.99002605676651,0.19341260194778442,0.10213097184896469,0.7031423449516296,1.0774942636489868,0.027452906593680382,0.09126708656549454,0.6696131229400635,1.0643340349197388,0.24992454051971436,0.03223174065351486,0.719352662563324,1.1189589500427246,0.04206438362598419,0.16621345281600952,0.6756865978240967,1.0951735973358154,0.2525809407234192,0.07523161917924881,0.645323634147644,1.0669695138931274,0.0004326552152633667,0.11579537391662598,0.613524317741394,1.044385313987732,0.22899910807609558,0.055808402597904205
0.6737708449363708,0.577355682849884,-0.15153881907463074,0.9993900656700134,0.6867826581001282,0.5524749159812927,-0.1552278697490692,0.9992970824241638,0.695441484451294,0.5514541864395142,-0.1552022248506546,0.9994142055511475,0.7061801552772522,0.5515339374542236,-0.1552397608757019,0.9994410872459412,0.6727015376091003,0.55545973777771,-0.12163378298282623,0.9992799162864685,0.6692816019058228,0.5563434362411499,-0.12158771604299545,0.9990788698196411,0.6656407117843628,0.5573986768722534,-0.12144909054040909,0.9990103244781494,0.7353005409240723,0.5661376714706421,-0.1070028766989708,0.9995169043540955,0.68036949634552,0.5670957565307617,0.037329621613025665,0.9993336796760559,0.693202555179596,0.6044872403144836,-0.1292351484298706,0.9985266923904419,0.6729415059089661,0.604091465473175,-0.08660459518432617,0.9982964992523193,0.769649863243103,0.6858464479446411,-0.213250070810318,0.9960359930992126,0.6869804263114929,0.6994367837905884,0.20790250599384308,0.9918431639671326,0.7090122103691101,0.7939696907997131,-0.30753543972969055,0.8654575347900391,0.5955485105514526,0.6649216413497925,0.1477312296628952,0.34420502185821533,0.673022449016571,0.8791660666465759,-0.20961539447307587,0.5455955266952515,0.699592649936676,0.6490228772163391,0.051405470818281174,0.14891104400157928,0.6738790273666382,0.9241011738777161,-0.22900226712226868,0.5123881697654724,0.7335320711135864,0.6483289003372192,0.04552101343870163,0.14015737175941467,0.6681436896324158,0.914236843585968,-0.23534515500068665,0.5266541242599487,0.7410330176353455,0.6566640734672546,0.06956471502780914,0.1480943262577057,0.6676138639450073,0.9035961627960205,-0.20677527785301208,0.5190392136573792,0.7318546772003174,0.6513961553573608,0.0548931360244751,0.16039085388183594,0.7664153575897217,1.0534299612045288,-0.14755086600780487,0.30048254132270813,0.7198545336723328,1.0559006929397583,0.1478094458580017,0.33907511830329895,0.7081241607666016,0.9526352286338806,-0.1391138881444931,0.24159227311611176,0.6722007989883423,0.98580002784729,0.2095782309770584,0.10293997824192047,0.6910253763198853,1.0812958478927612,0.05937386304140091,0.09032173454761505,0.6642906665802002,1.0662554502487183,0.2814563512802124,0.03189080208539963,0.7053245902061462,1.1239928007125854,0.07596223801374435,0.16310414671897888,0.6690177917480469,1.0989353656768799,0.2862393260002136,0.07464756816625595,0.6329692602157593,1.0696079730987549,0.03480427339673042,0.11455148458480835,0.6087580919265747,1.0426199436187744,0.26480668783187866,0.055678628385066986
0.6731208562850952,0.5777142643928528,-0.15600213408470154,0.9994405508041382,0.6860412359237671,0.552811861038208,-0.15988798439502716,0.9993531703948975,0.6949747800827026,0.5516875982284546,-0.1598689705133438,0.9994616508483887,0.7058782577514648,0.5516105890274048,-0.15990620851516724,0.9994860887527466,0.6716542840003967,0.5559120774269104,-0.1266111135482788,0.9993366003036499,0.6681767702102661,0.5568322539329529,-0.1265791654586792,0.999152421951294,0.664459764957428,0.5579557418823242,-0.1264607012271881,0.9990842938423157,0.7336755990982056,0.5656439065933228,-0.1112290769815445,0.9995582103729248,0.678530752658844,0.5671265125274658,0.03416747599840164,0.9993830919265747,0.6932230591773987,0.6049457788467407,-0.13313071429729462,0.9986566305160522,0.6726157069206238,0.604682207107544,-0.09115101397037506,0.9984396696090698,0.7692306637763977,0.6858161687850952,-0.22293372452259064,0.9963904619216919,0.6869768500328064,0.6988257765769958,0.1974545419216156,0.9924411177635193,0.7067698836326599,0.7999649047851562,-0.3097388446331024,0.8769123554229736,0.5943199396133423,0.6657122373580933,0.08775220811367035,0.38640573620796204,0.6588495373725891,0.8868864178657532,-0.20125754177570343,0.5780397653579712,0.7027145624160767,0.6482647061347961,-0.04438542202115059,0.17049774527549744,0.6505085229873657,0.9240859746932983,-0.2168143093585968,0.5398535132408142,0.7365976572036743,0.6472940444946289,-0.05840682238340378,0.153305321931839,0.6523933410644531,0.9174323678016663,-0.2321081906557083,0.5533553957939148,0.7436796426773071,0.6564509272575378,-0.027178728953003883,0.1603984534740448,0.6605085730552673,0.9062700867652893,-0.2035967856645584,0.5438003540039062,0.7339076399803162,0.6493946313858032,-0.03878471255302429,0.1723194122314453,0.7664493918418884,1.0533348321914673,-0.14563240110874176,0.3241901397705078,0.7222280502319336,1.0557650327682495,0.14583012461662292,0.3659750819206238,0.7081277966499329,0.9522290825843811,-0.1170126423239708,0.24650980532169342,0.6731682419776917,0.9923363924026489,0.21143655478954315,0.1047486737370491,0.6895937323570251,1.0958884954452515,0.08956624567508698,0.08949454873800278,0.6648818254470825,1.07249915599823,0.30166953802108765,0.031766362488269806,0.7034483551979065,1.1416733264923096,0.1062745675444603,0.1618962585926056,0.6699126958847046,1.1073658466339111,0.3085871934890747,0.07498462498188019,0.6314857602119446,1.0817333459854126,0.05844121426343918,0.11339225620031357,0.6086888909339905,1.0535138845443726,0.2809652090072632,0.055750325322151184
0.6725319623947144,0.5787445902824402,-0.17431700229644775,0.9994900822639465,0.6851211190223694,0.5535951852798462,-0.1784488707780838,0.9994092583656311,0.6943459510803223,0.5522527098655701,-0.17848971486091614,0.9995089769363403,0.7055717706680298,0.5518509745597839,-0.17860129475593567,0.9995309710502625,0.6703740358352661,0.5568647980690002,-0.14482161402702332,0.9993948340415955,0.6667920351028442,0.5578035712242126,-0.14481131732463837,0.9992271065711975,0.6630094051361084,0.5589407086372375,-0.14471130073070526,0.9991617798805237,0.7328352928161621,0.5652464032173157,-0.12206343561410904,0.9995983839035034,0.6761070489883423,0.5672847628593445,0.026193182915449142,0.9994372129440308,0.6932740807533264,0.6057043671607971,-0.14827793836593628,0.9987803101539612,0.6721032857894897,0.6056385040283203,-0.10601428896188736,0.998580813407898,0.7688092589378357,0.6858331561088562,-0.234963059425354,0.9967101812362671,0.688060998916626,0.6984377503395081,0.20156458020210266,0.9930314421653748,0.7027159929275513,0.8064264059066772,-0.3042851388454437,0.8869207501411438,0.5926409959793091,0.6661297082901001,0.17248772084712982,0.4203490912914276,0.6515398621559143,0.8912626504898071,-0.1709968000650406,0.6050560474395752,0.7022558450698853,0.648817777633667,0.11872080713510513,0.1913190335035324,0.6419726610183716,0.924892246723175,-0.19282105565071106,0.5628461241722107,0.7357911467552185,0.6465244293212891,0.11685822159051895,0.1666053682565689,0.6464152932167053,0.9178112745285034,-0.204815074801445,0.5759739279747009,0.7433900237083435,0.6558327078819275,0.138449028134346,0.17313335835933685,0.6488050818443298,0.9103918671607971,-0.16863542795181274,0.5647357106208801,0.7338989973068237,0.6490429043769836,0.12226346880197525,0.1852392703294754,0.7650552988052368,1.0544177293777466,-0.14860180020332336,0.3294821083545685,0.7228097319602966,1.0558717250823975,0.14880426228046417,0.37672194838523865,0.7073683738708496,0.9757300019264221,-0.11748906224966049,0.252111554145813,0.6737878918647766,1.0094255208969116,0.21868106722831726,0.11092250049114227,0.6855507493019104,1.1669714450836182,0.10333551466464996,0.08790206909179688,0.6648223996162415,1.1442965269088745,0.32305923104286194,0.031997982412576675,0.6996398568153381,1.2248045206069946,0.12051479518413544,0.15898677706718445,0.6701887845993042,1.1866694688796997,0.33056196570396423,0.0753111019730568,0.6244274973869324,1.145840048789978,0.06649187207221985,0.10979089140892029,0.6035996675491333,1.126623511314392,0.2944357991218567,0.05518249049782753
0.6700848340988159,0.5828025937080383,-0.1752268671989441,0.9995271563529968,0.6826261878013611,0.5561008453369141,-0.18121591210365295,0.9994513392448425,0.6920515894889832,0.5541829466819763,-0.1813073307275772,0.9995462894439697,0.7030732035636902,0.5530780553817749,-0.18148066103458405,0.9995648860931396,0.6666927933692932,0.5605315566062927,-0.14624014496803284,0.9994364976882935,0.662876546382904,0.561761736869812,-0.1462789624929428,0.9992815852165222,0.6589423418045044,0.5631791949272156,-0.14624109864234924,0.9992111325263977,0.7280157804489136,0.5649846196174622,-0.13033506274223328,0.9996320605278015,0.670437216758728,0.5706581473350525,0.025750597938895226,0.9994763731956482,0.6931658983230591,0.608214259147644,-0.15123245120048523,0.9988819360733032,0.6707979440689087,0.6102119088172913,-0.107195183634758,0.998685359954834,0.7686302661895752,0.6867731809616089,-0.24318167567253113,0.9970095157623291,0.6867609620094299,0.7004896998405457,0.2023579180240631,0.9935780167579651,0.7021182775497437,0.8129655718803406,-0.3043442368507385,0.8957627415657043,0.5906032919883728,0.6664631366729736,0.1380653977394104,0.4516649544239044,0.6535096764564514,0.8935451507568359,-0.17092175781726837,0.6212670803070068,0.7017985582351685,0.6488375067710876,0.026739031076431274,0.2040664404630661,0.6462408900260925,0.9249089956283569,-0.19242408871650696,0.5728101134300232,0.7363203763961792,0.6465715765953064,0.020259520038962364,0.17192578315734863,0.6486172080039978,0.91462242603302,-0.2033451348543167,0.5861467123031616,0.7438565492630005,0.6541284322738647,0.04361902177333832,0.17749033868312836,0.6513722538948059,0.9078344702720642,-0.1680004894733429,0.573653519153595,0.7341141700744629,0.6494619250297546,0.029690006747841835,0.19052249193191528,0.7654258608818054,1.0567432641983032,-0.15394043922424316,0.3677864670753479,0.7234139442443848,1.0583453178405762,0.15400369465351105,0.41948992013931274,0.7077206969261169,1.0321446657180786,-0.14092490077018738,0.2692934572696686,0.6797297596931458,1.0851205587387085,0.21868295967578888,0.11983288824558258,0.712161660194397,1.2709702253341675,0.06677305698394775,0.09107344597578049,0.6788749694824219,1.2748932838439941,0.31594690680503845,0.03367659077048302,0.7369468808174133,1.327614188194275,0.08370654284954071,0.1645243912935257,0.6901556849479675,1.3202965259552002,0.3223482668399811,0.0811392143368721,0.6471071243286133,1.2827284336090088,0.025817736983299255,0.1085817813873291,0.6078349351882935,1.285056233406067,0.28726285696029663,0.05489378795027733
0.6693946123123169,0.5848059058189392,-0.17907410860061646,0.99956214427948,0.6813510656356812,0.5575024485588074,-0.18571683764457703,0.9994903206825256,0.6906286478042603,0.5552900433540344,-0.18587437272071838,0.9995802640914917,0.7013166546821594,0.5537761449813843,-0.18609464168548584,0.9995968341827393,0.6653631925582886,0.5622977018356323,-0.15032261610031128,0.9994745254516602,0.6615542769432068,0.5636042952537537,-0.1503862589597702,0.9993299245834351,0.6576425433158875,0.5651186108589172,-0.1504039466381073,0.9992557168006897,0.7252336144447327,0.5645644664764404,-0.13650985062122345,0.9996636509895325,0.6687347292900085,0.5725902318954468,0.02154756709933281,0.9995125532150269,0.6931487321853638,0.6092414259910583,-0.1556946337223053,0.9989746809005737,0.6707128882408142,0.61187744140625,-0.111334428191185,0.9987826943397522,0.7686589956283569,0.6869614720344543,-0.2429976761341095,0.9972795248031616,0.6852631568908691,0.7005331516265869,0.19899968802928925,0.9940958023071289,0.7065681219100952,0.8175995945930481,-0.3127577602863312,0.9038596153259277,0.5885952711105347,0.6664010882377625,0.13080032169818878,0.48673439025878906,0.6623775362968445,0.894992470741272,-0.209062859416008,0.6433916091918945,0.7017627954483032,0.6495611071586609,0.02767978236079216,0.23007632791996002,0.6534565687179565,0.9254432916641235,-0.23792323470115662,0.592331051826477,0.7359223961830139,0.6475285887718201,0.015649612993001938,0.1874779909849167,0.6537806391716003,0.9129160642623901,-0.2471434324979782,0.6063478589057922,0.7429677844047546,0.653285026550293,0.04224444925785065,0.19281166791915894,0.6590362787246704,0.9062390923500061,-0.20722536742687225,0.5923901200294495,0.7338879108428955,0.6497007012367249,0.03004726767539978,0.20686949789524078,0.7673693895339966,1.0574456453323364,-0.15259592235088348,0.40681368112564087,0.7213951349258423,1.0582069158554077,0.1527281552553177,0.46109580993652344,0.7124371528625488,1.1051490306854248,-0.15553657710552216,0.2824302613735199,0.6808664202690125,1.152569055557251,0.21623015403747559,0.13186781108379364,0.7248940467834473,1.366100788116455,0.04968845471739769,0.09029741585254669,0.6877641677856445,1.377899169921875,0.31047797203063965,0.03557991236448288,0.7503732442855835,1.4216505289077759,0.06602903455495834,0.1664992719888687,0.7025105357170105,1.423644781112671,0.31146082282066345,0.08451416343450546,0.662653386592865,1.394041657447815,-0.01189337857067585,0.10579487681388855,0.6145678162574768,1.4082920551300049,0.2238815277814865,0.05459311231970787
0.6690776944160461,0.5850180387496948,-0.18950775265693665,0.999596357345581,0.680952250957489,0.5577170252799988,-0.194921612739563,0.9995281100273132,0.6903886198997498,0.5554110407829285,-0.19511260092258453,0.9996132850646973,0.7011479139328003,0.5538142323493958,-0.19536569714546204,0.9996277689933777,0.6645732522010803,0.562859296798706,-0.16017338633537292,0.9995123744010925,0.6606990694999695,0.5642802715301514,-0.16024954617023468,0.9993782639503479,0.6567682027816772,0.5658898949623108,-0.1602943390607834,0.9993011355400085,0.7247062921524048,0.5637797713279724,-0.14246463775634766,0.9996932148933411,0.6676039099693298,0.5734130144119263,0.012088185176253319,0.9995477795600891,0.693448543548584,0.6093639731407166,-0.16466186940670013,0.9990627765655518,0.6707776784896851,0.612244188785553,-0.12118981033563614,0.9988790154457092,0.7685535550117493,0.6869943737983704,-0.2517172694206238,0.9975355863571167,0.6846166849136353,0.7004812955856323,0.1993924081325531,0.9946010708808899,0.705511748790741,0.8181414008140564,-0.32050246000289917,0.9119549989700317,0.5868096351623535,0.6660706996917725,0.15426328778266907,0.5200674533843994,0.6629711985588074,0.90154629945755,-0.2087201178073883,0.665154755115509,0.7023216485977173,0.6496565937995911,0.0941651314496994,0.2535415291786194,0.6538933515548706,0.9335386157035828,-0.23708605766296387,0.6102595925331116,0.7361484169960022,0.6477245092391968,0.09190774708986282,0.19962534308433533,0.6559690833091736,0.9149494171142578,-0.24276873469352722,0.6246870756149292,0.7432940006256104,0.6526185870170593,0.11867398023605347,0.20412899553775787,0.6591836214065552,0.9129421710968018,-0.20526190102100372,0.6090567708015442,0.7340313792228699,0.6499650478363037,0.09841037541627884,0.21906188130378723,0.7683202028274536,1.0574928522109985,-0.1525522917509079,0.4474543035030365,0.7214300036430359,1.0583504438400269,0.15268854796886444,0.5018061399459839,0.7203786969184875,1.1379159688949585,-0.15272846817970276,0.29987138509750366,0.689382016658783,1.177917718887329,0.22971999645233154,0.14415748417377472,0.7425285577774048,1.401267647743225,0.06150658801198006,0.09266740083694458,0.7002198696136475,1.4068857431411743,0.33501702547073364,0.039131369441747665,0.7692511081695557,1.4566823244094849,0.07924414426088333,0.17376814782619476,0.715035617351532,1.4526516199111938,0.3394518196582794,0.09177849441766739,0.6838240027427673,1.4300224781036377,-0.001813804730772972,0.10440237820148468,0.6283185482025146,1.4380971193313599,0.24739985167980194,0.05531679466366768
0.6685633063316345,0.585802435874939,-0.2022113800048828,0.9996294379234314,0.6801937818527222,0.5583638548851013,-0.20640933513641357,0.9995669722557068,0.6896364688873291,0.555892825126648,-0.20651397109031677,0.9996459484100342,0.7004016041755676,0.5541006922721863,-0.2066846340894699,0.9996587634086609,0.6637282967567444,0.5638911724090576,-0.1730559766292572,0.9995514154434204,0.6598259806632996,0.5654438138008118,-0.1730811893939972,0.9994282722473145,0.6558831930160522,0.5671838521957397,-0.17302237451076508,0.9993522763252258,0.7238811254501343,0.5635689496994019,-0.14899535477161407,0.9997203350067139,0.666325032711029,0.5745910406112671,-0.0010172969195991755,0.9995828866958618,0.6934585571289062,0.6098526120185852,-0.1747395545244217,0.9991458654403687,0.6706203818321228,0.6131851673126221,-0.13282720744609833,0.9989718794822693,0.768467903137207,0.6870867609977722,-0.2500324547290802,0.9977585673332214,0.6845930814743042,0.7009122967720032,0.1850224733352661,0.994958221912384,0.7057784795761108,0.8156570792198181,-0.32513484358787537,0.9186336994171143,0.5869035720825195,0.666170060634613,0.10471023619174957,0.5454904437065125,0.6706581711769104,0.898324191570282,-0.23586583137512207,0.6871587634086609,0.7032020688056946,0.6499244570732117,-0.026852140203118324,0.27463915944099426,0.6651052236557007,0.9302746057510376,-0.2630234360694885,0.6313982009887695,0.7363176345825195,0.647899329662323,-0.0370887890458107,0.21394792199134827,0.6639009118080139,0.9140698313713074,-0.27020007371902466,0.6452308893203735,0.7438557147979736,0.652153730392456,-0.013467343524098396,0.21776528656482697,0.6678779721260071,0.9106511473655701,-0.23240700364112854,0.6283522844314575,0.7347390651702881,0.6501611471176147,-0.023542430251836777,0.23256029188632965,0.7683604955673218,1.057002305984497,-0.15166279673576355,0.47024595737457275,0.7235575318336487,1.0578416585922241,0.15178647637367249,0.5234765410423279,0.7194284200668335,1.0800210237503052,-0.11703219264745712,0.30959683656692505,0.6878501176834106,1.0872528553009033,0.23105475306510925,0.15000516176223755,0.7309601902961731,1.2616817951202393,0.11007782071828842,0.09638972580432892,0.697174072265625,1.2355843782424927,0.3523043990135193,0.04023933410644531,0.7538545727729797,1.314046025276184,0.12849095463752747,0.17886455357074738,0.7099725008010864,1.2760603427886963,0.3610810339450836,0.09553014487028122,0.6718603372573853,1.2530053853988647,0.071538046002388,0.10546255111694336,0.6248152852058411,1.2323569059371948,0.313876211643219,0.05619842931628227
0.6682387590408325,0.5860854387283325,-0.21895936131477356,0.9996612668037415,0.6798024773597717,0.5588093400001526,-0.22300569713115692,0.9996023774147034,0.6894010901451111,0.5561849474906921,-0.22316579520702362,0.9996758699417114,0.7003252506256104,0.5542347431182861,-0.22336456179618835,0.9996867179870605,0.6631501913070679,0.5645030736923218,-0.18931794166564941,0.9995883107185364,0.6592314839363098,0.5660417079925537,-0.1893850713968277,0.9994754195213318,0.6552756428718567,0.5677580237388611,-0.18944388628005981,0.999401867389679,0.7239957451820374,0.5632532238960266,-0.1577359139919281,0.9997459650039673,0.6661574840545654,0.575011134147644,-0.00855724886059761,0.9996166229248047,0.6935133337974548,0.609981119632721,-0.1889680027961731,0.9992227554321289,0.670543372631073,0.6133908033370972,-0.14668193459510803,0.9990605711936951,0.7688106298446655,0.6870872378349304,-0.2531568109989166,0.9979631900787354,0.6845192909240723,0.7012266516685486,0.18680939078330994,0.9954092502593994,0.7055709362030029,0.8265287280082703,-0.3202700614929199,0.9249527454376221,0.5874474048614502,0.6726281046867371,0.12395530939102173,0.5781636238098145,0.6645491719245911,0.9045446515083313,-0.22050602734088898,0.7034159898757935,0.7030414342880249,0.650844395160675,0.038276173174381256,0.3060923218727112,0.6546722650527954,0.9370093941688538,-0.2439909428358078,0.6439031958580017,0.7357270121574402,0.6488140821456909,0.028217175975441933,0.23372413218021393,0.6602862477302551,0.9163013100624084,-0.2519685924053192,0.6587920784950256,0.7431513667106628,0.6522807478904724,0.05843503400683403,0.23665115237236023,0.6625576615333557,0.9114341735839844,-0.21621601283550262,0.6406850218772888,0.7337912321090698,0.6518514752388,0.04276743531227112,0.2515949308872223,0.7722748517990112,1.060123324394226,-0.15149331092834473,0.4930255115032196,0.7205146551132202,1.059521198272705,0.15165355801582336,0.5529621839523315,0.7279497385025024,1.1875590085983276,-0.1500394344329834,0.32246842980384827,0.6879165768623352,1.2274298667907715,0.22711196541786194,0.16448543965816498,0.7534182071685791,1.465132236480713,0.05901677533984184,0.09588447213172913,0.7018188834190369,1.4856364727020264,0.3036281168460846,0.043961118906736374,0.7789431214332581,1.5202977657318115,0.0735255554318428,0.1777646541595459,0.7167928814888,1.53376305103302,0.3031584620475769,0.09766718000173569,0.695933997631073,1.5080218315124512,-0.03770928457379341,0.10249930620193481,0.6352150440216064,1.5304133892059326,0.1840527504682541,0.05665222927927971
0.6679242849349976,0.5858474969863892,-0.21771109104156494,0.9996891617774963,0.6795746684074402,0.5588503479957581,-0.21997542679309845,0.9996327757835388,0.68919837474823,0.5562669038772583,-0.22013647854328156,0.999701738357544,0.7001386880874634,0.5543096661567688,-0.22033527493476868,0.999710738658905,0.6628090739250183,0.5644163489341736,-0.18762117624282837,0.9996196627616882,0.6588451266288757,0.5659270882606506,-0.18769139051437378,0.9995155930519104,0.6548283100128174,0.5676135420799255,-0.18774081766605377,0.9994430541992188,0.7236514687538147,0.5630670785903931,-0.15439718961715698,0.9997680187225342,0.665000319480896,0.5750436782836914,-0.0099251139909029,0.9996448755264282,0.6935303211212158,0.6099153161048889,-0.18742312490940094,0.9992895722389221,0.6699917912483215,0.6132632493972778,-0.14704591035842896,0.9991351366043091,0.7688714861869812,0.687517523765564,-0.2512888014316559,0.9981428384780884,0.6832591891288757,0.7018359899520874,0.17820040881633759,0.9958022236824036,0.706253707408905,0.832251787185669,-0.3184623122215271,0.9300766587257385,0.5851119756698608,0.671985387802124,0.08799399435520172,0.6057050824165344,0.6637414693832397,0.9080559611320496,-0.21267911791801453,0.7184832096099854,0.7029154300689697,0.6508945226669312,-0.029022078961133957,0.3369244337081909,0.6535844802856445,0.9394719004631042,-0.23758354783058167,0.6571445465087891,0.7359486222267151,0.6493335366249084,-0.04311160743236542,0.25646787881851196,0.6564674377441406,0.9202775955200195,-0.24510999023914337,0.6726056337356567,0.7434751987457275,0.652312695980072,-0.010184666141867638,0.25856563448905945,0.6608017683029175,0.9150451421737671,-0.2091902196407318,0.6537134051322937,0.7341398596763611,0.6519240736961365,-0.023625517264008522,0.27305933833122253,0.7729378938674927,1.0618287324905396,-0.14945678412914276,0.5231712460517883,0.719884991645813,1.0607749223709106,0.14967134594917297,0.5863006114959717,0.7264520525932312,1.1353615522384644,-0.16044875979423523,0.3377115726470947,0.6875795125961304,1.1875871419906616,0.2092919647693634,0.17864739894866943,0.7476381063461304,1.40326726436615,0.05287190526723862,0.09728729724884033,0.6993985176086426,1.4294816255569458,0.29703906178474426,0.04718456417322159,0.7727321982383728,1.4569780826568604,0.06913499534130096,0.1807418316602707,0.7148886322975159,1.4753628969192505,0.2985725998878479,0.10111396014690399,0.6915776133537292,1.4429798126220703,-0.019725007936358452,0.1027505174279213,0.632641613483429,1.4709151983261108,0.20263150334358215,0.05790167674422264
0.6676860451698303,0.5856066346168518,-0.23126542568206787,0.9997134804725647,0.679341197013855,0.5587422847747803,-0.23332838714122772,0.9996594786643982,0.6890010833740234,0.5562162399291992,-0.23350055515766144,0.9997243881225586,0.699944257736206,0.5542698502540588,-0.23366014659404755,0.9997327923774719,0.6623376607894897,0.5643064379692078,-0.20106537640094757,0.9996466636657715,0.6583053469657898,0.5658409595489502,-0.20117489993572235,0.9995502233505249,0.6542373895645142,0.5675448179244995,-0.2013053148984909,0.9994783401489258,0.7234572172164917,0.5625866651535034,-0.1631510853767395,0.9997883439064026,0.6643747687339783,0.5750601291656494,-0.018962349742650986,0.999667763710022,0.6935774087905884,0.6098191142082214,-0.2013568878173828,0.9993537664413452,0.6697215437889099,0.6129959225654602,-0.1608351171016693,0.9992084503173828,0.7694377303123474,0.6875760555267334,-0.25859159231185913,0.9983130693435669,0.6823235750198364,0.7017538547515869,0.17093387246131897,0.9961636066436768,0.7094940543174744,0.8360840082168579,-0.3245692551136017,0.9355717897415161,0.5848838090896606,0.6694374680519104,0.11925534904003143,0.6384736895561218,0.662688136100769,0.9100601077079773,-0.21094641089439392,0.7352452874183655,0.7027672529220581,0.6515561938285828,0.05032412335276604,0.35023072361946106,0.651415228843689,0.9434913396835327,-0.23944978415966034,0.6696294546127319,0.7357653975486755,0.6530079245567322,0.026932254433631897,0.2566166818141937,0.6533775925636292,0.9253533482551575,-0.2473141849040985,0.6848616600036621,0.7433410882949829,0.6565434336662292,0.07844953238964081,0.2573993504047394,0.6590511798858643,0.918504536151886,-0.20854082703590393,0.6645665764808655,0.7336886525154114,0.6555484533309937,0.05885079503059387,0.2731514871120453,0.7798441052436829,1.0615593194961548,-0.14946016669273376,0.5448796153068542,0.7117959856987,1.0608985424041748,0.14969010651111603,0.6077502965927124,0.7520849704742432,1.2371752262115479,-0.162175253033638,0.3357180655002594,0.6872054934501648,1.2633674144744873,0.24147267639636993,0.18585725128650665,0.767877459526062,1.4998035430908203,0.030547330155968666,0.09453018754720688,0.702584445476532,1.5166903734207153,0.3426472544670105,0.04904375225305557,0.7905062437057495,1.5528416633605957,0.041408032178878784,0.17109714448451996,0.7161542773246765,1.5614763498306274,0.34575507044792175,0.10089447349309921,0.7155303955078125,1.5425642728805542,-0.10919073969125748,0.09648889303207397,0.6516607999801636,1.5693851709365845,0.21146194636821747,0.05756776034832001
0.6677075624465942,0.5854250192642212,-0.2498168647289276,0.9997366070747375,0.679477334022522,0.5586798787117004,-0.2507072687149048,0.9996850490570068,0.6891406774520874,0.5561767816543579,-0.25088852643966675,0.9997457265853882,0.7003241777420044,0.5542575120925903,-0.25104767084121704,0.999753475189209,0.6623613238334656,0.5641965270042419,-0.21875949203968048,0.9996726512908936,0.658255398273468,0.565708339214325,-0.21887724101543427,0.9995833039283752,0.6541165113449097,0.5673779845237732,-0.21902230381965637,0.9995130896568298,0.7236360907554626,0.5625125765800476,-0.1740223467350006,0.9998069405555725,0.66401207447052,0.5749639272689819,-0.03152577206492424,0.9996907114982605,0.6940153241157532,0.6097347140312195,-0.2179829180240631,0.9994127154350281,0.669603705406189,0.6128101944923401,-0.17796263098716736,0.9992775321006775,0.7698027491569519,0.6876497268676758,-0.2699293792247772,0.9984675645828247,0.6824554204940796,0.701725423336029,0.165451779961586,0.9965040683746338,0.7089532613754272,0.8392205834388733,-0.3306822180747986,0.9405149817466736,0.5849217176437378,0.6680004000663757,0.13015492260456085,0.6689026355743408,0.6590186357498169,0.9117642045021057,-0.2160220891237259,0.7513033151626587,0.7019032835960388,0.6514480710029602,0.11181914806365967,0.3718736171722412,0.6472827792167664,0.9460232853889465,-0.24944841861724854,0.6825174689292908,0.7355326414108276,0.6527725458145142,0.09796073287725449,0.26444292068481445,0.6528863906860352,0.9238635301589966,-0.25972557067871094,0.6974722146987915,0.7431133389472961,0.6563388705253601,0.13620606064796448,0.2637954652309418,0.6562381982803345,0.9170686602592468,-0.2156481295824051,0.6763955354690552,0.7333288192749023,0.6555957198143005,0.1179586872458458,0.2812022864818573,0.7831326723098755,1.0625578165054321,-0.14956489205360413,0.5676402449607849,0.7094882726669312,1.0624862909317017,0.14983269572257996,0.6304193735122681,0.7610610723495483,1.2562870979309082,-0.1511647254228592,0.32716232538223267,0.6907317638397217,1.2743028402328491,0.26131582260131836,0.18878187239170074,0.7762148976325989,1.5110734701156616,0.056742358952760696,0.08958186209201813,0.7082698345184326,1.5236945152282715,0.3842851221561432,0.0488152951002121,0.7988658547401428,1.5622702836990356,0.0676085576415062,0.15993911027908325,0.7207226157188416,1.5678850412368774,0.39032307267189026,0.09870602190494537,0.7231427431106567,1.553697109222412,-0.07211824506521225,0.08942009508609772,0.6610625386238098,1.5759109258651733,0.2348102629184723,0.05564335733652115
0.667751669883728,0.5853098034858704,-0.23732809722423553,0.9997530579566956,0.6794456243515015,0.5586909651756287,-0.2418975532054901,0.9997018575668335,0.6890389323234558,0.5561544895172119,-0.2420797049999237,0.9997608661651611,0.7000356912612915,0.5542504191398621,-0.2422964870929718,0.9997682571411133,0.6624060273170471,0.5643498301506042,-0.20938682556152344,0.9996902346611023,0.6583250761032104,0.5658852458000183,-0.20949050784111023,0.999604344367981,0.6542452573776245,0.5675631165504456,-0.20961737632751465,0.9995331168174744,0.7234395742416382,0.5618076920509338,-0.18022066354751587,0.9998213648796082,0.6644541621208191,0.575110673904419,-0.03545047715306282,0.9997074007987976,0.6941836476325989,0.6096951365470886,-0.20926575362682343,0.9994593262672424,0.6696926355361938,0.6126543879508972,-0.16844825446605682,0.9993311762809753,0.7699607610702515,0.6877971291542053,-0.27154865860939026,0.9985924959182739,0.6830648183822632,0.70166015625,0.16910426318645477,0.9967924356460571,0.7127264738082886,0.8694661259651184,-0.2985209822654724,0.9434062838554382,0.5855761766433716,0.6687870621681213,0.28278738260269165,0.689789891242981,0.6591604948043823,0.9101444482803345,-0.1621553599834442,0.7573988437652588,0.7012329697608948,0.6477782130241394,0.4215444028377533,0.3824634850025177,0.6481643319129944,0.9436859488487244,-0.19059871137142181,0.6867756247520447,0.7350984215736389,0.6509257555007935,0.4327940046787262,0.2679629623889923,0.6531990766525269,0.9228975176811218,-0.21240773797035217,0.7025519013404846,0.7427888512611389,0.6542803049087524,0.4587079882621765,0.26697954535484314,0.6564041972160339,0.9161161780357361,-0.16582688689231873,0.6808326840400696,0.7331418395042419,0.6552649140357971,0.42813271284103394,0.28526613116264343,0.783715009689331,1.0640904903411865,-0.14933931827545166,0.585456371307373,0.7098652124404907,1.0641744136810303,0.1496380716562271,0.65038001537323,0.7582874298095703,1.2277613878250122,-0.12324602901935577,0.3187752664089203,0.6948915719985962,1.255338430404663,0.27288204431533813,0.19082823395729065,0.7730271220207214,1.4855148792266846,0.108076311647892,0.08517646789550781,0.7119079828262329,1.4991689920425415,0.4141222834587097,0.04842747747898102,0.7963825464248657,1.5396140813827515,0.12586186826229095,0.15399375557899475,0.725678563117981,1.544183373451233,0.42293572425842285,0.0966595858335495,0.7153368592262268,1.521218180656433,0.0034006170462816954,0.08405870944261551,0.6567000150680542,1.545026183128357,0.30539029836654663,0.05339309200644493
0.6676419973373413,0.5852766633033752,-0.2347908318042755,0.9997600317001343,0.6793329119682312,0.5586461424827576,-0.23818643391132355,0.9997050166130066,0.6888599395751953,0.5561289191246033,-0.23835399746894836,0.9997663497924805,0.6997510194778442,0.5542309880256653,-0.23857812583446503,0.9997722506523132,0.662336528301239,0.5642961263656616,-0.2062310427427292,0.9996928572654724,0.6582542061805725,0.5658481121063232,-0.20633625984191895,0.9996066093444824,0.6541837453842163,0.567539393901825,-0.20645537972450256,0.9995273351669312,0.7231926918029785,0.5614145398139954,-0.1752014458179474,0.9998302459716797,0.6640834808349609,0.5751898884773254,-0.032386112958192825,0.9997137784957886,0.6941901445388794,0.6094381809234619,-0.20587070286273956,0.9994889497756958,0.6696129441261292,0.6122813820838928,-0.16572067141532898,0.9993630051612854,0.7699311375617981,0.6876913905143738,-0.2683487832546234,0.9986959099769592,0.6831011176109314,0.7016203999519348,0.17018137872219086,0.9970355033874512,0.7046295404434204,0.8659033179283142,-0.298625648021698,0.9464092254638672,0.5800926089286804,0.6596962213516235,0.24784402549266815,0.710962176322937,0.6549299955368042,0.9096705913543701,-0.16562403738498688,0.7609445452690125,0.7008746862411499,0.6420568823814392,0.3590637743473053,0.38809826970100403,0.6439853310585022,0.9425408244132996,-0.19415730237960815,0.6871120929718018,0.7350171804428101,0.6443614363670349,0.367095947265625,0.2668248414993286,0.6462733149528503,0.9219450354576111,-0.21074512600898743,0.7036188244819641,0.7426853775978088,0.6503203511238098,0.39833560585975647,0.2652052342891693,0.6524003148078918,0.916845440864563,-0.16739203035831451,0.6814244985580444,0.7329422235488892,0.6503729224205017,0.3671892583370209,0.2838832437992096,0.7846183180809021,1.0658658742904663,-0.1485404521226883,0.6039111018180847,0.717359185218811,1.0671268701553345,0.148807093501091,0.6713898181915283,0.753741979598999,1.2003343105316162,-0.12085720151662827,0.3240409791469574,0.7011348009109497,1.2455276250839233,0.2611578106880188,0.2016223967075348,0.772973895072937,1.4702225923538208,0.11216392368078232,0.08634693175554276,0.718898355960846,1.4889503717422485,0.37952756881713867,0.052362408488988876,0.7982856035232544,1.5276905298233032,0.1311033070087433,0.15979109704494476,0.7340770363807678,1.5353929996490479,0.3862261474132538,0.10149082541465759,0.7140759825706482,1.5051158666610718,0.02782377600669861,0.08360955119132996,0.6576918363571167,1.530487298965454,0.2869502007961273,0.054398246109485626
0.6674205660820007,0.5848023891448975,-0.2515665888786316,0.9997747540473938,0.6793216466903687,0.5583087801933289,-0.25116437673568726,0.9997193217277527,0.6888426542282104,0.5558109283447266,-0.2513198256492615,0.999778687953949,0.6996458172798157,0.5539410710334778,-0.25149640440940857,0.9997848272323608,0.6621254086494446,0.564167320728302,-0.22119691967964172,0.9997078776359558,0.6579605340957642,0.5657896399497986,-0.2213224172592163,0.9996259808540344,0.6538220643997192,0.5675118565559387,-0.22148890793323517,0.9995471239089966,0.7227376699447632,0.5608804821968079,-0.17477862536907196,0.9998419880867004,0.6634007096290588,0.5751521587371826,-0.03823541849851608,0.9997265934944153,0.6941794157028198,0.6089487075805664,-0.2187504768371582,0.9995289444923401,0.6692787408828735,0.6117315292358398,-0.18095692992210388,0.9994100332260132,0.7700884938240051,0.6876534223556519,-0.2663485109806061,0.9987949132919312,0.681028425693512,0.7024843692779541,0.15903213620185852,0.9972661137580872,0.7072784304618835,0.8559876084327698,-0.3000577688217163,0.9494341611862183,0.576292872428894,0.6597092747688293,0.23763462901115417,0.7330518960952759,0.6553037166595459,0.9092631936073303,-0.17990635335445404,0.7674821615219116,0.698824942111969,0.640006422996521,0.35617193579673767,0.385439395904541,0.6448870301246643,0.9417957067489624,-0.213815376162529,0.6891912221908569,0.733439564704895,0.6431901454925537,0.36120662093162537,0.258699506521225,0.6473691463470459,0.9219096302986145,-0.22815528512001038,0.7055498957633972,0.7411855459213257,0.6481429934501648,0.39251992106437683,0.2565035820007324,0.6529142260551453,0.9163622260093689,-0.18356823921203613,0.6822850108146667,0.731308102607727,0.6495986580848694,0.3636876046657562,0.27624544501304626,0.7848893404006958,1.0661132335662842,-0.14716129004955292,0.617785632610321,0.7091471552848816,1.0677053928375244,0.1475302129983902,0.6852797269821167,0.762962818145752,1.262015700340271,-0.12170229107141495,0.31930914521217346,0.7007108926773071,1.2842562198638916,0.25568458437919617,0.2057420313358307,0.7791718244552612,1.5145889520645142,0.10383792966604233,0.08433236926794052,0.7148288488388062,1.5349736213684082,0.36791104078292847,0.05380801111459732,0.8024112582206726,1.5655983686447144,0.12822195887565613,0.15336647629737854,0.7287799119949341,1.5795027017593384,0.3738800585269928,0.10037966817617416,0.7252263426780701,1.5606619119644165,-0.04064822569489479,0.07929002493619919,0.6640684604644775,1.589318871498108,0.23606126010417938,0.054035186767578125
0.6677712798118591,0.5847426652908325,-0.2615782618522644,0.9997721314430237,0.6793893575668335,0.5582848787307739,-0.2622688412666321,0.999709963798523,0.6888659000396729,0.5558125376701355,-0.26243966817855835,0.9997735023498535,0.6996221542358398,0.5539817810058594,-0.262626051902771,0.9997820258140564,0.6622033715248108,0.5641708374023438,-0.23243410885334015,0.9996975064277649,0.6580608487129211,0.5658206343650818,-0.23256826400756836,0.9996119141578674,0.6539438962936401,0.5675809383392334,-0.23275092244148254,0.9995238780975342,0.7215564250946045,0.5608555674552917,-0.18310749530792236,0.999844491481781,0.6635022759437561,0.5753751397132874,-0.048124901950359344,0.9997137188911438,0.6945428252220154,0.6089217066764832,-0.2281898558139801,0.9995497465133667,0.670121431350708,0.6116819381713867,-0.19043247401714325,0.9994288086891174,0.7700458765029907,0.6867499947547913,-0.2646903395652771,0.9988759160041809,0.6786291003227234,0.7026199698448181,0.15284650027751923,0.9974359273910522,0.7079678773880005,0.8474298119544983,-0.3002398610115051,0.9513590931892395,0.5823782682418823,0.676626443862915,0.2237280309200287,0.7499557733535767,0.660679817199707,0.9057329893112183,-0.20017215609550476,0.7681148648262024,0.6971250772476196,0.63836669921875,0.3000110685825348,0.379885196685791,0.6514543294906616,0.9383889436721802,-0.2367890328168869,0.6851682066917419,0.7320557236671448,0.6432831287384033,0.30165016651153564,0.2500939667224884,0.6539685130119324,0.9201908111572266,-0.24906007945537567,0.70139479637146,0.7398737668991089,0.6484438180923462,0.33003872632980347,0.2474774718284607,0.6586177349090576,0.9130479097366333,-0.2034974843263626,0.6767668724060059,0.7296435832977295,0.6496717929840088,0.3056219816207886,0.2681799530982971,0.7868415117263794,1.0643559694290161,-0.1465323269367218,0.6252065896987915,0.7079299688339233,1.0674597024917603,0.1469590812921524,0.6918770670890808,0.7711050510406494,1.2638189792633057,-0.11489222943782806,0.3147309422492981,0.6990764141082764,1.2846482992172241,0.272592693567276,0.20513761043548584,0.7878630757331848,1.5140055418014526,0.09936138987541199,0.08175110071897507,0.7178193926811218,1.5329780578613281,0.41496047377586365,0.053342439234256744,0.8098855018615723,1.5639615058898926,0.11709138005971909,0.14519049227237701,0.7308915257453918,1.5755196809768677,0.42413130402565,0.09696483612060547,0.7387600541114807,1.5599987506866455,-0.0435650572180748,0.07457847148180008,0.6770281195640564,1.589691400527954,0.2698494791984558,0.05249746888875961
0.6679083108901978,0.5843969583511353,-0.264498770236969,0.9997817873954773,0.6794057488441467,0.5580281615257263,-0.26698702573776245,0.999717652797699,0.6888821125030518,0.5555737018585205,-0.26717609167099,0.9997802972793579,0.6996272206306458,0.553795576095581,-0.26735249161720276,0.9997898936271667,0.6621812582015991,0.5640465021133423,-0.2344348132610321,0.9997050762176514,0.6580150723457336,0.5657133460044861,-0.23456013202667236,0.9996210336685181,0.6538828611373901,0.5674923062324524,-0.23475149273872375,0.9995321035385132,0.7210550308227539,0.5605244040489197,-0.19457009434700012,0.9998526573181152,0.6632107496261597,0.5753480195999146,-0.04744526743888855,0.9997198581695557,0.6947526335716248,0.6083336472511292,-0.2342040091753006,0.9995819330215454,0.6704025268554688,0.6112974286079407,-0.1928429901599884,0.9994644522666931,0.7700280547142029,0.6868480443954468,-0.281328022480011,0.9989559650421143,0.6761213541030884,0.7043572664260864,0.15737493336200714,0.9976103901863098,0.7085354328155518,0.8507394790649414,-0.31835219264030457,0.9537987112998962,0.5838004350662231,0.6868396997451782,0.3007364869117737,0.7669215202331543,0.6564830541610718,0.907096803188324,-0.19628769159317017,0.7737504839897156,0.6918465495109558,0.6364752054214478,0.47515588998794556,0.36991387605667114,0.6444868445396423,0.931998074054718,-0.23200075328350067,0.6864975094795227,0.7288446426391602,0.6408838629722595,0.4860837459564209,0.23862329125404358,0.6460157036781311,0.9195504784584045,-0.24466893076896667,0.7021399140357971,0.735528290271759,0.6483134627342224,0.512511670589447,0.23578257858753204,0.6537627577781677,0.9133216142654419,-0.19933995604515076,0.6764354109764099,0.7260019183158875,0.6493228077888489,0.48087364435195923,0.2572856545448303,0.7886205911636353,1.0682247877120972,-0.14942529797554016,0.6269636154174805,0.7064840197563171,1.0741316080093384,0.1500108391046524,0.6960800886154175,0.7721844911575317,1.2902816534042358,-0.10773934423923492,0.3036712110042572,0.6981722116470337,1.3093386888504028,0.2773028016090393,0.20608727633953094,0.7912314534187317,1.5393949747085571,0.11360909789800644,0.07798980921506882,0.7185091972351074,1.5608633756637573,0.426077276468277,0.05349551513791084,0.8138521313667297,1.588500738143921,0.12849393486976624,0.13522760570049286,0.7307941317558289,1.6038248538970947,0.4356844425201416,0.09471626579761505,0.7417219877243042,1.5884567499160767,-0.036919254809617996,0.06951729953289032,0.6798816919326782,1.6207000017166138,0.27616772055625916,0.052046868950128555
0.6695379018783569,0.5835830569267273,-0.2570344805717468,0.9997780323028564,0.6806477308273315,0.5574029684066772,-0.2586115002632141,0.9997062683105469,0.6899808645248413,0.5550632476806641,-0.25879186391830444,0.9997719526290894,0.7001374959945679,0.5534554719924927,-0.25897008180618286,0.9997850656509399,0.6628590822219849,0.5635559558868408,-0.22701199352741241,0.9996925592422485,0.6586665511131287,0.5652678608894348,-0.22712178528308868,0.9996047616004944,0.6545237898826599,0.5671094059944153,-0.22730381786823273,0.9995108842849731,0.7210451364517212,0.5604711771011353,-0.1940372735261917,0.999854326248169,0.6633439660072327,0.5753149390220642,-0.04296574369072914,0.9997068047523499,0.6951639652252197,0.6068998575210571,-0.2262178212404251,0.9995997548103333,0.6714572310447693,0.6099885702133179,-0.1860290765762329,0.9994760155677795,0.770223081111908,0.6868422627449036,-0.2782910466194153,0.9990125894546509,0.6744827032089233,0.7051646709442139,0.15759235620498657,0.9977388978004456,0.7207874059677124,0.8690054416656494,-0.31750282645225525,0.9560076594352722,0.579413115978241,0.6923894882202148,0.2751832604408264,0.782159686088562,0.6555677056312561,0.9111381769180298,-0.19353272020816803,0.7735631465911865,0.6838415861129761,0.6365411877632141,0.3976767659187317,0.35233956575393677,0.6415843963623047,0.9323233366012573,-0.22796256840229034,0.6790497899055481,0.719734251499176,0.6410239338874817,0.40200942754745483,0.22374260425567627,0.6423612833023071,0.9197127819061279,-0.2378595620393753,0.6941705942153931,0.7257111668586731,0.6483250260353088,0.4285045564174652,0.2208736687898636,0.6525511741638184,0.9173686504364014,-0.1960965096950531,0.668451726436615,0.7167288661003113,0.6493790149688721,0.4018007814884186,0.24265573918819427,0.7905406951904297,1.0681850910186768,-0.1495196521282196,0.6159983277320862,0.7044727206230164,1.0738670825958252,0.15014581382274628,0.6874053478240967,0.7722694277763367,1.2989989519119263,-0.12840621173381805,0.28597772121429443,0.6975518465042114,1.3131848573684692,0.26284241676330566,0.19887793064117432,0.7908622026443481,1.5514379739761353,0.0598941333591938,0.07272730767726898,0.7168606519699097,1.5700511932373047,0.393880158662796,0.05124275013804436,0.8130618333816528,1.600139856338501,0.06871318072080612,0.1242414340376854,0.728927493095398,1.6132296323776245,0.3998788297176361,0.0902138277888298,0.7431351542472839,1.6022096872329712,-0.11268182843923569,0.06387414783239365,0.6797977089881897,1.632766604423523,0.20783588290214539,0.049806494265794754
0.6718640923500061,0.5810471773147583,-0.2891212999820709,0.9997614026069641,0.6834099292755127,0.5555495023727417,-0.2824016511440277,0.9996888637542725,0.6927017569541931,0.5534311532974243,-0.2826191484928131,0.999755322933197,0.7020512819290161,0.5520963072776794,-0.28285861015319824,0.9997771978378296,0.6641321182250977,0.562009871006012,-0.2567029595375061,0.9996642470359802,0.6595786809921265,0.5639277100563049,-0.2567298114299774,0.999559223651886,0.6551540493965149,0.5659629702568054,-0.256920725107193,0.9994575381278992,0.7210730314254761,0.5599443316459656,-0.19050860404968262,0.9998526573181152,0.6634429693222046,0.574911892414093,-0.05343479663133621,0.999660313129425,0.6968496441841125,0.6036718487739563,-0.24627044796943665,0.999613344669342,0.6721661686897278,0.6067021489143372,-0.21304726600646973,0.9994748830795288,0.7705566883087158,0.6861437559127808,-0.27439701557159424,0.9990814328193665,0.6719683408737183,0.7052058577537537,0.15026235580444336,0.9978147745132446,0.7195775508880615,0.8635520339012146,-0.33933356404304504,0.9584435820579529,0.5830518007278442,0.7003195285797119,0.22086367011070251,0.7942447066307068,0.6601648330688477,0.9106733202934265,-0.2614298462867737,0.7741389274597168,0.6837529540061951,0.6366349458694458,0.2970086932182312,0.332770437002182,0.6429847478866577,0.931013286113739,-0.3016132712364197,0.6724815964698792,0.7197827100753784,0.6411160230636597,0.2927674651145935,0.20865052938461304,0.6452863216400146,0.9195482730865479,-0.30672556161880493,0.6876763701438904,0.7259655594825745,0.6484682559967041,0.31614622473716736,0.2058902084827423,0.6565281748771667,0.9172658324241638,-0.2625722587108612,0.6607088446617126,0.7130991220474243,0.679945707321167,0.2985857129096985,0.22781719267368317,0.7898054718971252,1.0664222240447998,-0.14951196312904358,0.5999572277069092,0.6990456581115723,1.0725706815719604,0.15013258159160614,0.6680811047554016,0.7748726606369019,1.3078742027282715,-0.12151993811130524,0.268679678440094,0.6973347663879395,1.317631483078003,0.25523632764816284,0.19219015538692474,0.7897906303405762,1.5607420206069946,0.0829513818025589,0.06762709468603134,0.7158163785934448,1.5769531726837158,0.38835135102272034,0.04859268292784691,0.8098349571228027,1.6071373224258423,0.09025879204273224,0.11341331154108047,0.7243422269821167,1.6191961765289307,0.3952156603336334,0.08599947392940521,0.7468541860580444,1.6161811351776123,-0.09423652291297913,0.058274853974580765,0.6794422268867493,1.6419988870620728,0.19763655960559845,0.046824581921100616
0.6734703779220581,0.5800386071205139,-0.273895263671875,0.9997257590293884,0.6855382323265076,0.5546371340751648,-0.27124547958374023,0.9996374249458313,0.6947790384292603,0.552833616733551,-0.2714245915412903,0.9997153282165527,0.7036590576171875,0.5517928004264832,-0.2716338336467743,0.9997490644454956,0.6653046011924744,0.5608128905296326,-0.24285820126533508,0.9996076226234436,0.6604853868484497,0.5627756118774414,-0.2429163157939911,0.9994799494743347,0.6558245420455933,0.5648971199989319,-0.2430839091539383,0.9993581175804138,0.7213233709335327,0.5599367022514343,-0.1859762966632843,0.9998422265052795,0.6640169620513916,0.5740904211997986,-0.049360379576683044,0.9996047019958496,0.6976385712623596,0.6020801067352295,-0.23657777905464172,0.9996039271354675,0.6725183725357056,0.6047972440719604,-0.20070068538188934,0.9994404911994934,0.7707682847976685,0.6858068704605103,-0.27035728096961975,0.9990951418876648,0.6710802912712097,0.705106794834137,0.15069755911827087,0.9977811574935913,0.7230561971664429,0.8680530190467834,-0.33897867798805237,0.9591983556747437,0.5962297916412354,0.6968385577201843,0.29169195890426636,0.7985920310020447,0.6594403982162476,0.9156444668769836,-0.24022987484931946,0.7659624814987183,0.6829635500907898,0.6332448124885559,0.4529098570346832,0.3105546534061432,0.6433631181716919,0.9450085163116455,-0.2740837037563324,0.6584067344665527,0.7162589430809021,0.6407517194747925,0.46229153871536255,0.19320164620876312,0.6457737684249878,0.9307019710540771,-0.2819630205631256,0.6738756895065308,0.7244452834129333,0.648005485534668,0.4769291877746582,0.1906270831823349,0.6554839015007019,0.9242732524871826,-0.24003079533576965,0.6473248600959778,0.71190345287323,0.6657567620277405,0.45313653349876404,0.21213650703430176,0.7892971634864807,1.0657833814620972,-0.14955177903175354,0.5941091775894165,0.6999921202659607,1.0723621845245361,0.15019705891609192,0.6584411859512329,0.7716096639633179,1.2925066947937012,-0.1598518341779709,0.25722381472587585,0.6946191787719727,1.3074688911437988,0.25461575388908386,0.18776118755340576,0.7863206267356873,1.546811819076538,0.013675461523234844,0.06414619833230972,0.715295135974884,1.5651246309280396,0.385274201631546,0.04738423600792885,0.8069626688957214,1.5964945554733276,0.02145499922335148,0.10600431263446808,0.7237160801887512,1.6090645790100098,0.3926244378089905,0.08307158946990967,0.7402487993240356,1.59531831741333,-0.1555563360452652,0.05430098623037338,0.676300048828125,1.624680995941162,0.20913633704185486,0.04553434997797012
0.6733946204185486,0.575993537902832,-0.2332770824432373,0.9997255206108093,0.6857070922851562,0.5506343245506287,-0.23547665774822235,0.9996317028999329,0.6950411796569824,0.5492391586303711,-0.23569798469543457,0.9997143149375916,0.704059898853302,0.5488851070404053,-0.2358689308166504,0.9997469186782837,0.6655675172805786,0.5567605495452881,-0.2045881450176239,0.9996039867401123,0.660791277885437,0.5587689876556396,-0.20467433333396912,0.9994816780090332,0.656143844127655,0.5609437227249146,-0.20488464832305908,0.999352216720581,0.7218242883682251,0.5593128800392151,-0.16604673862457275,0.9998470544815063,0.6653921008110046,0.5708675980567932,-0.023171843960881233,0.9995983839035034,0.697638750076294,0.598829448223114,-0.20391952991485596,0.9996182322502136,0.6725165247917175,0.6009453535079956,-0.16462571918964386,0.9994440674781799,0.7712925672531128,0.6857911348342896,-0.26856791973114014,0.9991335272789001,0.6690197587013245,0.7054447531700134,0.1666092574596405,0.9978358149528503,0.7218950390815735,0.8644012212753296,-0.33388641476631165,0.961285412311554,0.5963261127471924,0.7164608240127563,0.18839827179908752,0.8024449944496155,0.652414858341217,0.9152389168739319,-0.21064963936805725,0.7677652835845947,0.6831704378128052,0.6443698406219482,0.17031218111515045,0.2940728962421417,0.636915385723114,0.9445257186889648,-0.23960289359092712,0.6531007289886475,0.7142056822776794,0.6510211825370789,0.16012564301490784,0.18177543580532074,0.642345130443573,0.9272352457046509,-0.2412249594926834,0.6681064367294312,0.7206287384033203,0.6598092317581177,0.18461894989013672,0.17920345067977905,0.6488915085792542,0.9235132336616516,-0.20695173740386963,0.6429327726364136,0.7041397094726562,0.709866464138031,0.17089812457561493,0.20045293867588043,0.7885007262229919,1.066184401512146,-0.15002496540546417,0.5885394215583801,0.6975318789482117,1.0720481872558594,0.15069934725761414,0.6528745293617249,0.7709258198738098,1.291025161743164,-0.16734349727630615,0.24786674976348877,0.6872473955154419,1.3062880039215088,0.25756675004959106,0.18441461026668549,0.7844518423080444,1.5475335121154785,-0.0058083683252334595,0.060959041118621826,0.7117650508880615,1.5644757747650146,0.3794599175453186,0.04646582901477814,0.805294394493103,1.598932147026062,0.00043639549403451383,0.09893466532230377,0.7211991548538208,1.6093852519989014,0.3840450346469879,0.08037348836660385,0.7373064160346985,1.5941298007965088,-0.17160513997077942,0.05074624344706535,0.6752749681472778,1.6233950853347778,0.21177725493907928,0.04477151110768318
0.6735633611679077,0.571721613407135,-0.22639138996601105,0.9997268915176392,0.6865631937980652,0.5477047562599182,-0.22805531322956085,0.9996340274810791,0.6960785984992981,0.5468628406524658,-0.22827096283435822,0.9997153282165527,0.7052210569381714,0.5471153855323792,-0.22848129272460938,0.9997518658638,0.6664900183677673,0.5532074570655823,-0.19796566665172577,0.9996047019958496,0.6618794202804565,0.5552242398262024,-0.19796474277973175,0.9994778037071228,0.6574313640594482,0.5574280619621277,-0.19817309081554413,0.9993501305580139,0.7230051159858704,0.5590782165527344,-0.1548500508069992,0.9998522996902466,0.6679168939590454,0.5681793093681335,-0.015202613547444344,0.9995942115783691,0.6981588006019592,0.595838189125061,-0.1964099109172821,0.9996360540390015,0.6731127500534058,0.5964088439941406,-0.15761056542396545,0.9994568228721619,0.7716046571731567,0.6867665648460388,-0.2601676881313324,0.9991849660873413,0.6693857312202454,0.7032549381256104,0.17289291322231293,0.9979285597801208,0.7213319540023804,0.8703277707099915,-0.3322329819202423,0.963988184928894,0.596179187297821,0.7125927209854126,0.25874242186546326,0.8138084411621094,0.652147650718689,0.9115047454833984,-0.19881463050842285,0.7734687328338623,0.6836932897567749,0.6350692510604858,0.3872896432876587,0.2792944014072418,0.6368663907051086,0.9326525926589966,-0.2285596877336502,0.6521536111831665,0.715019702911377,0.6399449110031128,0.39224210381507874,0.1704615205526352,0.6412967443466187,0.9172443747520447,-0.23184315860271454,0.6665939688682556,0.7216681241989136,0.6549142003059387,0.4162888526916504,0.16795943677425385,0.6490417122840881,0.9133970737457275,-0.19661296904087067,0.6425343155860901,0.7056884169578552,0.6698485612869263,0.3900272250175476,0.18937882781028748,0.7875771522521973,1.0650742053985596,-0.1496024876832962,0.5780471563339233,0.6942184567451477,1.0685101747512817,0.15038610994815826,0.6404992341995239,0.7702866792678833,1.2993890047073364,-0.17082931101322174,0.23017138242721558,0.681881308555603,1.3069500923156738,0.2570158839225769,0.17511935532093048,0.7805283665657043,1.5551363229751587,-0.023356540128588676,0.05609423294663429,0.7015268802642822,1.568756341934204,0.37531405687332153,0.04336613789200783,0.7999083995819092,1.605148196220398,-0.018472980707883835,0.09059078991413116,0.7096866369247437,1.6133660078048706,0.37952375411987305,0.07539920508861542,0.7344483137130737,1.6042226552963257,-0.20066627860069275,0.046381767839193344,0.6707916259765625,1.630818247795105,0.20208868384361267,0.04199827089905739
0.6770097613334656,0.5689794421195984,-0.22322718799114227,0.99970942735672,0.6910632252693176,0.5453563928604126,-0.22437162697315216,0.9996201992034912,0.7005618810653687,0.5450009703636169,-0.22462546825408936,0.9997032880783081,0.709563136100769,0.545737087726593,-0.2248702347278595,0.9997457265853882,0.6701216101646423,0.5502779483795166,-0.19433489441871643,0.9995863437652588,0.6653412580490112,0.5523397922515869,-0.19431033730506897,0.9994497299194336,0.6608482599258423,0.5546508431434631,-0.1945047676563263,0.9993167519569397,0.7257557511329651,0.558692216873169,-0.1479022353887558,0.999854564666748,0.6708831787109375,0.5664324164390564,-0.009376978501677513,0.9995720386505127,0.7013044357299805,0.5943536162376404,-0.19208313524723053,0.9996427893638611,0.6758819222450256,0.5941611528396606,-0.15345224738121033,0.9994408488273621,0.771812379360199,0.6867566704750061,-0.2589071989059448,0.999221682548523,0.6696509122848511,0.7031233310699463,0.18513798713684082,0.997895359992981,0.7179726362228394,0.8274403214454651,-0.343997597694397,0.9664456844329834,0.6017671823501587,0.7091224193572998,0.19870677590370178,0.8191999793052673,0.6526734232902527,0.900530993938446,-0.21919691562652588,0.7778273820877075,0.6845777034759521,0.6329541802406311,0.1923372447490692,0.2691318094730377,0.639501690864563,0.9311491250991821,-0.2524932026863098,0.649949848651886,0.7156546115875244,0.6382430791854858,0.18487349152565002,0.16283150017261505,0.6448479890823364,0.9116623997688293,-0.2505653202533722,0.6645217537879944,0.7219585180282593,0.6488320231437683,0.21156306564807892,0.16048789024353027,0.6492083072662354,0.9112635254859924,-0.2154749631881714,0.6417629718780518,0.7061063051223755,0.6847554445266724,0.19370754063129425,0.18212516605854034,0.7824668884277344,1.0649038553237915,-0.1527961790561676,0.5571879744529724,0.6914541125297546,1.0662661790847778,0.1536320447921753,0.6162095069885254,0.7573150396347046,1.297485113143921,-0.18445077538490295,0.2172475904226303,0.6720919609069824,1.3025710582733154,0.2602892518043518,0.1692938208580017,0.7631270289421082,1.5564634799957275,-0.02794499695301056,0.052110180258750916,0.6897490620613098,1.5676425695419312,0.37521570920944214,0.04080956429243088,0.7817810773849487,1.608490228652954,-0.02237602137029171,0.08354976028203964,0.6988648176193237,1.6131449937820435,0.3788018524646759,0.07130823284387589,0.7149630188941956,1.6010406017303467,-0.20356830954551697,0.042770013213157654,0.6566635370254517,1.6286269426345825,0.20430946350097656,0.0397661030292511
0.6773883700370789,0.5642511248588562,-0.15721175074577332,0.999727725982666,0.6919941306114197,0.5407838225364685,-0.16637341678142548,0.999642550945282,0.7006940245628357,0.5407119989395142,-0.16657498478889465,0.9997214674949646,0.7095256447792053,0.5419104099273682,-0.16674943268299103,0.9997595548629761,0.6756101846694946,0.5449063181877136,-0.13240285217761993,0.999613344669342,0.6725226640701294,0.5466791391372681,-0.13251611590385437,0.9994876980781555,0.6695705056190491,0.5487891435623169,-0.13267238438129425,0.9993630051612854,0.7277498841285706,0.5578716397285461,-0.1312200129032135,0.99986332654953,0.6821430921554565,0.5627077221870422,0.017506368458271027,0.9996018409729004,0.7000938057899475,0.5904909372329712,-0.1400885432958603,0.999657154083252,0.6764723062515259,0.5899345874786377,-0.09763921052217484,0.9994634985923767,0.7708981037139893,0.686665415763855,-0.2487843930721283,0.999211847782135,0.670333981513977,0.7010098695755005,0.22248513996601105,0.9979387521743774,0.7103310227394104,0.8144189119338989,-0.3452393710613251,0.9628116488456726,0.6173368692398071,0.7166873216629028,0.2922418415546417,0.7708038687705994,0.6405001878738403,0.8931640982627869,-0.31737950444221497,0.771704912185669,0.6131234169006348,0.7132392525672913,0.24109232425689697,0.27250370383262634,0.6303954720497131,0.912151038646698,-0.35587573051452637,0.6531031727790833,0.604214072227478,0.7149171829223633,0.23869352042675018,0.17726826667785645,0.6269485950469971,0.9071865677833557,-0.36358892917633057,0.6704903841018677,0.6106804609298706,0.7146069407463074,0.24825529754161835,0.17881251871585846,0.6334081888198853,0.9036120772361755,-0.3187294602394104,0.6463608741760254,0.6170437932014465,0.7223572134971619,0.23987574875354767,0.1997237652540207,0.7744916677474976,1.0649651288986206,-0.15249845385551453,0.5525386333465576,0.6923166513442993,1.0660847425460815,0.1532210111618042,0.6187390685081482,0.7299575805664062,1.2240506410598755,-0.18067198991775513,0.22448238730430603,0.6626666784286499,1.24891996383667,0.1899271458387375,0.17029669880867004,0.7314490675926208,1.4970616102218628,-0.012468754313886166,0.052119575440883636,0.6630565524101257,1.513042688369751,0.24174156785011292,0.0401637963950634,0.7538690567016602,1.5557715892791748,-0.0021351189352571964,0.08694174140691757,0.6752709150314331,1.563077449798584,0.23971888422966003,0.0686783492565155,0.665736198425293,1.5285831689834595,-0.14174792170524597,0.044810328632593155,0.5961790680885315,1.5576322078704834,0.12860549986362457,0.03906017541885376
0.6788363456726074,0.5638304352760315,-0.17026598751544952,0.9997203946113586,0.6950638890266418,0.5409050583839417,-0.17655013501644135,0.9996243715286255,0.7036609649658203,0.5410635471343994,-0.1767389476299286,0.9997090697288513,0.7128463983535767,0.5421696901321411,-0.17695505917072296,0.9997479915618896,0.680314302444458,0.5440239310264587,-0.1444796621799469,0.999598503112793,0.6779130697250366,0.545481264591217,-0.14459282159805298,0.9994719624519348,0.675548255443573,0.5473025441169739,-0.14475786685943604,0.9993489980697632,0.7314535975456238,0.5581997036933899,-0.1348685324192047,0.9998576641082764,0.6884472966194153,0.5616000294685364,0.008892306126654148,0.9996061325073242,0.7000352144241333,0.5903523564338684,-0.15021327137947083,0.9996230006217957,0.677751898765564,0.5886735916137695,-0.1097026914358139,0.9994297027587891,0.7705848217010498,0.686663806438446,-0.2417784035205841,0.9991495013237,0.6711519360542297,0.6953783631324768,0.2099398374557495,0.9978336095809937,0.7069470286369324,0.807361900806427,-0.31758517026901245,0.9577643275260925,0.6141282916069031,0.6937645673751831,0.3490801155567169,0.7371652126312256,0.6426094174385071,0.8920308947563171,-0.2676551938056946,0.747490644454956,0.6214487552642822,0.6303953528404236,0.4949467182159424,0.25846755504608154,0.6320077180862427,0.9128820300102234,-0.3058326542377472,0.6354624629020691,0.6446399092674255,0.6336393356323242,0.5049105286598206,0.17064951360225677,0.6304672360420227,0.9076524972915649,-0.32695168256759644,0.6558366417884827,0.6302855014801025,0.6344423890113831,0.5128182172775269,0.17339712381362915,0.6366347074508667,0.9038349390029907,-0.27881020307540894,0.6308345794677734,0.6549103856086731,0.6889565587043762,0.4921616017818451,0.19341318309307098,0.7698107957839966,1.065340280532837,-0.14852482080459595,0.5414806604385376,0.6924592852592468,1.0649733543395996,0.14912207424640656,0.6138132810592651,0.7220926284790039,1.2007451057434082,-0.1503404676914215,0.21993687748908997,0.6595464944839478,1.211195707321167,0.1943405121564865,0.16734789311885834,0.7163710594177246,1.4635592699050903,0.054876141250133514,0.050943922251462936,0.6520603895187378,1.4695767164230347,0.2769005000591278,0.039004549384117126,0.7380176186561584,1.5233348608016968,0.07196184992790222,0.08785480260848999,0.663597583770752,1.5194886922836304,0.2789761424064636,0.06575091928243637,0.6485679149627686,1.4863320589065552,-0.02994713746011257,0.04536018893122673,0.5854319334030151,1.5125126838684082,0.16494829952716827,0.03817005082964897
0.682433009147644,0.5628296732902527,-0.18699364364147186,0.9996502995491028,0.6994085907936096,0.540723443031311,-0.18037673830986023,0.9995408058166504,0.7078340649604797,0.5411680340766907,-0.18017272651195526,0.9996474385261536,0.7169533967971802,0.542394757270813,-0.18003246188163757,0.9996833205223083,0.6848407983779907,0.5432425141334534,-0.16370077431201935,0.9995101094245911,0.6824254393577576,0.5447120666503906,-0.16371862590312958,0.9993703961372375,0.679875910282135,0.5466145873069763,-0.16348585486412048,0.9992172718048096,0.7334956526756287,0.5585057139396667,-0.13740426301956177,0.999802827835083,0.6904292106628418,0.5614678859710693,-0.026459556072950363,0.9995325803756714,0.7010855078697205,0.5899075865745544,-0.15864698588848114,0.9994736313819885,0.6806362271308899,0.5875838994979858,-0.1340242326259613,0.9992361068725586,0.7681283354759216,0.6868239045143127,-0.24268405139446259,0.9990291595458984,0.6713292598724365,0.6946173310279846,0.16588854789733887,0.9971025586128235,0.6965039372444153,0.7937293648719788,-0.3259056806564331,0.9559352397918701,0.6128755807876587,0.6832510828971863,0.28554579615592957,0.7040096521377563,0.6438456773757935,0.878546953201294,-0.27863261103630066,0.740509569644928,0.6523375511169434,0.6117100119590759,0.3689740300178528,0.24881717562675476,0.6421926021575928,0.9043037295341492,-0.3118138909339905,0.6325350999832153,0.6858624815940857,0.6207700371742249,0.3884504437446594,0.16831228137016296,0.6327963471412659,0.8937647342681885,-0.3219309449195862,0.6515751481056213,0.6623610854148865,0.637195885181427,0.3653525114059448,0.17111098766326904,0.6384586095809937,0.8943132162094116,-0.2809377908706665,0.6270001530647278,0.6564133763313293,0.6699313521385193,0.3641837239265442,0.19004705548286438,0.7593126893043518,1.0653427839279175,-0.1468300074338913,0.537286639213562,0.6993957757949829,1.064974069595337,0.14727315306663513,0.6062737107276917,0.7058743238449097,0.9900230765342712,-0.08355819433927536,0.22474874556064606,0.6548338532447815,1.0337823629379272,0.20842325687408447,0.16905109584331512,0.6660577058792114,1.1775262355804443,0.13881978392601013,0.05799682438373566,0.6358060240745544,1.1596225500106812,0.27819588780403137,0.04086918383836746,0.6785256862640381,1.236379623413086,0.15698570013046265,0.10376135259866714,0.6430720090866089,1.2001768350601196,0.30058974027633667,0.07401823252439499,0.5980781316757202,1.1567176580429077,0.1083141416311264,0.05321575328707695,0.5700770616531372,1.1446064710617065,0.29998111724853516,0.04186249524354935
0.6839381456375122,0.5613492131233215,-0.14337646961212158,0.9995549321174622,0.7007726430892944,0.5397371053695679,-0.14883826673030853,0.9994338750839233,0.7088574767112732,0.5405594706535339,-0.14878679811954498,0.999554455280304,0.7177799940109253,0.5422580242156982,-0.14875216782093048,0.9996070861816406,0.6869659423828125,0.5418587923049927,-0.12303487211465836,0.9993963241577148,0.6846345067024231,0.5433816313743591,-0.12299766391515732,0.9992285966873169,0.682132363319397,0.5453945994377136,-0.12289249897003174,0.9990654587745667,0.7347196340560913,0.5585995316505432,-0.11679335683584213,0.9996868968009949,0.6932933926582336,0.5611138939857483,-0.0001652774662943557,0.9993544816970825,0.7016099691390991,0.5894203782081604,-0.12455794960260391,0.9992210865020752,0.6823983192443848,0.5864905714988708,-0.09185828268527985,0.9989205598831177,0.7642079591751099,0.686762809753418,-0.22635161876678467,0.9988529086112976,0.6808327436447144,0.6918159127235413,0.1632257103919983,0.9965518116950989,0.6909924745559692,0.7737360596656799,-0.3044953942298889,0.949292004108429,0.6157295107841492,0.655544102191925,0.2761174738407135,0.6790133118629456,0.6446336507797241,0.8514441251754761,-0.2128104865550995,0.7236912846565247,0.6772511601448059,0.6046739816665649,0.3855157792568207,0.2407149076461792,0.6421974301338196,0.8794227242469788,-0.22974535822868347,0.6192923188209534,0.7111101746559143,0.6104266047477722,0.40036827325820923,0.16585008800029755,0.6331574320793152,0.8736909627914429,-0.23871204257011414,0.636799693107605,0.7090502977371216,0.6141529679298401,0.4050427973270416,0.16880549490451813,0.6393219232559204,0.8711517453193665,-0.2122383862733841,0.6135058999061584,0.6970182657241821,0.6450169086456299,0.38728395104408264,0.18698900938034058,0.7610094547271729,1.0560961961746216,-0.14135316014289856,0.5429030656814575,0.7097160220146179,1.0585910081863403,0.14155253767967224,0.607563853263855,0.7085480690002441,0.8554113507270813,-0.07500603795051575,0.22884052991867065,0.6539853811264038,0.9153226613998413,0.2393995225429535,0.16542202234268188,0.6492193937301636,0.9858518838882446,0.14487004280090332,0.06381554156541824,0.626227855682373,0.9763930439949036,0.29611191153526306,0.04349571093916893,0.6528623700141907,1.0358433723449707,0.16476477682590485,0.11660057306289673,0.6267043948173523,1.0091831684112549,0.32022228837013245,0.08055329322814941,0.5884798765182495,0.946956992149353,0.13910481333732605,0.0642797127366066,0.5746569633483887,0.9319204688072205,0.3385479152202606,0.049188949167728424
0.6899178624153137,0.5585329532623291,-0.12664876878261566,0.9995356202125549,0.7056887745857239,0.5386801362037659,-0.11935897171497345,0.9994446039199829,0.7135219573974609,0.5398568511009216,-0.11933809518814087,0.9995559453964233,0.7219815254211426,0.5418913960456848,-0.11931214481592178,0.9996136426925659,0.6918114423751831,0.5400486588478088,-0.10378392040729523,0.9994048476219177,0.6893143653869629,0.5415487289428711,-0.103759765625,0.9992372989654541,0.6867848634719849,0.5436151623725891,-0.1036902666091919,0.9990836381912231,0.7363853454589844,0.5584629774093628,-0.04407712072134018,0.9996854066848755,0.6961869597434998,0.5605485439300537,0.02298394963145256,0.9993374347686768,0.7064429521560669,0.5868566632270813,-0.09529058635234833,0.9991823434829712,0.6884815692901611,0.5833826065063477,-0.07594593614339828,0.9988768100738525,0.7605546712875366,0.685668408870697,-0.14800624549388885,0.998818576335907,0.6811620593070984,0.6858482360839844,0.1335003823041916,0.9963392615318298,0.6931082606315613,0.7362323999404907,-0.2839904725551605,0.9441311359405518,0.628882110118866,0.6422348618507385,0.005593222565948963,0.6596081256866455,0.6573883295059204,0.7929770350456238,-0.24209411442279816,0.7167250514030457,0.6898377537727356,0.5962457656860352,-0.10076183080673218,0.2438567727804184,0.6569507122039795,0.817289412021637,-0.26131048798561096,0.6176924109458923,0.7233791351318359,0.6026191115379333,-0.11852256953716278,0.17424555122852325,0.6508323550224304,0.8108770251274109,-0.25982192158699036,0.6337093710899353,0.7272773385047913,0.6073052287101746,-0.09823920577764511,0.17714551091194153,0.652556300163269,0.8095988035202026,-0.23949703574180603,0.6125791668891907,0.7280099987983704,0.6324045062065125,-0.09866046905517578,0.19489796459674835,0.7614604234695435,1.0422980785369873,-0.11383446305990219,0.5807792544364929,0.7091966271400452,1.0422112941741943,0.11381860077381134,0.6384313106536865,0.710274875164032,0.8657573461532593,-0.09618782252073288,0.24648268520832062,0.656363844871521,0.9105112552642822,0.22141499817371368,0.16977493464946747,0.6636079549789429,0.9842225313186646,0.0641448050737381,0.07241860032081604,0.637546956539154,0.9787789583206177,0.22067363560199738,0.04881544038653374,0.667212188243866,1.0267698764801025,0.08121000230312347,0.1272769719362259,0.6413512825965881,1.0111463069915771,0.22287540137767792,0.08775646239519119,0.6014956831932068,0.9539175033569336,0.045863889157772064,0.07876458764076233,0.5899980664253235,0.9410942792892456,0.22711265087127686,0.059381622821092606
0.6886634230613708,0.5574440360069275,-0.12368950992822647,0.9994731545448303,0.7043098211288452,0.537601113319397,-0.12508776783943176,0.9993841648101807,0.7122470736503601,0.5387328863143921,-0.12514838576316833,0.9995063543319702,0.7208554744720459,0.5408347249031067,-0.12522928416728973,0.9995559453964233,0.6907214522361755,0.5390958189964294,-0.10229825973510742,0.999364972114563,0.688442051410675,0.5405470728874207,-0.10239680111408234,0.9992000460624695,0.6860846281051636,0.5425013899803162,-0.10248634964227676,0.9990489482879639,0.7371559739112854,0.5582541227340698,-0.07156126201152802,0.9996413588523865,0.6981996297836304,0.5595519542694092,0.030863389372825623,0.9993293285369873,0.705640435218811,0.5854448080062866,-0.09866040199995041,0.9990197420120239,0.6874804496765137,0.5821953415870667,-0.06928341090679169,0.9987062215805054,0.7607330083847046,0.6856902241706848,-0.17772474884986877,0.9982381463050842,0.6879668831825256,0.6867431998252869,0.17668971419334412,0.9958675503730774,0.6774646639823914,0.7452953457832336,-0.2939261794090271,0.935011088848114,0.625612199306488,0.667364239692688,0.18440008163452148,0.6223999857902527,0.626327633857727,0.789854884147644,-0.29611319303512573,0.6885890960693359,0.6531742811203003,0.6580374836921692,0.05731256678700447,0.23501254618167877,0.6177048087120056,0.8100854754447937,-0.32390546798706055,0.5973455905914307,0.6581255197525024,0.6619472503662109,0.09421791136264801,0.17375485599040985,0.6185287833213806,0.7997307181358337,-0.32450535893440247,0.613362193107605,0.664635181427002,0.6585949063301086,-0.03650502860546112,0.17711453139781952,0.6223271489143372,0.8009483814239502,-0.2953382134437561,0.5948148369789124,0.6677747964859009,0.6633928418159485,-5.828051871503703e-05,0.19379302859306335,0.7608778476715088,1.046528935432434,-0.1204942837357521,0.5718366503715515,0.7100819945335388,1.0474693775177002,0.12002036720514297,0.6376815438270569,0.7135396003723145,0.9578525424003601,-0.14435257017612457,0.25313350558280945,0.6518541574478149,1.025445818901062,0.1550132930278778,0.17582601308822632,0.6634539365768433,1.1718158721923828,-0.02090395800769329,0.08149208128452301,0.6291911602020264,1.182396650314331,0.1765262931585312,0.05236482620239258,0.6755160093307495,1.228253722190857,-0.010207049548625946,0.1427452564239502,0.637027382850647,1.2239817380905151,0.17810936272144318,0.09810341894626617,0.5874477624893188,1.1675941944122314,-0.0505741648375988,0.08754675835371017,0.5588715672492981,1.1833361387252808,0.14826242625713348,0.06373372673988342
0.6888630390167236,0.5579833388328552,-0.1095493882894516,0.9994187355041504,0.7050000429153442,0.537827730178833,-0.11009377241134644,0.9993290901184082,0.7128695249557495,0.5387691855430603,-0.11010577529668808,0.9994636178016663,0.721599817276001,0.5411249399185181,-0.1101192981004715,0.9995123147964478,0.6920775175094604,0.5394887328147888,-0.0875583365559578,0.9993074536323547,0.6901322603225708,0.540928840637207,-0.0875755026936531,0.9991333484649658,0.6881470084190369,0.5428491830825806,-0.08760277926921844,0.9989771842956543,0.738244891166687,0.5584258437156677,-0.06186353415250778,0.9995880126953125,0.6999542713165283,0.5595899820327759,0.040175773203372955,0.9992716908454895,0.7057980298995972,0.5857959389686584,-0.08639948815107346,0.9988057613372803,0.6885407567024231,0.5827024579048157,-0.057560376822948456,0.9984207153320312,0.7609679102897644,0.6858326196670532,-0.1653466522693634,0.9975171685218811,0.6923264265060425,0.6871644258499146,0.17606662213802338,0.9939091801643372,0.6824105978012085,0.7370092272758484,-0.2753024995326996,0.9249894618988037,0.623214840888977,0.6455559134483337,0.19555965065956116,0.5938117504119873,0.6354725956916809,0.7839593887329102,-0.22577404975891113,0.6654276847839355,0.6556767821311951,0.6320452094078064,0.2066202461719513,0.22662235796451569,0.6317935585975647,0.8041525483131409,-0.24437806010246277,0.5813779234886169,0.6963549256324768,0.6125513911247253,0.23631314933300018,0.17211754620075226,0.63409823179245,0.7968696355819702,-0.24506306648254395,0.597010612487793,0.677787184715271,0.6323468685150146,0.19742493331432343,0.1762462556362152,0.6355094909667969,0.7970542311668396,-0.22425588965415955,0.5807570219039917,0.6724594235420227,0.6356914639472961,0.1898944079875946,0.19252344965934753,0.7609890699386597,1.046820044517517,-0.12448398023843765,0.5373464822769165,0.7137956023216248,1.0489815473556519,0.1244146004319191,0.5991474390029907,0.7169093489646912,0.9278533458709717,-0.13440993428230286,0.245142862200737,0.6534532308578491,1.0098373889923096,0.1718578189611435,0.16845160722732544,0.6705784201622009,1.12984299659729,0.011021578684449196,0.080043263733387,0.635845422744751,1.1272302865982056,0.2081512212753296,0.04999426379799843,0.6814873218536377,1.1901766061782837,0.023249901831150055,0.14138315618038177,0.6425081491470337,1.1674091815948486,0.21083125472068787,0.0943358987569809,0.6000270247459412,1.115187168121338,-0.027157898992300034,0.08800076693296432,0.5725199580192566,1.1065514087677002,0.1760101318359375,0.06248393654823303
0.6884540915489197,0.5581920146942139,-0.125570148229599,0.9994142651557922,0.7042738199234009,0.5377628207206726,-0.12675245106220245,0.99932461977005,0.7122581601142883,0.5387080311775208,-0.12680870294570923,0.9994573593139648,0.7210248708724976,0.5410716533660889,-0.12691417336463928,0.9995083212852478,0.6909652948379517,0.5395486354827881,-0.0987592414021492,0.9993026256561279,0.6889050602912903,0.5409838557243347,-0.09883160889148712,0.999118983745575,0.6868377327919006,0.5428812503814697,-0.09890901297330856,0.9989686608314514,0.7389458417892456,0.5584906935691833,-0.07714773714542389,0.9995812773704529,0.7001082301139832,0.5593493580818176,0.04949454963207245,0.9992867708206177,0.7048243284225464,0.585861086845398,-0.10268863290548325,0.9987751841545105,0.6880048513412476,0.5828809142112732,-0.06708131730556488,0.9983640313148499,0.7662819623947144,0.6871334910392761,-0.1837110072374344,0.9974114298820496,0.6908817887306213,0.6875835061073303,0.2135983258485794,0.993775486946106,0.6830919981002808,0.7786098122596741,-0.25797945261001587,0.9260339140892029,0.6217039227485657,0.6345230937004089,0.325682669878006,0.5840274095535278,0.6318051815032959,0.8206130862236023,-0.14210212230682373,0.6505053639411926,0.6831684708595276,0.6040704846382141,0.4709285795688629,0.2117675244808197,0.6227973699569702,0.8383285999298096,-0.1622498333454132,0.5654582381248474,0.7179853320121765,0.6027236580848694,0.48684635758399963,0.160648375749588,0.6266785264015198,0.818804919719696,-0.16477070748806,0.5807867646217346,0.7150762677192688,0.608305037021637,0.49556106328964233,0.16438139975070953,0.6302663683891296,0.8175912499427795,-0.13925454020500183,0.5651212930679321,0.7023340463638306,0.6250382661819458,0.4715399146080017,0.1800164431333542,0.7634531259536743,1.0542577505111694,-0.14250266551971436,0.5480070114135742,0.7149065732955933,1.0542703866958618,0.14239709079265594,0.6177588105201721,0.6892781853675842,0.9870913624763489,-0.18827208876609802,0.25218749046325684,0.6428657174110413,1.0388243198394775,0.09104739129543304,0.17659467458724976,0.6603816747665405,1.181707501411438,-0.06131989508867264,0.08717650175094604,0.6354948282241821,1.2003720998764038,0.14003509283065796,0.05217719078063965,0.6800435185432434,1.2672011852264404,-0.04971690848469734,0.15723612904548645,0.6462534666061401,1.2563258409500122,0.14331252872943878,0.10491246730089188,0.5788077712059021,1.1896374225616455,-0.10410360246896744,0.09434015303850174,0.5587822198867798,1.2145663499832153,0.09414298832416534,0.06474276632070541
0.6879802942276001,0.5579185485839844,-0.21007601916790009,0.9993897676467896,0.7040464878082275,0.5375233292579651,-0.20121248066425323,0.9993041157722473,0.7119066119194031,0.538506269454956,-0.20130622386932373,0.9994397163391113,0.7206404209136963,0.5408898591995239,-0.20151571929454803,0.999491810798645,0.6911391019821167,0.539387047290802,-0.1751752644777298,0.9992762804031372,0.6890717148780823,0.5408837795257568,-0.1752726137638092,0.9990811944007874,0.6870039105415344,0.5428491830825806,-0.17535078525543213,0.9989166855812073,0.7390777468681335,0.5585779547691345,-0.11214208602905273,0.9995719790458679,0.7002038955688477,0.5593848824501038,0.0052919527515769005,0.9992866516113281,0.7047857046127319,0.5859667658805847,-0.1736510694026947,0.9987690448760986,0.6876005530357361,0.582991361618042,-0.14076271653175354,0.9983240962028503,0.7701233625411987,0.6884905099868774,-0.2021085023880005,0.9973365068435669,0.6838274002075195,0.6881135106086731,0.20398113131523132,0.9933731555938721,0.7047139406204224,0.8510217070579529,-0.2682153582572937,0.9276596307754517,0.6183082461357117,0.6425547003746033,0.30486342310905457,0.5780419111251831,0.6339523792266846,0.8487476110458374,-0.15272046625614166,0.6477451920509338,0.6906255483627319,0.5956017971038818,0.4692424237728119,0.20118959248065948,0.6123219728469849,0.8591376543045044,-0.17554432153701782,0.5612782835960388,0.7243152260780334,0.6000820994377136,0.4876019060611725,0.1521056592464447,0.6258183717727661,0.8315921425819397,-0.17609822750091553,0.5768061876296997,0.7288678288459778,0.6011236906051636,0.4989341199398041,0.15537680685520172,0.624939501285553,0.8297865390777588,-0.14848646521568298,0.5603788495063782,0.712053120136261,0.6254259347915649,0.47231656312942505,0.1704728752374649,0.7631494998931885,1.0637469291687012,-0.1499776989221573,0.5561981201171875,0.7142665982246399,1.0579453706741333,0.1500122994184494,0.6292492747306824,0.6797961592674255,1.007248044013977,-0.1769750714302063,0.2569649815559387,0.6334652900695801,1.0558949708938599,0.13923296332359314,0.18367573618888855,0.6552339792251587,1.194361925125122,-0.04661550745368004,0.09256062656641006,0.6281750202178955,1.222729206085205,0.22028295695781708,0.05312656983733177,0.6765956282615662,1.2707769870758057,-0.009437579661607742,0.16645336151123047,0.6409693956375122,1.2720030546188354,0.23646637797355652,0.10956992208957672,0.5776823163032532,1.2099941968917847,-0.04318767786026001,0.09783196449279785,0.5501136183738708,1.2274830341339111,0.19741205871105194,0.06470184028148651
0.687792956829071,0.557040274143219,-0.21073786914348602,0.999410092830658,0.7040764093399048,0.5365924835205078,-0.20187842845916748,0.9993194937705994,0.7117201089859009,0.5375629663467407,-0.20200106501579285,0.9994564056396484,0.7203625440597534,0.5399251580238342,-0.20219925045967102,0.9995057582855225,0.6916066408157349,0.5386779308319092,-0.17775198817253113,0.9992832541465759,0.6895397901535034,0.5403264164924622,-0.17783592641353607,0.9990941882133484,0.6873274445533752,0.5424671769142151,-0.1779244840145111,0.9989209771156311,0.7391303777694702,0.5585675835609436,-0.11321485042572021,0.9995864033699036,0.7000633478164673,0.5593860149383545,-0.004975613672286272,0.9993019700050354,0.7046442031860352,0.5857580304145813,-0.17501124739646912,0.9988173246383667,0.6874222159385681,0.5828714370727539,-0.1450539529323578,0.9983524084091187,0.7724899053573608,0.6905369162559509,-0.20117533206939697,0.9972898960113525,0.6796029806137085,0.6937789916992188,0.1753523051738739,0.9930480122566223,0.7238612174987793,0.9012569785118103,-0.259786993265152,0.9271882176399231,0.6207795739173889,0.6766936182975769,0.28403550386428833,0.5653015375137329,0.6325374245643616,0.8554421663284302,-0.14252407848834991,0.6569463610649109,0.6928715705871582,0.5984125733375549,0.4238991141319275,0.19804392755031586,0.5997862815856934,0.8611247539520264,-0.16391566395759583,0.5725717544555664,0.724929690361023,0.6027204394340515,0.43669062852859497,0.15024136006832123,0.6090260744094849,0.8364502787590027,-0.15761423110961914,0.5897294878959656,0.7316358685493469,0.6021973490715027,0.4497554898262024,0.15360593795776367,0.6175804734230042,0.8368596434593201,-0.13534416258335114,0.5708386301994324,0.7177300453186035,0.6281499862670898,0.42675939202308655,0.1679707169532776,0.7670701742172241,1.0666223764419556,-0.1472865343093872,0.5496073365211487,0.7140359282493591,1.058005690574646,0.14763328433036804,0.6286296248435974,0.6878159046173096,1.0436784029006958,-0.1956218183040619,0.2536792755126953,0.6340148448944092,1.0776441097259521,0.10873019695281982,0.1865403652191162,0.6589851975440979,1.2961342334747314,-0.01252235658466816,0.08927459269762039,0.631222128868103,1.3054486513137817,0.21959295868873596,0.051378581672906876,0.6896611452102661,1.3551344871520996,0.01048413198441267,0.15912872552871704,0.6442063450813293,1.3489869832992554,0.22872121632099152,0.10348542779684067,0.5879067182540894,1.3247413635253906,-0.05810071900486946,0.09524120390415192,0.5594545602798462,1.346198558807373,0.14787998795509338,0.062386661767959595
0.688329815864563,0.5571080446243286,-0.2070341855287552,0.999457836151123,0.7052951455116272,0.536553144454956,-0.2019815444946289,0.9993736147880554,0.7129490375518799,0.5375186800956726,-0.20215749740600586,0.9995005130767822,0.7216088175773621,0.5398486852645874,-0.20235197246074677,0.9995445013046265,0.6926165819168091,0.5386782884597778,-0.17491495609283447,0.9993401765823364,0.6904311180114746,0.5403434634208679,-0.17500314116477966,0.9991668462753296,0.6880325078964233,0.5425083637237549,-0.17510372400283813,0.9990032315254211,0.7403119206428528,0.5584942102432251,-0.1163472905755043,0.9996224641799927,0.7005568742752075,0.5592304468154907,-0.003115963889285922,0.9993518590927124,0.7046756148338318,0.5857953429222107,-0.1724892258644104,0.9989107251167297,0.687542736530304,0.5830027461051941,-0.13958850502967834,0.9984672665596008,0.7729812860488892,0.6912065148353577,-0.21675483882427216,0.9974222779273987,0.6795586943626404,0.6950318217277527,0.18497394025325775,0.9932812452316284,0.7224523425102234,0.8902102708816528,-0.3010028302669525,0.9258000254631042,0.6298180818557739,0.7448039650917053,0.05870698764920235,0.5342220067977905,0.6335646510124207,0.8553559184074402,-0.21942362189292908,0.6668617725372314,0.6924924254417419,0.6191498637199402,-0.18871207535266876,0.20737873017787933,0.6040748953819275,0.8624976873397827,-0.24950003623962402,0.5863626003265381,0.7035967707633972,0.6189458966255188,-0.21709179878234863,0.16297422349452972,0.6135166883468628,0.8367558121681213,-0.24119527637958527,0.60623699426651,0.7068295478820801,0.6147947907447815,-0.19974039494991302,0.16747236251831055,0.621062159538269,0.8379443287849426,-0.21124057471752167,0.5846105813980103,0.7007166147232056,0.6610715389251709,-0.194281667470932,0.18075019121170044,0.777523398399353,1.0671790838241577,-0.1472005993127823,0.5370804667472839,0.7137843370437622,1.058822512626648,0.14747633039951324,0.6228962540626526,0.7115979194641113,1.1467772722244263,-0.19372789561748505,0.2541353404521942,0.6436308026313782,1.1643818616867065,0.13982829451560974,0.18032965064048767,0.7188981771469116,1.415701985359192,-0.005398938897997141,0.0847063958644867,0.6535049676895142,1.4155858755111694,0.279265433549881,0.04849996045231819,0.7430652379989624,1.4724429845809937,0.010855400003492832,0.150324746966362,0.668487548828125,1.460107684135437,0.2845575213432312,0.09590285271406174,0.6603387594223022,1.4441297054290771,-0.10129091888666153,0.09082643687725067,0.5867091417312622,1.4622379541397095,0.15493546426296234,0.058598604053258896
0.6884390115737915,0.5572326183319092,-0.19542980194091797,0.9995110034942627,0.7050211429595947,0.5365606546401978,-0.20031583309173584,0.9994347095489502,0.7127393484115601,0.5373935103416443,-0.20063364505767822,0.9995493292808533,0.7205305695533752,0.5394783616065979,-0.20109739899635315,0.9995886087417603,0.6929761171340942,0.5387431979179382,-0.15692296624183655,0.9994046688079834,0.691045880317688,0.5403622984886169,-0.15703138709068298,0.9992486238479614,0.6889444589614868,0.5424203276634216,-0.15709568560123444,0.9991006255149841,0.7404913902282715,0.5582655072212219,-0.13291433453559875,0.9996594786643982,0.7021909952163696,0.5584703087806702,0.02966066636145115,0.9994147419929504,0.7046112418174744,0.5858644247055054,-0.16841784119606018,0.9990164637565613,0.6883420348167419,0.5831037163734436,-0.12032373249530792,0.9986146688461304,0.7782679796218872,0.6895477771759033,-0.2448289841413498,0.9975647330284119,0.6799427270889282,0.6950269937515259,0.1890881508588791,0.993820071220398,0.7158774733543396,0.8681309819221497,-0.42415937781333923,0.931982696056366,0.6143735647201538,0.7719539403915405,-0.02469136193394661,0.5328957438468933,0.5922667384147644,0.7418581247329712,-0.3927910029888153,0.6983299255371094,0.6095878481864929,0.6825971007347107,-0.4487130045890808,0.26461464166641235,0.5563388466835022,0.7178643345832825,-0.4390675127506256,0.6243007779121399,0.5981217622756958,0.6616775989532471,-0.5140658617019653,0.221760556101799,0.5623503923416138,0.6985569000244141,-0.4201156198978424,0.6427894830703735,0.6091209650039673,0.6532387137413025,-0.4961802363395691,0.22738471627235413,0.5727773904800415,0.7053412795066833,-0.3822276294231415,0.6222251653671265,0.6200438737869263,0.6725944876670837,-0.45975103974342346,0.23817694187164307,0.7914589643478394,1.072874665260315,-0.13953614234924316,0.5344871878623962,0.7138210535049438,1.0621333122253418,0.1400539129972458,0.6379057168960571,0.7391853332519531,1.1463947296142578,-0.21986468136310577,0.2535516619682312,0.644661009311676,1.1705613136291504,0.02646244689822197,0.18272653222084045,0.7336755990982056,1.4342433214187622,-0.048807572573423386,0.07934470474720001,0.6535318493843079,1.449198842048645,0.1111016720533371,0.04605666175484657,0.7518441081047058,1.4883509874343872,-0.03809194639325142,0.14057691395282745,0.6691377758979797,1.4969013929367065,0.11253856122493744,0.08888623863458633,0.6811517477035522,1.4838320016860962,-0.17494699358940125,0.08671992272138596,0.5895355343818665,1.5091612339019775,-0.019036509096622467,0.05591860041022301
0.6883195638656616,0.5583078861236572,-0.15601609647274017,0.999559223651886,0.7048321962356567,0.537131667137146,-0.16574522852897644,0.9994902610778809,0.7120000123977661,0.5377166271209717,-0.16586121916770935,0.9995936751365662,0.7192426919937134,0.5396186709403992,-0.16589465737342834,0.9996288418769836,0.6927257776260376,0.539523720741272,-0.1197608932852745,0.9994632005691528,0.6908427476882935,0.5409618020057678,-0.11985291540622711,0.9993227124214172,0.6888011693954468,0.5427951216697693,-0.11997129768133163,0.999189019203186,0.7411412596702576,0.5582943558692932,-0.12933440506458282,0.9996930956840515,0.7031304240226746,0.5583718419075012,0.062269218266010284,0.9994721412658691,0.7044428586959839,0.5863638520240784,-0.14224354922771454,0.9991116523742676,0.688599705696106,0.5835360288619995,-0.08505330234766006,0.9987470507621765,0.7805677652359009,0.6876143217086792,-0.23853249847888947,0.9976855516433716,0.6804055571556091,0.6944577693939209,0.2128901183605194,0.9942855834960938,0.7086325883865356,0.8619887232780457,-0.40558868646621704,0.9371482729911804,0.6155791878700256,0.7590330839157104,0.050607942044734955,0.5327382683753967,0.5887004733085632,0.7187497615814209,-0.3558385372161865,0.7260990142822266,0.6002064943313599,0.6739845871925354,-0.2959822714328766,0.3057140111923218,0.5569049715995789,0.6938579082489014,-0.39806127548217773,0.6576861143112183,0.5870190858840942,0.6553639769554138,-0.35372188687324524,0.265315979719162,0.5639631152153015,0.6739278435707092,-0.38808369636535645,0.6750725507736206,0.5976923704147339,0.6506345868110657,-0.33731865882873535,0.272998183965683,0.5740891098976135,0.6841094493865967,-0.3492668569087982,0.6553089618682861,0.6094424724578857,0.6694408655166626,-0.30818191170692444,0.2822548747062683,0.7936587333679199,1.0737078189849854,-0.13782836496829987,0.5276021361351013,0.7127558588981628,1.0626909732818604,0.13849104940891266,0.6471722722053528,0.7386434674263,1.180695652961731,-0.22260305285453796,0.2423366904258728,0.6422017812728882,1.203596591949463,0.026736030355095863,0.18063564598560333,0.7385807037353516,1.461950421333313,-0.076366126537323,0.0728072077035904,0.6562316417694092,1.4804060459136963,0.07797910273075104,0.042941514402627945,0.7577358484268188,1.513118863105774,-0.06916589289903641,0.12940573692321777,0.6732335686683655,1.5249983072280884,0.07598505914211273,0.08169349282979965,0.6837650537490845,1.512885332107544,-0.21477751433849335,0.08067198842763901,0.5986863374710083,1.5432239770889282,-0.05466911196708679,0.05226565897464752
0.6882982850074768,0.5592786073684692,-0.15761792659759521,0.9996018409729004,0.704380214214325,0.5377825498580933,-0.1673736572265625,0.9995390772819519,0.7111591100692749,0.5380014777183533,-0.16748841106891632,0.9996327757835388,0.7183093428611755,0.5396748185157776,-0.1675502359867096,0.9996639490127563,0.6925121545791626,0.5403721928596497,-0.12450873851776123,0.9995147585868835,0.6905954480171204,0.5415640473365784,-0.12458775192499161,0.9993882775306702,0.688529372215271,0.5431460738182068,-0.12470465898513794,0.9992669224739075,0.7426013350486755,0.5581620931625366,-0.14891421794891357,0.9997228384017944,0.7033917307853699,0.5581074357032776,0.05298915505409241,0.9995223879814148,0.7043741941452026,0.5868520736694336,-0.1431964486837387,0.9991946816444397,0.6890584230422974,0.5839019417762756,-0.08767740428447723,0.99886155128479,0.7845180034637451,0.684441328048706,-0.25328442454338074,0.9977272748947144,0.6847406029701233,0.6927291750907898,0.20852580666542053,0.9946795701980591,0.6957108378410339,0.8551952838897705,-0.41224679350852966,0.9410714507102966,0.6203709840774536,0.7512038946151733,0.030625591054558754,0.5247178673744202,0.5836145281791687,0.7123892903327942,-0.3446201682090759,0.7495942115783691,0.5833728313446045,0.6679334044456482,-0.36091312766075134,0.33514082431793213,0.5551589131355286,0.690163254737854,-0.38378068804740906,0.6855167746543884,0.5857139825820923,0.6534416675567627,-0.4226638376712799,0.29875117540359497,0.5590956807136536,0.6950865983963013,-0.376029908657074,0.7023018598556519,0.5965819358825684,0.6493551731109619,-0.4087443947792053,0.3088105022907257,0.5721718072891235,0.7015253901481628,-0.338213711977005,0.6827772855758667,0.6085336208343506,0.6678692698478699,-0.3750930428504944,0.3165186047554016,0.7995781898498535,1.0720293521881104,-0.1342671811580658,0.513655424118042,0.7147050499916077,1.0592886209487915,0.1350039541721344,0.6474030017852783,0.7417646646499634,1.1851423978805542,-0.20972159504890442,0.2315180003643036,0.6501640677452087,1.206823706626892,0.05647577717900276,0.17411760985851288,0.7437143921852112,1.4630814790725708,-0.06611406803131104,0.06691297143697739,0.6616429090499878,1.476751446723938,0.09677396714687347,0.03998199477791786,0.7633794546127319,1.515252947807312,-0.05950552225112915,0.11935257166624069,0.6777594685554504,1.5226705074310303,0.09326829761266708,0.07514552772045135,0.6855632066726685,1.5089350938796997,-0.20166151225566864,0.07509224116802216,0.605167031288147,1.5324642658233643,-0.03617429733276367,0.04884602874517441
0.6882309913635254,0.56072598695755,-0.139221653342247,0.9996404647827148,0.7042230367660522,0.538565993309021,-0.1583314687013626,0.9995834827423096,0.7110312581062317,0.5383844375610352,-0.15842196345329285,0.9996683597564697,0.7182930707931519,0.5397538542747498,-0.1584586203098297,0.9996960759162903,0.6923469305038452,0.5411906838417053,-0.10887213796377182,0.9995617270469666,0.690447211265564,0.5420594811439514,-0.10891709476709366,0.9994478821754456,0.688437283039093,0.5433350801467896,-0.10899104923009872,0.999337911605835,0.7452279329299927,0.5579822063446045,-0.15239454805850983,0.9997498989105225,0.7076418995857239,0.5579307675361633,0.06615307927131653,0.9995687007904053,0.7044736742973328,0.5878280997276306,-0.13304854929447174,0.9992707967758179,0.6897048950195312,0.5849922299385071,-0.06877584010362625,0.998967707157135,0.7856370210647583,0.6821252703666687,-0.2682991623878479,0.9977819323539734,0.6948028802871704,0.6892251372337341,0.22862477600574493,0.9950642585754395,0.6861295700073242,0.8301576972007751,-0.41472095251083374,0.9448667764663696,0.6306783556938171,0.7520071864128113,0.07012186199426651,0.5097850561141968,0.5749240517616272,0.7062103748321533,-0.3273932635784149,0.7700437903404236,0.601912796497345,0.6780449748039246,-0.2930682301521301,0.35799944400787354,0.53596031665802,0.7101678252220154,-0.3655882179737091,0.7101759314537048,0.5929808616638184,0.6594366431236267,-0.3490220308303833,0.32630375027656555,0.5454050898551941,0.6909968852996826,-0.3582965135574341,0.7264457941055298,0.6037505865097046,0.6550901532173157,-0.3395158648490906,0.33835479617118835,0.5583375096321106,0.6983730792999268,-0.3205811679363251,0.707062304019928,0.6153676509857178,0.668188750743866,-0.30777668952941895,0.3445439636707306,0.8013984560966492,1.06927490234375,-0.13864387571811676,0.5058197379112244,0.7223177552223206,1.0548123121261597,0.13944554328918457,0.6551122665405273,0.7380478382110596,1.1604725122451782,-0.21869966387748718,0.22971656918525696,0.6545551419258118,1.1860215663909912,0.047626934945583344,0.17787015438079834,0.7369778752326965,1.4335238933563232,-0.07913751900196075,0.06260617077350616,0.6656805872917175,1.4601248502731323,0.08400595933198929,0.03863924741744995,0.7584242820739746,1.486958384513855,-0.07222197204828262,0.11279997229576111,0.6833059191703796,1.5091065168380737,0.08114118874073029,0.07121336460113525,0.6741663813591003,1.47365403175354,-0.1963977813720703,0.07153698056936264,0.6030148267745972,1.5147795677185059,-0.03583470731973648,0.047454435378313065
0.6901706457138062,0.5611391067504883,-0.14701703190803528,0.999675452709198,0.704838752746582,0.5385758280754089,-0.15960855782032013,0.999623715877533,0.7119640707969666,0.538187563419342,-0.15971186757087708,0.9997006058692932,0.7199613451957703,0.5390715003013611,-0.15982988476753235,0.9997252821922302,0.6926653981208801,0.5414479374885559,-0.11669208109378815,0.9996042251586914,0.6906512379646301,0.5423666834831238,-0.11673992872238159,0.9995017647743225,0.6885046362876892,0.5436456203460693,-0.11682190001010895,0.9994019865989685,0.7488026022911072,0.5565465688705444,-0.1545948088169098,0.9997745156288147,0.7069562673568726,0.5579056143760681,0.057190317660570145,0.9996103048324585,0.7083603143692017,0.5881853103637695,-0.1341056227684021,0.9993395209312439,0.6917022466659546,0.5861953496932983,-0.07806742191314697,0.999062716960907,0.7861371636390686,0.6802740693092346,-0.26813656091690063,0.9978971481323242,0.6979244947433472,0.689204752445221,0.22382111847400665,0.9953880310058594,0.6811707019805908,0.8150613903999329,-0.3962668478488922,0.9486087560653687,0.6341145038604736,0.7591885924339294,0.09119926393032074,0.5077990293502808,0.5696914196014404,0.6916007995605469,-0.27834683656692505,0.7896230816841125,0.6113753914833069,0.6827829480171204,-0.19238510727882385,0.37746161222457886,0.522692084312439,0.6943590044975281,-0.3191036581993103,0.7333416938781738,0.6039403676986694,0.6616322994232178,-0.2406185120344162,0.3490287959575653,0.546206533908844,0.6582391858100891,-0.31447404623031616,0.7487342357635498,0.612481951713562,0.6595970392227173,-0.22645656764507294,0.362639456987381,0.5488835573196411,0.6841860413551331,-0.2734445333480835,0.7304567098617554,0.6226766705513,0.669823408126831,-0.2051955759525299,0.3689781725406647,0.8011261820793152,1.0680323839187622,-0.13338054716587067,0.5094479918479919,0.7212809324264526,1.0548707246780396,0.13448138535022736,0.6567041277885437,0.7561683058738708,1.2566810846328735,-0.1707451045513153,0.21026693284511566,0.6771336793899536,1.265143871307373,0.1665341556072235,0.16229096055030823,0.7572129368782043,1.5086385011672974,-0.033623505383729935,0.05649280920624733,0.6809866428375244,1.525048017501831,0.1747092306613922,0.03492385521531105,0.7779112458229065,1.560082197189331,-0.03106861189007759,0.1019124686717987,0.6941055655479431,1.5746184587478638,0.16423572599887848,0.06425531208515167,0.6920085549354553,1.545059323310852,-0.16900065541267395,0.06468090415000916,0.6266462802886963,1.5727709531784058,0.011304137296974659,0.04293662682175636
0.6920498013496399,0.5611515641212463,-0.15085840225219727,0.9997057318687439,0.7067452073097229,0.5380143523216248,-0.16140048205852509,0.9996584057807922,0.7147868871688843,0.5373737812042236,-0.1615026444196701,0.9997287392616272,0.7241142392158508,0.5379043221473694,-0.1616266667842865,0.9997503757476807,0.6932839155197144,0.5411071181297302,-0.12031235545873642,0.9996408820152283,0.6909789443016052,0.542052149772644,-0.12035059928894043,0.999548614025116,0.6885825395584106,0.5432987213134766,-0.12043597549200058,0.9994570016860962,0.7527825236320496,0.5554414987564087,-0.15048429369926453,0.9997962117195129,0.7064049243927002,0.5566948652267456,0.055115990340709686,0.9996459484100342,0.7105427980422974,0.5884892344474792,-0.13517801463603973,0.9993963837623596,0.6927176117897034,0.5866774320602417,-0.08228571712970734,0.9991379380226135,0.7858041524887085,0.67840576171875,-0.26721322536468506,0.9978421926498413,0.6971774101257324,0.689274787902832,0.21868996322155,0.9954853653907776,0.6775215268135071,0.8072205185890198,-0.4043198525905609,0.9509192109107971,0.6359270811080933,0.7507497072219849,0.10039851814508438,0.48880425095558167,0.5590499639511108,0.6837366223335266,-0.273449182510376,0.8029800653457642,0.6159204244613647,0.6807170510292053,-0.1321762055158615,0.36732223629951477,0.5160859823226929,0.6823091506958008,-0.31284642219543457,0.7485144734382629,0.6113277673721313,0.6548569202423096,-0.17085513472557068,0.34467995166778564,0.5345760583877563,0.6468552350997925,-0.30703842639923096,0.7640376091003418,0.6192494630813599,0.6557601094245911,-0.156514972448349,0.35952720046043396,0.5421873331069946,0.6751683950424194,-0.26853445172309875,0.7460103034973145,0.6248087286949158,0.6626680493354797,-0.14169205725193024,0.3656347095966339,0.7989104390144348,1.0673857927322388,-0.1337669938802719,0.4912899434566498,0.7184501886367798,1.0550512075424194,0.1347966194152832,0.638218104839325,0.7501963376998901,1.2195192575454712,-0.17197851836681366,0.1939171999692917,0.6723294854164124,1.2436906099319458,0.16065406799316406,0.1491336077451706,0.7474825382232666,1.4876790046691895,-0.03676750510931015,0.05118967592716217,0.6761446595191956,1.507021427154541,0.17512990534305573,0.03175129368901253,0.7682420015335083,1.5427076816558838,-0.031485941261053085,0.09278404712677002,0.6894470453262329,1.5573433637619019,0.1657433807849884,0.05822787061333656,0.682618260383606,1.5261937379837036,-0.17225658893585205,0.05897399038076401,0.6193138360977173,1.5553749799728394,0.0289737731218338,0.03921891748905182
0.6931270360946655,0.5624820590019226,-0.11567052453756332,0.9997344017028809,0.7078772783279419,0.538099467754364,-0.1347573846578598,0.9996915459632874,0.716759204864502,0.5373936891555786,-0.13483062386512756,0.9997552037239075,0.7272951602935791,0.5378997325897217,-0.13486137986183167,0.9997745752334595,0.6934061050415039,0.5413007140159607,-0.09062997251749039,0.9996758103370667,0.6909351348876953,0.5422326922416687,-0.09063306450843811,0.9995926022529602,0.6885281801223755,0.5434518456459045,-0.09077689051628113,0.9995095133781433,0.7554417848587036,0.5545976161956787,-0.13872909545898438,0.999816358089447,0.7056803703308105,0.5563477873802185,0.07097167521715164,0.9996805787086487,0.7127484679222107,0.5906258225440979,-0.10859731584787369,0.9994538426399231,0.6930497884750366,0.58924400806427,-0.05134192854166031,0.9992189407348633,0.7873159646987915,0.6776778697967529,-0.26183411478996277,0.9979532361030579,0.7036598920822144,0.6877202987670898,0.2351846694946289,0.995761513710022,0.6777783632278442,0.8023396730422974,-0.3318127393722534,0.9526388049125671,0.6422799825668335,0.7024515271186829,0.28340986371040344,0.49179235100746155,0.5591201782226562,0.7018789649009705,-0.07201923429965973,0.8051499128341675,0.6885887384414673,0.6474121809005737,0.34970909357070923,0.34582462906837463,0.5300546884536743,0.7023979425430298,-0.09044066071510315,0.747434139251709,0.7076772451400757,0.6374828815460205,0.34870344400405884,0.32417982816696167,0.5440413355827332,0.6806686520576477,-0.09274639189243317,0.764540433883667,0.7227691411972046,0.6354424357414246,0.37276381254196167,0.3388868272304535,0.5533299446105957,0.6958356499671936,-0.0676950067281723,0.7476600408554077,0.7165212035179138,0.636374294757843,0.3494749665260315,0.3464358150959015,0.7985032796859741,1.066112995147705,-0.14463049173355103,0.46387746930122375,0.7156844735145569,1.0548388957977295,0.1460784673690796,0.606659471988678,0.7452527284622192,1.2417643070220947,-0.20098474621772766,0.1771503984928131,0.6717763543128967,1.242615818977356,0.23100459575653076,0.1358863115310669,0.7431122064590454,1.504387617111206,-0.0875149518251419,0.04624149203300476,0.6751375198364258,1.5098103284835815,0.27999281883239746,0.02869325317442417,0.7628616690635681,1.561256766319275,-0.08367104828357697,0.08403442800045013,0.6874378323554993,1.5609034299850464,0.2774401903152466,0.052594490349292755,0.6751755475997925,1.5418545007705688,-0.2293047457933426,0.05337898060679436,0.6157540082931519,1.5639634132385254,0.14891976118087769,0.03552636504173279
0.6955174207687378,0.5665878057479858,-0.11765623092651367,0.9997587203979492,0.7098884582519531,0.5390116572380066,-0.1354004293680191,0.9997199773788452,0.7193301916122437,0.5379553437232971,-0.13546180725097656,0.9997780323028564,0.7301345467567444,0.5381401777267456,-0.13555018603801727,0.9997950196266174,0.6939976811408997,0.54306960105896,-0.09170973300933838,0.9997060298919678,0.691047728061676,0.5443585515022278,-0.09173716604709625,0.9996306896209717,0.6884737014770508,0.5459978580474854,-0.0917857214808464,0.9995548129081726,0.7575708627700806,0.5545629858970642,-0.13504120707511902,0.999833881855011,0.703281581401825,0.5564402341842651,0.07032401114702225,0.9997106194496155,0.7154453992843628,0.5946056842803955,-0.1087699756026268,0.9994974136352539,0.6943466663360596,0.5953952670097351,-0.05206618830561638,0.9992814660072327,0.7881453037261963,0.6776723861694336,-0.2586861848831177,0.997968316078186,0.7059029340744019,0.6880825161933899,0.2417723387479782,0.9959107041358948,0.6672496199607849,0.7981813549995422,-0.2767179608345032,0.9494003653526306,0.6401863098144531,0.7033970952033997,0.2694689929485321,0.4792037010192871,0.5679509043693542,0.7146921157836914,0.00779366260394454,0.787712574005127,0.6893377900123596,0.6450102925300598,0.29385754466056824,0.3309018611907959,0.5339096784591675,0.7230139970779419,-0.0008425388368777931,0.7321285009384155,0.6950794458389282,0.6370552778244019,0.2952060103416443,0.3121579587459564,0.5444291830062866,0.7139759659767151,-0.007081019226461649,0.7524529695510864,0.708084225654602,0.6365644931793213,0.32019251585006714,0.3273688554763794,0.5565289855003357,0.7197350859642029,0.012832554057240486,0.7357832193374634,0.7083898782730103,0.6372986435890198,0.29552754759788513,0.3351104259490967,0.7857943177223206,1.0660167932510376,-0.15832756459712982,0.44212397933006287,0.7192743420600891,1.054903268814087,0.15934766829013824,0.5900948643684387,0.7098137140274048,1.1941965818405151,-0.199122816324234,0.17363904416561127,0.6707207560539246,1.214645266532898,0.2206888198852539,0.12938682734966278,0.7221009731292725,1.4971275329589844,-0.05992323160171509,0.04315022751688957,0.6736158132553101,1.485527515411377,0.253375768661499,0.026659587398171425,0.7489892244338989,1.5394376516342163,-0.044944893568754196,0.07983878999948502,0.6856705546379089,1.5317456722259521,0.2515188753604889,0.04846116900444031,0.6440923810005188,1.5387808084487915,-0.1095181480050087,0.05081937089562416,0.5983166098594666,1.5393520593643188,0.16577957570552826,0.033317070454359055
0.6966099739074707,0.5696353316307068,-0.07165613025426865,0.999778687953949,0.7105117440223694,0.5402802228927612,-0.0977090522646904,0.9997432827949524,0.7197803854942322,0.5389012694358826,-0.09776540845632553,0.999796986579895,0.7303507924079895,0.5386539101600647,-0.09786026179790497,0.9998119473457336,0.6944767832756042,0.544754683971405,-0.05492282658815384,0.99973064661026,0.6912887692451477,0.5461236834526062,-0.054959408938884735,0.9996615052223206,0.6884713172912598,0.5478733777999878,-0.055020082741975784,0.9995918273925781,0.7575653195381165,0.5542536377906799,-0.12357091903686523,0.9998486042022705,0.7031649351119995,0.5563444495201111,0.07525698840618134,0.9997355341911316,0.7164226174354553,0.5959030389785767,-0.07284499704837799,0.9995230436325073,0.6951979398727417,0.5973328948020935,-0.017113465815782547,0.9993226528167725,0.7894746661186218,0.6753051280975342,-0.2386435568332672,0.9979405999183655,0.711783230304718,0.6881624460220337,0.24642834067344666,0.9958344101905823,0.6595410108566284,0.7766457796096802,-0.21247291564941406,0.9445480108261108,0.6400408744812012,0.7031841278076172,0.37191042304039,0.45525476336479187,0.5852463245391846,0.7219265699386597,0.09485255181789398,0.7591046094894409,0.6774452328681946,0.648393452167511,0.5091317892074585,0.3058416545391083,0.575905442237854,0.7275658845901489,0.09245787560939789,0.7075517773628235,0.6835805177688599,0.6376546025276184,0.5235913991928101,0.29047542810440063,0.5847787857055664,0.7165571451187134,0.0797753781080246,0.7310171723365784,0.6950063109397888,0.6417751312255859,0.5397056341171265,0.3059016466140747,0.5904549360275269,0.7209300994873047,0.0970810279250145,0.7161634564399719,0.6967496871948242,0.6426295042037964,0.509172797203064,0.3136833906173706,0.7830770611763,1.0574283599853516,-0.15715256333351135,0.4158671498298645,0.7243651151657104,1.0540257692337036,0.1581534743309021,0.5606687664985657,0.712196946144104,1.188063144683838,-0.18722108006477356,0.16780275106430054,0.6763538122177124,1.2115364074707031,0.2072213888168335,0.12041080743074417,0.7222954034805298,1.4703913927078247,-0.05962705612182617,0.0403587780892849,0.6728976368904114,1.4772028923034668,0.23492106795310974,0.024713097140192986,0.7490383386611938,1.5234012603759766,-0.041452351957559586,0.07680471986532211,0.685219943523407,1.5287295579910278,0.23495912551879883,0.04469214379787445,0.6446680426597595,1.5064640045166016,-0.09463439136743546,0.04893859103322029,0.598037600517273,1.5217792987823486,0.14264890551567078,0.03141653165221214
0.7019482851028442,0.568522572517395,-0.09917591512203217,0.9997822046279907,0.7169951796531677,0.5367464423179626,-0.11801024526357651,0.9997488856315613,0.7265051007270813,0.5353326201438904,-0.11807266622781754,0.9998033046722412,0.7369331121444702,0.5348726511001587,-0.11813493072986603,0.9998149275779724,0.6992080807685852,0.5411851406097412,-0.0764051228761673,0.999736487865448,0.6953898668289185,0.542755126953125,-0.07644014805555344,0.9996707439422607,0.6919265389442444,0.5447668433189392,-0.0765184611082077,0.999602735042572,0.7610326409339905,0.5488422513008118,-0.12440498918294907,0.9998540282249451,0.7037447690963745,0.5524660348892212,0.07170116901397705,0.999738335609436,0.7235334515571594,0.5957174897193909,-0.09268564730882645,0.9994951486587524,0.6991416811943054,0.5971053838729858,-0.03863894194364548,0.9992859959602356,0.7890368700027466,0.6742519736289978,-0.24966812133789062,0.9976487159729004,0.7169162034988403,0.6878983378410339,0.2480439394712448,0.9949620366096497,0.6505440473556519,0.7764118909835815,-0.2558169662952423,0.9361662864685059,0.6388723254203796,0.7322094440460205,0.2470080405473709,0.42671918869018555,0.5854004621505737,0.7239841818809509,0.011004902422428131,0.7271866202354431,0.6713749766349792,0.6538490653038025,0.10649029910564423,0.2834044098854065,0.5767946243286133,0.7300563454627991,0.0046204631216824055,0.6788128614425659,0.6786445379257202,0.6376574635505676,0.1030220240354538,0.27163198590278625,0.5865913033485413,0.7221412658691406,0.0008541440474800766,0.7028030157089233,0.68881756067276,0.6400087475776672,0.13081267476081848,0.2862786650657654,0.5916668772697449,0.7269901633262634,0.01706218160688877,0.6901665329933167,0.6909815073013306,0.6440639495849609,0.10778462886810303,0.29377901554107666,0.7831672430038452,1.0557307004928589,-0.15861760079860687,0.3921322226524353,0.7391310930252075,1.0542988777160645,0.1594666689634323,0.5312892198562622,0.7138683199882507,1.0455888509750366,-0.18182042241096497,0.1655854433774948,0.6786559224128723,1.0985323190689087,0.21131531894207,0.11219601333141327,0.7090423703193665,1.305996298789978,-0.03407314792275429,0.03876172751188278,0.6731535196304321,1.319568395614624,0.24897566437721252,0.02297338657081127,0.7323504090309143,1.3621371984481812,-0.017666088417172432,0.07423367351293564,0.6849488019943237,1.368268609046936,0.25104716420173645,0.04211394861340523,0.6278921365737915,1.335780382156372,-0.057575006037950516,0.0478508323431015,0.5985645651817322,1.3490004539489746,0.2111884355545044,0.029941335320472717
0.7030481100082397,0.5672624111175537,-0.10612566769123077,0.9997730851173401,0.7181797623634338,0.5341728925704956,-0.12341364473104477,0.999732494354248,0.7273509502410889,0.5325958132743835,-0.12347539514303207,0.9997955560684204,0.7374259829521179,0.5318660140037537,-0.12347902357578278,0.9998012185096741,0.7008808851242065,0.5387916564941406,-0.08173762261867523,0.9997259974479675,0.6971469521522522,0.5404223799705505,-0.08173961937427521,0.9996618628501892,0.6935286521911621,0.5425804853439331,-0.08186608552932739,0.99958735704422,0.7617007493972778,0.5448591113090515,-0.1251872181892395,0.9998494982719421,0.7046202421188354,0.5510205030441284,0.06934407353401184,0.9997259974479675,0.7245748043060303,0.5949593186378479,-0.09851858019828796,0.999381959438324,0.7004754543304443,0.5968297719955444,-0.04471071809530258,0.9991285800933838,0.7898763418197632,0.6734695434570312,-0.2507011294364929,0.9973272085189819,0.7149661779403687,0.6874315738677979,0.25250107049942017,0.9943529367446899,0.6556455492973328,0.7804986238479614,-0.2756963074207306,0.9305675029754639,0.6321591138839722,0.7294033169746399,0.24334748089313507,0.4062291979789734,0.5765230059623718,0.7542065978050232,-0.029320964589715004,0.6993976831436157,0.6832399368286133,0.6474977731704712,0.18665841221809387,0.2623487710952759,0.5626648664474487,0.7630919814109802,-0.04070786014199257,0.6514102816581726,0.6791148781776428,0.6371761560440063,0.18512500822544098,0.25279438495635986,0.5726392269134521,0.7547576427459717,-0.03638199344277382,0.6770962476730347,0.6893330216407776,0.6399586796760559,0.21583008766174316,0.26671379804611206,0.5809089541435242,0.759087324142456,-0.02096422016620636,0.6647178530693054,0.6905515789985657,0.6449335217475891,0.18998144567012787,0.27375712990760803,0.7832835912704468,1.0556480884552002,-0.16127702593803406,0.37156397104263306,0.7365593910217285,1.053862452507019,0.16197583079338074,0.5107851624488831,0.7094630599021912,1.080380916595459,-0.1999519169330597,0.16149210929870605,0.6766298413276672,1.1098072528839111,0.1993168294429779,0.10591774433851242,0.7097753882408142,1.3517124652862549,-0.03674063831567764,0.03750109672546387,0.6723725199699402,1.3627513647079468,0.24558468163013458,0.021624600514769554,0.7340794801712036,1.4087876081466675,-0.018746795132756233,0.07336356490850449,0.6843871474266052,1.4132930040359497,0.24759216606616974,0.03964530676603317,0.6311852335929871,1.3849551677703857,-0.07661166787147522,0.047285046428442,0.5967580080032349,1.4033503532409668,0.19191870093345642,0.028601454570889473
0.7030042409896851,0.5657615065574646,-0.16547314822673798,0.9997415542602539,0.7183798551559448,0.5330616235733032,-0.17412656545639038,0.999693751335144,0.7275819778442383,0.531419575214386,-0.17418527603149414,0.9997756481170654,0.7375282049179077,0.5305222868919373,-0.17426982522010803,0.9997708201408386,0.7011140584945679,0.5374326109886169,-0.1369284689426422,0.999696671962738,0.697405993938446,0.5389196872711182,-0.1370023936033249,0.9996331334114075,0.6936670541763306,0.5409383773803711,-0.13703706860542297,0.9995360374450684,0.761676549911499,0.543332040309906,-0.1326955109834671,0.9998350739479065,0.7045636773109436,0.5500328540802002,0.04001539945602417,0.9996881484985352,0.7242146730422974,0.5938319563865662,-0.14250704646110535,0.9992441534996033,0.700360894203186,0.5957663655281067,-0.0943298190832138,0.9988694787025452,0.7904890179634094,0.6735935211181641,-0.2636694312095642,0.9970377087593079,0.7137525677680969,0.6844927072525024,0.24708488583564758,0.993488609790802,0.6536756753921509,0.7835639119148254,-0.3218722641468048,0.9305262565612793,0.6134883761405945,0.7116522192955017,0.15573513507843018,0.3860760033130646,0.5441018342971802,0.7677615284919739,-0.11094500124454498,0.6809552311897278,0.6534628868103027,0.6535934805870056,-0.01606307365000248,0.2412685602903366,0.5227587819099426,0.7771216034889221,-0.12793362140655518,0.629847526550293,0.6608656048774719,0.6431121826171875,-0.030748169869184494,0.23372280597686768,0.5327237844467163,0.7664579153060913,-0.1091226190328598,0.6560145020484924,0.6735645532608032,0.6472161412239075,-0.0011719625908881426,0.24650421738624573,0.5434305667877197,0.7708978652954102,-0.09667862951755524,0.6431768536567688,0.6743693947792053,0.6528345346450806,-0.014960378408432007,0.25322991609573364,0.7833222150802612,1.0541263818740845,-0.16670474410057068,0.3655906319618225,0.7345836758613586,1.0489650964736938,0.16708610951900482,0.513400673866272,0.6797776818275452,1.0481420755386353,-0.2374786138534546,0.16918368637561798,0.6494110822677612,1.0805022716522217,0.13625817000865936,0.10653204470872879,0.683822751045227,1.3351092338562012,-0.09074146300554276,0.04188314080238342,0.6498873829841614,1.3471077680587769,0.18494698405265808,0.02263498120009899,0.7147566080093384,1.3956058025360107,-0.07719345390796661,0.0797174945473671,0.6671775579452515,1.3989113569259644,0.18769985437393188,0.04218767210841179,0.5942530035972595,1.3679875135421753,-0.13178768754005432,0.05207356438040733,0.5665553212165833,1.3929388523101807,0.1408197283744812,0.03055449388921261
0.703228235244751,0.565077006816864,-0.20466122031211853,0.9997256398200989,0.7188335657119751,0.5324070453643799,-0.20893451571464539,0.9996774792671204,0.7278314828872681,0.5307702422142029,-0.20893892645835876,0.9997671246528625,0.7376359105110168,0.5298176407814026,-0.20898838341236115,0.9997555613517761,0.7019544839859009,0.5364702343940735,-0.17375056445598602,0.9996870160102844,0.6983498930931091,0.5378029346466064,-0.17379996180534363,0.9996265172958374,0.6947088837623596,0.5396564602851868,-0.17374826967716217,0.9995179772377014,0.7618416547775269,0.5421329736709595,-0.1476406753063202,0.9998282790184021,0.7052105665206909,0.548982560634613,0.011991793289780617,0.9996631741523743,0.7239397764205933,0.5929883718490601,-0.1765444576740265,0.9992269277572632,0.7005491256713867,0.5950441956520081,-0.13115476071834564,0.9988222122192383,0.792336106300354,0.6736820936203003,-0.27106234431266785,0.9967307448387146,0.7129074931144714,0.6840323209762573,0.21153953671455383,0.9917579293251038,0.649743914604187,0.7794869542121887,-0.341394305229187,0.9311127662658691,0.599400520324707,0.7121772766113281,0.030410533770918846,0.3603513538837433,0.5289276838302612,0.765370786190033,-0.15483950078487396,0.6676892042160034,0.6356796622276306,0.6738067865371704,-0.2770293056964874,0.22081290185451508,0.5028772950172424,0.7731417417526245,-0.16899310052394867,0.6160944700241089,0.6489228010177612,0.6674134135246277,-0.31059500575065613,0.2153724581003189,0.5142356157302856,0.7615131735801697,-0.1563904583454132,0.6415587663650513,0.6621301174163818,0.6652003526687622,-0.2823963463306427,0.226918026804924,0.5260030031204224,0.7693740129470825,-0.14188522100448608,0.6287532448768616,0.6618349552154541,0.6709039807319641,-0.27819573879241943,0.23356658220291138,0.7846909761428833,1.054206371307373,-0.16486509144306183,0.35511380434036255,0.7364524602890015,1.0492868423461914,0.1656353920698166,0.49704909324645996,0.6873263120651245,0.9418172836303711,-0.23619982600212097,0.17901352047920227,0.6440753936767578,0.9640680551528931,0.1320776641368866,0.1032550260424614,0.6608503460884094,1.1779333353042603,-0.07491511106491089,0.04913821443915367,0.6366626024246216,1.152974247932434,0.18575498461723328,0.02264595404267311,0.6839253306388855,1.2375675439834595,-0.06284056603908539,0.08631610870361328,0.6497066617012024,1.1995991468429565,0.19015881419181824,0.044143881648778915,0.569694459438324,1.1824694871902466,-0.09924256801605225,0.05744118243455887,0.5618098974227905,1.1603816747665405,0.16815344989299774,0.03130791336297989
0.7034569978713989,0.5638706684112549,-0.14905551075935364,0.999748706817627,0.718663215637207,0.5318763852119446,-0.1672745645046234,0.9997044205665588,0.7275543808937073,0.5301249623298645,-0.16733837127685547,0.9997870326042175,0.7372449636459351,0.5289585590362549,-0.16747251152992249,0.9997758865356445,0.7020397186279297,0.53602534532547,-0.12498311698436737,0.9997135400772095,0.6984990835189819,0.5373852252960205,-0.12497840076684952,0.9996585845947266,0.6948098540306091,0.5392392873764038,-0.12496371567249298,0.9995591044425964,0.761667013168335,0.5404809713363647,-0.14320692420005798,0.9998436570167542,0.7051573991775513,0.5484374165534973,0.040301308035850525,0.999691903591156,0.7238324880599976,0.5913664698600769,-0.13600584864616394,0.999283492565155,0.7008063793182373,0.5938941240310669,-0.08194778859615326,0.9989108443260193,0.7936246395111084,0.6729898452758789,-0.2694035470485687,0.9967886805534363,0.7130013108253479,0.687758207321167,0.23676612973213196,0.9921339750289917,0.6428030729293823,0.7685737013816833,-0.2835025489330292,0.9288458824157715,0.6004915237426758,0.7453561425209045,0.08581442385911942,0.34824615716934204,0.5429674983024597,0.742741048336029,-0.0026873804163187742,0.6429968476295471,0.6135903596878052,0.693081259727478,-0.17951592803001404,0.2073098123073578,0.516121506690979,0.7409425973892212,-0.011976989917457104,0.5939239263534546,0.6322966814041138,0.6976245045661926,-0.21063613891601562,0.2039027214050293,0.5212079286575317,0.7370216250419617,-0.008358500897884369,0.6216323971748352,0.6468814611434937,0.6960662603378296,-0.18215018510818481,0.21561920642852783,0.5352500081062317,0.7464486360549927,0.0062322961166501045,0.610733151435852,0.649037778377533,0.7033051252365112,-0.18285328149795532,0.22248414158821106,0.7848400473594666,1.0527491569519043,-0.16444233059883118,0.35110417008399963,0.7351796627044678,1.0494143962860107,0.16527718305587769,0.4967670142650604,0.6922677159309387,1.1113120317459106,-0.23178748786449432,0.18764038383960724,0.655119001865387,1.1655299663543701,0.19588685035705566,0.09899435937404633,0.6875402927398682,1.4128044843673706,-0.06999136507511139,0.047940943390131,0.6405097246170044,1.4348094463348389,0.20515456795692444,0.022246140986680984,0.7164759635925293,1.473493218421936,-0.058046214282512665,0.08488931506872177,0.6538976430892944,1.4899230003356934,0.203562930226326,0.042083609849214554,0.5825011730194092,1.4522706270217896,-0.10379406064748764,0.05709262937307358,0.5690606236457825,1.468468189239502,0.15269088745117188,0.031154759228229523
0.7033673524856567,0.5626821517944336,-0.13883045315742493,0.99977046251297,0.7183466553688049,0.531194269657135,-0.15919430553913116,0.999729573726654,0.7271978855133057,0.5292984843254089,-0.15928976237773895,0.9998055696487427,0.7368974685668945,0.5278418660163879,-0.1594468057155609,0.9997947812080383,0.7019055485725403,0.5355624556541443,-0.11599966138601303,0.9997385144233704,0.6983851194381714,0.5370041728019714,-0.11599665880203247,0.9996888637542725,0.6946818232536316,0.5389391183853149,-0.11604700237512589,0.9995978474617004,0.7619520425796509,0.5384795665740967,-0.14256012439727783,0.9998579025268555,0.7051018476486206,0.5480050444602966,0.04727384075522423,0.9997184872627258,0.7236160039901733,0.5899510979652405,-0.12718899548053741,0.9993383288383484,0.7008030414581299,0.5928148627281189,-0.07219253480434418,0.9989955425262451,0.7943335175514221,0.6723480224609375,-0.2666708827018738,0.9967871904373169,0.7128322124481201,0.6876975893974304,0.24430911242961884,0.9924671053886414,0.641865611076355,0.7400248050689697,-0.26072123646736145,0.9223085045814514,0.5989230871200562,0.7680239081382751,0.07804365456104279,0.33191007375717163,0.5645614862442017,0.7368871569633484,0.05443039536476135,0.6077759861946106,0.5898013114929199,0.7268409729003906,-0.24086491763591766,0.19432392716407776,0.5487967729568481,0.7362257838249207,0.051145702600479126,0.5622064471244812,0.6147491335868835,0.7408198714256287,-0.2794601619243622,0.19398736953735352,0.5611782073974609,0.7333084940910339,0.050045497715473175,0.5917137265205383,0.6307592988014221,0.7363383173942566,-0.2550126910209656,0.20605355501174927,0.5696769952774048,0.7413478493690491,0.06245850771665573,0.5844852924346924,0.6365218162536621,0.7405408620834351,-0.2474546730518341,0.2135411649942398,0.785106360912323,1.0491740703582764,-0.16300491988658905,0.3429568409919739,0.7338640093803406,1.0494683980941772,0.16376295685768127,0.4935077130794525,0.6931174993515015,1.1852703094482422,-0.194611594080925,0.19764801859855652,0.6668867468833923,1.2387328147888184,0.21578975021839142,0.09273155778646469,0.7107890248298645,1.473487377166748,-0.041099466383457184,0.04640326648950577,0.649856448173523,1.5023988485336304,0.23034349083900452,0.0210659671574831,0.7416999936103821,1.530608892440796,-0.03022238239645958,0.08274661004543304,0.6611522436141968,1.5568938255310059,0.22722749412059784,0.03920935466885567,0.6074434518814087,1.5174652338027954,-0.10274159908294678,0.05565636232495308,0.5707544088363647,1.5361140966415405,0.14944866299629211,0.02975120209157467
0.7043365240097046,0.562105119228363,-0.14283664524555206,0.9997898936271667,0.7183037996292114,0.5311248302459717,-0.16632871329784393,0.9997516870498657,0.7269988656044006,0.5292075872421265,-0.16644233465194702,0.9998218417167664,0.7366822957992554,0.5276546478271484,-0.16657744348049164,0.9998112916946411,0.7027668356895447,0.5353643298149109,-0.12103895843029022,0.9997605085372925,0.6995767951011658,0.5367103219032288,-0.12102241814136505,0.9997155666351318,0.6962543725967407,0.5384601950645447,-0.12111592292785645,0.9996320009231567,0.7622991800308228,0.5376780033111572,-0.16082707047462463,0.999870777130127,0.7076127529144287,0.547105073928833,0.04114352911710739,0.9997420310974121,0.7242510914802551,0.5895674824714661,-0.13478955626487732,0.999392032623291,0.7026389837265015,0.5924571752548218,-0.0762982964515686,0.9990763664245605,0.7941075563430786,0.6700711846351624,-0.29486703872680664,0.9969482421875,0.7192126512527466,0.6873605251312256,0.2455701380968094,0.9929751753807068,0.6445340514183044,0.7458697557449341,-0.2909200191497803,0.9208486080169678,0.6092393398284912,0.7634645700454712,0.09556680917739868,0.31123441457748413,0.5645609498023987,0.7393893599510193,0.003557613817974925,0.594876229763031,0.6051868200302124,0.7785682082176208,-0.1475745588541031,0.1816738098859787,0.5481699109077454,0.74189293384552,-0.0058340588584542274,0.5473262667655945,0.6076909303665161,0.7807549238204956,-0.1766931116580963,0.18469862639904022,0.5610590577125549,0.7405530214309692,-0.0017224509501829743,0.578834056854248,0.6204347014427185,0.775998055934906,-0.16644471883773804,0.19739753007888794,0.5695730447769165,0.7474383115768433,0.013021528720855713,0.5735528469085693,0.6281223893165588,0.7775179743766785,-0.15864618122577667,0.20572611689567566,0.7887231707572937,1.0484980344772339,-0.16267821192741394,0.3435245454311371,0.733620822429657,1.0512678623199463,0.16357146203517914,0.49670344591140747,0.7214080691337585,1.2390087842941284,-0.13398513197898865,0.19218716025352478,0.6779959797859192,1.2747561931610107,0.23455515503883362,0.08555542677640915,0.7367358207702637,1.5032159090042114,0.042679596692323685,0.04310198128223419,0.6751859188079834,1.53328275680542,0.2911554276943207,0.019479943439364433,0.7620948553085327,1.5575206279754639,0.05468199774622917,0.07733235508203506,0.6856845617294312,1.5852398872375488,0.29124385118484497,0.035997696220874786,0.6529860496520996,1.5445677042007446,-0.04694961756467819,0.052107393741607666,0.6095306277275085,1.5719265937805176,0.1866217851638794,0.02771132066845894
0.7053086757659912,0.5623986721038818,-0.12353783845901489,0.9998077154159546,0.7184536457061768,0.5317355990409851,-0.14013783633708954,0.9997721910476685,0.7269502878189087,0.5296968817710876,-0.14028272032737732,0.9998366236686707,0.7365740537643433,0.5278696417808533,-0.14039213955402374,0.9998268485069275,0.7035504579544067,0.5358959436416626,-0.09876096248626709,0.9997806549072266,0.7004557847976685,0.5371161103248596,-0.09871320426464081,0.9997392892837524,0.6972397565841675,0.5387151837348938,-0.0987384095788002,0.9996627569198608,0.7625095248222351,0.5380319356918335,-0.1309329718351364,0.9998816251754761,0.7095304131507874,0.5470885634422302,0.056879185140132904,0.9997637867927551,0.7244601845741272,0.5896638035774231,-0.11375967413187027,0.9994314312934875,0.7040680646896362,0.5924229025840759,-0.05978018790483475,0.9991394281387329,0.7931709885597229,0.6694992184638977,-0.27005431056022644,0.9969865679740906,0.7280659675598145,0.6874863505363464,0.25805506110191345,0.9930492043495178,0.6448974609375,0.7388805150985718,-0.2918761074542999,0.9104442596435547,0.6514174342155457,0.7858457565307617,0.26954320073127747,0.2841348648071289,0.5600635409355164,0.7007966637611389,-0.05265059322118759,0.5945193767547607,0.6068907380104065,0.7901204228401184,0.16203251481056213,0.1674479842185974,0.5561367273330688,0.705794095993042,-0.06957554817199707,0.5539102554321289,0.6166163682937622,0.7907431721687317,0.15311142802238464,0.17435693740844727,0.5680280923843384,0.7050697207450867,-0.061897121369838715,0.5875765085220337,0.6265727281570435,0.7849246263504028,0.14270253479480743,0.187866672873497,0.5750232934951782,0.7150272130966187,-0.046407293528318405,0.5825177431106567,0.6329416036605835,0.7868942618370056,0.14743167161941528,0.19552794098854065,0.7892067432403564,1.048129916191101,-0.16162656247615814,0.33328261971473694,0.7374488711357117,1.0513039827346802,0.16248753666877747,0.4774535000324249,0.7204245924949646,1.1465023756027222,-0.14369551837444305,0.18672722578048706,0.6894254684448242,1.2691614627838135,0.22096726298332214,0.08018790930509567,0.7306629419326782,1.4349284172058105,0.02938353456556797,0.04050242155790329,0.6742637157440186,1.5253239870071411,0.26445814967155457,0.01815902441740036,0.7557744383811951,1.4923595190048218,0.03374854102730751,0.07359666377305984,0.6845859289169312,1.5743999481201172,0.26481893658638,0.03349623829126358,0.6518914103507996,1.4726828336715698,-0.06073123961687088,0.05066137760877609,0.6053997278213501,1.551302433013916,0.18183158338069916,0.026547478511929512
0.705810010433197,0.5632762908935547,-0.17305657267570496,0.9998225569725037,0.7185295224189758,0.5329493880271912,-0.18215464055538177,0.9997889995574951,0.7269529104232788,0.530664324760437,-0.18227683007717133,0.9998482465744019,0.7366142272949219,0.5284298658370972,-0.18237313628196716,0.9998393058776855,0.7036964893341064,0.5375065207481384,-0.14031317830085754,0.9997983574867249,0.700529932975769,0.5387367010116577,-0.1402283012866974,0.9997594952583313,0.6972203850746155,0.5403138995170593,-0.1402541697025299,0.9996899962425232,0.7632534503936768,0.5382951498031616,-0.15600520372390747,0.9998905062675476,0.709625780582428,0.5472357869148254,0.037018947303295135,0.9997830390930176,0.7246445417404175,0.589838445186615,-0.15715013444423676,0.9994536638259888,0.7047612071037292,0.5926446914672852,-0.10153460502624512,0.9991771578788757,0.7895004749298096,0.6663886308670044,-0.27961549162864685,0.9967364072799683,0.7372978329658508,0.6881669163703918,0.25392886996269226,0.9925285577774048,0.6460553407669067,0.7025006413459778,-0.3477942943572998,0.9104023575782776,0.6543416380882263,0.7867987751960754,0.3718388080596924,0.25759807229042053,0.5255767107009888,0.6256130933761597,-0.05959772318601608,0.587855339050293,0.6259232759475708,0.7978418469429016,0.4038119316101074,0.15168273448944092,0.5292842984199524,0.6089781522750854,-0.0767892450094223,0.5452572107315063,0.6193129420280457,0.7889860272407532,0.41192030906677246,0.15912893414497375,0.5469214916229248,0.6180301308631897,-0.0623956136405468,0.580924928188324,0.6312671899795532,0.7891731858253479,0.39834603667259216,0.17198126018047333,0.5570293664932251,0.6347476840019226,-0.04996635764837265,0.5771027207374573,0.6370691657066345,0.7932554483413696,0.38944557309150696,0.17903484404087067,0.7879923582077026,1.0486979484558105,-0.16057021915912628,0.3242711126804352,0.7382500767707825,1.0536112785339355,0.16154660284519196,0.454837828874588,0.7210254669189453,1.1712945699691772,-0.13552796840667725,0.17825011909008026,0.6959049701690674,1.2341809272766113,0.23626554012298584,0.07442572712898254,0.7275723218917847,1.439962387084961,0.059049081057310104,0.03783494979143143,0.6752094030380249,1.4848076105117798,0.3075791895389557,0.016885343939065933,0.7531698346138,1.4967963695526123,0.0754552036523819,0.06970371305942535,0.6852218508720398,1.5359396934509277,0.31120914220809937,0.03102896921336651,0.6500298380851746,1.4689490795135498,0.007509408053010702,0.0489693246781826,0.6047459840774536,1.5169473886489868,0.23814299702644348,0.025371365249156952
0.7064054012298584,0.5638363361358643,-0.187631294131279,0.9998367428779602,0.7185055017471313,0.5352116823196411,-0.1945614218711853,0.9998055696487427,0.7268720865249634,0.5332491397857666,-0.1946810930967331,0.9998600482940674,0.7365244626998901,0.5311857461929321,-0.19476062059402466,0.9998518228530884,0.7038254737854004,0.5392894148826599,-0.151565283536911,0.9998151063919067,0.7006040811538696,0.5404568910598755,-0.15148960053920746,0.9997789263725281,0.6972045302391052,0.5419952869415283,-0.15150883793830872,0.9997156858444214,0.7634245157241821,0.5393120050430298,-0.16487517952919006,0.9998990297317505,0.7094757556915283,0.5487179160118103,0.033658526837825775,0.9998012781143188,0.724821925163269,0.5901851654052734,-0.1715213805437088,0.9994838237762451,0.7058316469192505,0.5927181839942932,-0.11417318880558014,0.99922776222229,0.7893260717391968,0.6623377203941345,-0.2828577160835266,0.9968464970588684,0.7415843605995178,0.6884974837303162,0.25159886479377747,0.9928615689277649,0.6459462642669678,0.6965194940567017,-0.37925201654434204,0.9164049029350281,0.6652675867080688,0.7857303023338318,0.31779974699020386,0.24026046693325043,0.5091723203659058,0.6033576130867004,-0.15825022757053375,0.6125281453132629,0.6447914242744446,0.8033543229103088,0.2348264455795288,0.14180076122283936,0.5210479497909546,0.5720815658569336,-0.18710774183273315,0.5667067170143127,0.6371738910675049,0.7937501668930054,0.22413206100463867,0.15118472278118134,0.5398231148719788,0.5786285996437073,-0.16636835038661957,0.6015241146087646,0.6399630904197693,0.7915497422218323,0.21651270985603333,0.1644516885280609,0.5497884154319763,0.5974406003952026,-0.1495218425989151,0.5971622467041016,0.6468790769577026,0.7963034510612488,0.22057577967643738,0.170895516872406,0.7951889038085938,1.0459004640579224,-0.15696360170841217,0.347025990486145,0.7453367114067078,1.0502194166183472,0.15784475207328796,0.466705858707428,0.7476760149002075,1.1664656400680542,-0.14565923810005188,0.1754988431930542,0.7154303789138794,1.2233951091766357,0.23470155894756317,0.0716780424118042,0.748807430267334,1.4343228340148926,0.0309282299131155,0.03611031174659729,0.7028542160987854,1.470177412033081,0.3034312129020691,0.016299454495310783,0.7768734097480774,1.4907575845718384,0.04501018300652504,0.06693161278963089,0.7148143649101257,1.5207152366638184,0.30430397391319275,0.02983619086444378,0.6556006669998169,1.4639168977737427,-0.032171450555324554,0.04813753440976143,0.6320803165435791,1.5047061443328857,0.20546618103981018,0.025558581575751305
0.7070759534835815,0.5639029145240784,-0.17730112373828888,0.9998499751091003,0.7187374830245972,0.5364415645599365,-0.18816110491752625,0.999821126461029,0.7271499037742615,0.5345906615257263,-0.18827232718467712,0.9998709559440613,0.7369002103805542,0.532652735710144,-0.18836051225662231,0.9998636841773987,0.7038763761520386,0.5405005216598511,-0.1461014449596405,0.9998306035995483,0.7005853056907654,0.5417280197143555,-0.14608550071716309,0.9997967481613159,0.6971404552459717,0.5433375835418701,-0.14613404870033264,0.9997396469116211,0.7640379071235657,0.5400916337966919,-0.157516747713089,0.9999067187309265,0.7093609571456909,0.5500621795654297,0.04357978701591492,0.9998183846473694,0.7254048585891724,0.5901705026626587,-0.16207638382911682,0.9995185732841492,0.7066596150398254,0.5926973819732666,-0.10630464553833008,0.9992771744728088,0.7895056009292603,0.6591280698776245,-0.27485352754592896,0.9969101548194885,0.7390556335449219,0.6884474158287048,0.25618624687194824,0.9930450916290283,0.6369575262069702,0.6100957989692688,-0.36328864097595215,0.9218496084213257,0.6564081907272339,0.7795719504356384,0.39464566111564636,0.22017204761505127,0.4971720278263092,0.5999085307121277,-0.12264160811901093,0.6243230700492859,0.6174693703651428,0.814410924911499,0.3823632299900055,0.12979792058467865,0.4895082414150238,0.5545427799224854,-0.1428452432155609,0.5729473829269409,0.6048842072486877,0.8131592869758606,0.3842065930366516,0.14002108573913574,0.5088106393814087,0.564949095249176,-0.16480949521064758,0.6082746982574463,0.6068549752235413,0.8127116560935974,0.35803326964378357,0.15313665568828583,0.5202658772468567,0.5838844776153564,-0.11663844436407089,0.6052253842353821,0.6141341924667358,0.8142463564872742,0.36279311776161194,0.15956224501132965,0.7947039604187012,1.0433964729309082,-0.15340307354927063,0.3673429787158966,0.7436730861663818,1.0474610328674316,0.1541425883769989,0.47337454557418823,0.7380040287971497,1.1256027221679688,-0.15227121114730835,0.18235410749912262,0.7064175605773926,1.2035654783248901,0.21069052815437317,0.07009115815162659,0.726889431476593,1.3990089893341064,0.01871681958436966,0.0360313355922699,0.6871880292892456,1.4367841482162476,0.2926296293735504,0.015766268596053123,0.7564624547958374,1.4591313600540161,0.03264006972312927,0.06529439240694046,0.6981452703475952,1.4893280267715454,0.30321699380874634,0.028776027262210846,0.6178137063980103,1.4207710027694702,-0.03827699273824692,0.04887251555919647,0.6078062057495117,1.4640963077545166,0.19414009153842926,0.025493595749139786
0.7076443433761597,0.5651329159736633,-0.18996110558509827,0.9998628497123718,0.7187895774841309,0.5386923551559448,-0.1953590214252472,0.9998361468315125,0.7271132469177246,0.5367940068244934,-0.19544079899787903,0.9998815655708313,0.7368451952934265,0.5346931219100952,-0.19548872113227844,0.9998750686645508,0.7041037082672119,0.5428304076194763,-0.15323331952095032,0.9998453855514526,0.7007774114608765,0.5440841913223267,-0.15316277742385864,0.9998139142990112,0.6973172426223755,0.54559326171875,-0.15317374467849731,0.999762237071991,0.7641211748123169,0.5411360263824463,-0.16089238226413727,0.9999145865440369,0.7097913026809692,0.5521131157875061,0.03735518455505371,0.999833881855011,0.7258923053741455,0.5905829668045044,-0.17321284115314484,0.9995526671409607,0.7078202962875366,0.5930967330932617,-0.11703024059534073,0.999325156211853,0.7903464436531067,0.6584071516990662,-0.27540478110313416,0.9969128370285034,0.7423073053359985,0.6884519457817078,0.24875977635383606,0.993036150932312,0.6388663649559021,0.6603355407714844,-0.36407870054244995,0.9272677898406982,0.6526672840118408,0.7764400243759155,0.3609929084777832,0.20294760167598724,0.4965543746948242,0.5976436734199524,-0.1199072003364563,0.6403644680976868,0.6192923784255981,0.7944949269294739,0.3552984595298767,0.11903759092092514,0.4901208281517029,0.5460595488548279,-0.13354727625846863,0.5818324089050293,0.6128492951393127,0.7893806099891663,0.35639169812202454,0.12977465987205505,0.5101860761642456,0.5571630597114563,-0.11645716428756714,0.6177170872688293,0.6155709028244019,0.7893763184547424,0.33979368209838867,0.1426410675048828,0.5223997831344604,0.5759885907173157,-0.10834759473800659,0.615532398223877,0.6219348907470703,0.792999804019928,0.33913716673851013,0.14874103665351868,0.7928911447525024,1.0397120714187622,-0.1475393921136856,0.3779767155647278,0.7433000802993774,1.0408776998519897,0.14831377565860748,0.4709644913673401,0.7350969314575195,1.160504937171936,-0.1475466787815094,0.17674987018108368,0.7013533115386963,1.20646071434021,0.2197599709033966,0.06731653213500977,0.7324406504631042,1.4230079650878906,0.03348810598254204,0.03444556146860123,0.6846514344215393,1.4484789371490479,0.27947208285331726,0.015128971077501774,0.760189414024353,1.4787250757217407,0.04930996894836426,0.06286942958831787,0.6958571672439575,1.4984956979751587,0.2834394872188568,0.02729545533657074,0.6359543204307556,1.4497005939483643,-0.02894129790365696,0.047953050583601,0.6092353463172913,1.4839969873428345,0.19361186027526855,0.02505473420023918
0.708375096321106,0.5669788718223572,-0.19236716628074646,0.9998705387115479,0.7190108299255371,0.5413303971290588,-0.19775822758674622,0.9998462200164795,0.7272900938987732,0.5395656228065491,-0.19783903658390045,0.9998881816864014,0.7370275259017944,0.5376015305519104,-0.1979425549507141,0.9998826384544373,0.7042813301086426,0.5450544953346252,-0.15728844702243805,0.9998552799224854,0.700908362865448,0.5461098551750183,-0.15720263123512268,0.9998243451118469,0.6974350214004517,0.5473482012748718,-0.15711838006973267,0.9997771382331848,0.7643938660621643,0.5433062314987183,-0.16258199512958527,0.9999187588691711,0.7101709842681885,0.5528151392936707,0.026704758405685425,0.9998441338539124,0.7265831232070923,0.5914025902748108,-0.1738838255405426,0.9995756149291992,0.7090445756912231,0.5936836004257202,-0.11973412334918976,0.9993509650230408,0.7891198396682739,0.6589421629905701,-0.2747429609298706,0.9969033598899841,0.7466959357261658,0.6931358575820923,0.23759779334068298,0.9926958680152893,0.6382379531860352,0.6787778735160828,-0.3558989465236664,0.9326742887496948,0.6862908601760864,0.7753289937973022,0.37234291434288025,0.1860135942697525,0.4986547827720642,0.5998576879501343,-0.11027871072292328,0.6586757898330688,0.6203398704528809,0.7843219637870789,0.3859628736972809,0.10965891182422638,0.49829158186912537,0.5529964566230774,-0.12484823167324066,0.5965419411659241,0.6167014837265015,0.7835737466812134,0.39751821756362915,0.12076286971569061,0.516971230506897,0.5607408285140991,-0.10331901162862778,0.6310561299324036,0.616645336151123,0.7835531830787659,0.36788371205329895,0.1330323964357376,0.5282093286514282,0.5797762274742126,-0.10294429212808609,0.6298617720603943,0.6224778890609741,0.7856234312057495,0.3681555390357971,0.13916459679603577,0.7889160513877869,1.0404125452041626,-0.14663895964622498,0.38921207189559937,0.7504222393035889,1.0417307615280151,0.14725862443447113,0.4651101529598236,0.7329280376434326,1.0395715236663818,-0.13491354882717133,0.18618915975093842,0.7044804096221924,1.1010029315948486,0.21734397113323212,0.06863299012184143,0.7193547487258911,1.2739956378936768,0.05244101211428642,0.037636976689100266,0.6847169995307922,1.3012855052947998,0.2845861315727234,0.01577119342982769,0.7410742044448853,1.3270639181137085,0.06977386772632599,0.0660976842045784,0.6946006417274475,1.3478319644927979,0.29102054238319397,0.029736358672380447,0.6263283491134644,1.2825318574905396,0.03200618177652359,0.05110444501042366,0.6168563365936279,1.3137710094451904,0.2544843852519989,0.02652403712272644
0.7057793140411377,0.573032796382904,-0.17411674559116364,0.9998797178268433,0.7152140736579895,0.5487191677093506,-0.18239565193653107,0.9998578429222107,0.7230632901191711,0.5464966297149658,-0.1824066936969757,0.9998963475227356,0.73276686668396,0.543972373008728,-0.18250414729118347,0.9998917579650879,0.7007112503051758,0.5529806017875671,-0.14298373460769653,0.999865710735321,0.69742751121521,0.5539826154708862,-0.14289774000644684,0.9998357892036438,0.6941006183624268,0.5550228953361511,-0.14271268248558044,0.999793529510498,0.7617847323417664,0.548101544380188,-0.16089493036270142,0.9999246001243591,0.7070101499557495,0.5584282279014587,0.028823763132095337,0.9998558759689331,0.7244294285774231,0.5964434146881104,-0.1632995307445526,0.9996060729026794,0.7080775499343872,0.5988243222236633,-0.11040439456701279,0.9993916153907776,0.7883207201957703,0.6609523296356201,-0.269439697265625,0.9970324635505676,0.7458592057228088,0.693952739238739,0.23325912654399872,0.9927948117256165,0.6391434669494629,0.6728989481925964,-0.32113972306251526,0.93745356798172,0.6804139614105225,0.7755504846572876,0.41760554909706116,0.175481379032135,0.5067914724349976,0.5992774367332458,-0.008769690990447998,0.6741136908531189,0.6209828853607178,0.7529863119125366,0.5237913131713867,0.10332276672124863,0.5176283121109009,0.545581042766571,-0.015653355047106743,0.6096596121788025,0.6186237335205078,0.7302678227424622,0.5424699783325195,0.11511719971895218,0.5364776253700256,0.5561971068382263,0.001805222942493856,0.643114447593689,0.6192173361778259,0.732193648815155,0.5294709205627441,0.12733498215675354,0.5463054180145264,0.5749054551124573,0.00034196293563582003,0.6427091360092163,0.6251887679100037,0.7423585653305054,0.512641191482544,0.13387411832809448,0.7862682342529297,1.0418740510940552,-0.14646044373512268,0.3819102644920349,0.7511317729949951,1.0459412336349487,0.14707690477371216,0.44477561116218567,0.738200306892395,1.00888991355896,-0.1148875504732132,0.18798893690109253,0.7072466611862183,1.0890520811080933,0.22359216213226318,0.06722970306873322,0.719380259513855,1.2334486246109009,0.08724530786275864,0.03807174786925316,0.690482497215271,1.2598398923873901,0.3135773241519928,0.015406213700771332,0.7405281066894531,1.2866767644882202,0.10602027177810669,0.06586645543575287,0.6978576183319092,1.3029202222824097,0.32355764508247375,0.02941056340932846,0.6292032599449158,1.2390711307525635,0.06878523528575897,0.052570100873708725,0.6310592889785767,1.26169753074646,0.2969568371772766,0.0268427561968565
0.7035120725631714,0.5766931176185608,-0.1638331264257431,0.9998888969421387,0.712815523147583,0.5525864362716675,-0.17389197647571564,0.9998693466186523,0.720469057559967,0.5500171184539795,-0.17387434840202332,0.9999045133590698,0.7301651239395142,0.547052800655365,-0.17394018173217773,0.9999006390571594,0.6985831260681152,0.5572497248649597,-0.13399004936218262,0.9998762607574463,0.6954237818717957,0.5583082437515259,-0.13389001786708832,0.9998480081558228,0.6921738386154175,0.5593883395195007,-0.13366900384426117,0.999809980392456,0.759686291217804,0.5505228042602539,-0.15948528051376343,0.9999303221702576,0.7052127122879028,0.5621716380119324,0.03013276681303978,0.9998674392700195,0.7223054766654968,0.599419891834259,-0.15593567490577698,0.9996352791786194,0.7069550156593323,0.6023314595222473,-0.10236459970474243,0.9994316101074219,0.7882912755012512,0.6635017991065979,-0.26650747656822205,0.9971086978912354,0.744284987449646,0.698459267616272,0.22873350977897644,0.9926829934120178,0.6396527290344238,0.6788918375968933,-0.32159632444381714,0.9415490627288818,0.6843763589859009,0.7830075025558472,0.424675852060318,0.1646282970905304,0.5046008825302124,0.5963231921195984,-0.030239883810281754,0.6911141872406006,0.6291898488998413,0.7520291209220886,0.5295673608779907,0.09788796305656433,0.5181388258934021,0.5476833581924438,-0.04075535386800766,0.6267226338386536,0.6245261430740356,0.7290856838226318,0.5474712252616882,0.1109483391046524,0.5372186303138733,0.5566340088844299,-0.022663651034235954,0.6590084433555603,0.6193673014640808,0.7296013236045837,0.5332204103469849,0.12331844121217728,0.5469378232955933,0.5752360224723816,-0.020737575367093086,0.6583886742591858,0.6260427236557007,0.739815890789032,0.5184156894683838,0.13017848134040833,0.7861837148666382,1.0485469102859497,-0.14639423787593842,0.3705153465270996,0.750912070274353,1.0518558025360107,0.14703544974327087,0.4200148284435272,0.7398622632026672,1.001152753829956,-0.10286341607570648,0.19399525225162506,0.7041885852813721,1.064143180847168,0.23180150985717773,0.06653089076280594,0.7190804481506348,1.2025147676467896,0.10602249950170517,0.04010199382901192,0.6892813444137573,1.2115966081619263,0.3313526511192322,0.015120196156203747,0.7376815676689148,1.2524237632751465,0.12549719214439392,0.06706105172634125,0.6968147158622742,1.2515332698822021,0.3422565460205078,0.028721511363983154,0.6318047642707825,1.205281376838684,0.08916380256414413,0.05603538081049919,0.6343759298324585,1.2105162143707275,0.3183503746986389,0.02728230692446232
0.7026359438896179,0.5784856677055359,-0.14726898074150085,0.9998945593833923,0.711564302444458,0.5543152689933777,-0.1560545265674591,0.9998763799667358,0.7191869616508484,0.551536500453949,-0.15608185529708862,0.9999094605445862,0.7288880348205566,0.5483734607696533,-0.1561746448278427,0.9999061822891235,0.6971341967582703,0.5595124959945679,-0.11770830303430557,0.9998819231987,0.6938183903694153,0.5607763528823853,-0.11766153573989868,0.9998540878295898,0.6903433799743652,0.5621258020401001,-0.11754211038351059,0.9998195171356201,0.7576912045478821,0.551738977432251,-0.1415642946958542,0.9999336004257202,0.7018842697143555,0.5652100443840027,0.03859511390328407,0.9998745322227478,0.7217136025428772,0.6005376577377319,-0.13696324825286865,0.9996554255485535,0.706261932849884,0.6039085388183594,-0.08558177947998047,0.9994528889656067,0.7878226637840271,0.6635486483573914,-0.2527121305465698,0.9971998929977417,0.7437667846679688,0.698070228099823,0.22977526485919952,0.9927622675895691,0.639980673789978,0.6811457872390747,-0.3179495632648468,0.9461899995803833,0.6778610348701477,0.7803872227668762,0.3949202597141266,0.1609371155500412,0.5058835744857788,0.5979121923446655,-0.04218899458646774,0.7090697288513184,0.6171866059303284,0.7370489239692688,0.44937410950660706,0.09581488370895386,0.518241286277771,0.5536682605743408,-0.055273521691560745,0.6417442560195923,0.6082395315170288,0.7125186324119568,0.45966458320617676,0.10926641523838043,0.5375742316246033,0.56146639585495,-0.03696272149682045,0.6725168228149414,0.6024130582809448,0.7131472826004028,0.4433380961418152,0.12172826379537582,0.5474323630332947,0.5794469118118286,-0.032453179359436035,0.6726590991020203,0.6104194521903992,0.7240604758262634,0.43560656905174255,0.1293817013502121,0.7870069742202759,1.0485066175460815,-0.14465445280075073,0.38170289993286133,0.7522639036178589,1.0516912937164307,0.1451719105243683,0.4184412956237793,0.7448745369911194,1.0326281785964966,-0.11174960434436798,0.2046065628528595,0.7070869207382202,1.0959556102752686,0.22747942805290222,0.07044127583503723,0.7417545318603516,1.256534218788147,0.0827917605638504,0.04350630193948746,0.6972540616989136,1.275131344795227,0.3145359456539154,0.01627977192401886,0.7647297382354736,1.309080958366394,0.10033340752124786,0.07192560285329819,0.7065797448158264,1.3182522058486938,0.32314151525497437,0.03189651668071747,0.6587353348731995,1.2675044536590576,0.05014714598655701,0.05980321392416954,0.6394277811050415,1.2852973937988281,0.28190475702285767,0.029172642156481743
0.7010546922683716,0.5812448859214783,-0.12820753455162048,0.9999006390571594,0.7094312310218811,0.5565809011459351,-0.14109118282794952,0.9998838901519775,0.7166799902915955,0.5538301467895508,-0.14111576974391937,0.9999147653579712,0.7261378169059753,0.5505487322807312,-0.14118871092796326,0.9999120235443115,0.6954183578491211,0.5616446733474731,-0.10068728029727936,0.9998884201049805,0.6921108961105347,0.562887966632843,-0.10066363960504532,0.9998614192008972,0.688641369342804,0.5642667412757874,-0.1005890965461731,0.9998304843902588,0.7551876902580261,0.5533143877983093,-0.1365654170513153,0.9999372959136963,0.7004810571670532,0.5677202939987183,0.05063748359680176,0.9998829960823059,0.7203917503356934,0.6031574010848999,-0.120480976998806,0.9996767640113831,0.7054351568222046,0.606661856174469,-0.0664481371641159,0.9994813203811646,0.7878704071044922,0.6635943055152893,-0.24663570523262024,0.9973236322402954,0.7426546812057495,0.6981998682022095,0.23892930150032043,0.9930558204650879,0.6401075124740601,0.6812158823013306,-0.3160460591316223,0.9501100778579712,0.6497154831886292,0.7636975049972534,0.41346582770347595,0.16025382280349731,0.506736159324646,0.5988752245903015,-0.047489557415246964,0.7254082560539246,0.6095473170280457,0.7305749654769897,0.483298122882843,0.0954161062836647,0.5174077749252319,0.5537369847297668,-0.06159646064043045,0.656731903553009,0.6003136038780212,0.7049822211265564,0.4948376715183258,0.10937181860208511,0.5364040732383728,0.5617004036903381,-0.043284863233566284,0.6859831809997559,0.596443772315979,0.7058925032615662,0.47909602522850037,0.1221974641084671,0.5462254285812378,0.5798994898796082,-0.037762608379125595,0.6862376928329468,0.6042998433113098,0.7171551585197449,0.4697186350822449,0.13070684671401978,0.7874786257743835,1.0488760471343994,-0.14485366642475128,0.3910028338432312,0.7522833347320557,1.0529255867004395,0.14538982510566711,0.4189554750919342,0.7437111735343933,1.0286271572113037,-0.11826884746551514,0.21383953094482422,0.7060458064079285,1.1031707525253296,0.22702240943908691,0.07250072807073593,0.7389832735061646,1.2645190954208374,0.07533114403486252,0.04639380797743797,0.697057843208313,1.2902337312698364,0.31291261315345764,0.016968201845884323,0.7617242932319641,1.3187546730041504,0.0927753895521164,0.07532447576522827,0.7067381143569946,1.3344284296035767,0.3214958608150482,0.03358681499958038,0.6551986336708069,1.2781294584274292,0.03978091478347778,0.06370515376329422,0.6379150152206421,1.3029838800430298,0.27682918310165405,0.030732225626707077
0.7004018425941467,0.5819101929664612,-0.1459270864725113,0.9999035596847534,0.7085275053977966,0.5569046139717102,-0.15586571395397186,0.9998871088027954,0.7155529856681824,0.5540713667869568,-0.15586809813976288,0.999916672706604,0.724714994430542,0.5507429838180542,-0.1558959186077118,0.9999143481254578,0.6946865320205688,0.5623171925544739,-0.1143285408616066,0.9998913407325745,0.6913336515426636,0.5636662840843201,-0.11432477086782455,0.9998643398284912,0.6877917051315308,0.5651311278343201,-0.11425173282623291,0.9998366236686707,0.7538393139839172,0.5535764694213867,-0.1459723263978958,0.9999372959136963,0.6999374628067017,0.5683548450469971,0.046833183616399765,0.9998878240585327,0.7199761867523193,0.6034824848175049,-0.1362459659576416,0.9996894001960754,0.7050994634628296,0.607328474521637,-0.08002261817455292,0.999496579170227,0.7882314920425415,0.6638870239257812,-0.2579457461833954,0.9973809719085693,0.7422246932983398,0.6984482407569885,0.23820996284484863,0.9933202862739563,0.6403855085372925,0.6742618680000305,-0.37847957015037537,0.95400071144104,0.6368951797485352,0.7506004571914673,0.3959009349346161,0.16512547433376312,0.5035198926925659,0.5965639352798462,-0.1834031194448471,0.7428774833679199,0.5970886945724487,0.7230010628700256,0.4390184283256531,0.09980002790689468,0.49497824907302856,0.5485032200813293,-0.21504661440849304,0.6730573773384094,0.5878955125808716,0.6960971355438232,0.4477081298828125,0.11369570344686508,0.5135297179222107,0.5553568005561829,-0.18746331334114075,0.7003147006034851,0.5836213827133179,0.6962912678718567,0.4290863871574402,0.12702763080596924,0.5249611735343933,0.574232280254364,-0.17314407229423523,0.6997615098953247,0.5913145542144775,0.7081006765365601,0.4239979684352875,0.13669492304325104,0.7917353510856628,1.0489658117294312,-0.1452321708202362,0.39864686131477356,0.7540334463119507,1.0536504983901978,0.14566951990127563,0.41992682218551636,0.7466110587120056,1.0250251293182373,-0.12210685014724731,0.2250000387430191,0.7075726389884949,1.0972636938095093,0.2276279479265213,0.07752132415771484,0.739615261554718,1.2563470602035522,0.07883645594120026,0.05183319002389908,0.6975992321968079,1.2811626195907593,0.3260006904602051,0.019042015075683594,0.7612583041191101,1.3098371028900146,0.09650906920433044,0.0806260034441948,0.7070530652999878,1.325009822845459,0.33574753999710083,0.038391537964344025,0.6579418182373047,1.26571524143219,0.036717332899570465,0.0693477913737297,0.6387028694152832,1.2904438972473145,0.2872913181781769,0.03405008092522621
0.699821949005127,0.5821920037269592,-0.14137454330921173,0.9999082684516907,0.7078052759170532,0.557110071182251,-0.15262413024902344,0.9998926520347595,0.7147569060325623,0.5541785359382629,-0.15264800190925598,0.9999204874038696,0.7238135933876038,0.5507611036300659,-0.1526929885149002,0.9999186396598816,0.6939570903778076,0.5627819299697876,-0.1115657314658165,0.9998962879180908,0.6905422210693359,0.5642138123512268,-0.11153874546289444,0.9998701810836792,0.6869300007820129,0.5657673478126526,-0.1114586815237999,0.9998455047607422,0.7527263164520264,0.5534493327140808,-0.1453370302915573,0.9999398589134216,0.6993118524551392,0.5689140558242798,0.046456363052129745,0.9998946785926819,0.7195800542831421,0.6033867597579956,-0.1324099600315094,0.9997063279151917,0.7047605514526367,0.6072473526000977,-0.07712037861347198,0.9995204210281372,0.7859330177307129,0.6638811826705933,-0.2568781077861786,0.9974473118782043,0.7445675134658813,0.6981294751167297,0.23820653557777405,0.9935221076011658,0.640471875667572,0.670007050037384,-0.3635181486606598,0.9575119614601135,0.6404910683631897,0.7467819452285767,0.3970140814781189,0.16350460052490234,0.5016019344329834,0.5933926701545715,-0.13697193562984467,0.7601795196533203,0.5958580374717712,0.7242655158042908,0.44648250937461853,0.10160955041646957,0.4914163053035736,0.5396702289581299,-0.16177284717559814,0.6910476088523865,0.5859639644622803,0.6978204250335693,0.45809048414230347,0.11675108224153519,0.5094287395477295,0.5471190810203552,-0.13542506098747253,0.7166013717651367,0.5804426670074463,0.6976776123046875,0.4355999529361725,0.13079537451267242,0.5206750631332397,0.5667393207550049,-0.1261383593082428,0.7156659364700317,0.5882003307342529,0.7092652916908264,0.4304232597351074,0.14128375053405762,0.7914135456085205,1.0481723546981812,-0.14404726028442383,0.4004738926887512,0.754397988319397,1.0524166822433472,0.14451272785663605,0.4123939573764801,0.7482486367225647,1.0283763408660889,-0.11165811866521835,0.22902484238147736,0.70915287733078,1.0936795473098755,0.22751209139823914,0.07811137288808823,0.7390180826187134,1.25313138961792,0.09731757640838623,0.05319269374012947,0.7028001546859741,1.273404836654663,0.32584893703460693,0.01924344152212143,0.7601351737976074,1.3039900064468384,0.11574496328830719,0.08367940783500671,0.7126933336257935,1.315707802772522,0.335857093334198,0.039495084434747696,0.6593762636184692,1.2650411128997803,0.06294326484203339,0.0715394988656044,0.646668553352356,1.284543514251709,0.29037731885910034,0.03506443649530411
0.6998700499534607,0.5819026231765747,-0.07784835994243622,0.9999141097068787,0.7079977989196777,0.5569064021110535,-0.09916830062866211,0.9998999238014221,0.7150404453277588,0.5539519190788269,-0.09920647740364075,0.9999257326126099,0.7241297960281372,0.5505782961845398,-0.09927190095186234,0.9999244213104248,0.6939271092414856,0.5627965927124023,-0.055811602622270584,0.9999029040336609,0.6903977990150452,0.5643148422241211,-0.05576983839273453,0.9998781681060791,0.6866782307624817,0.5659730434417725,-0.05570483207702637,0.9998565912246704,0.7526135444641113,0.553363561630249,-0.1222182959318161,0.9999440312385559,0.6989856958389282,0.5692247748374939,0.07928719371557236,0.9999028444290161,0.7196046710014343,0.6033469438552856,-0.0785951167345047,0.9997273087501526,0.7047184109687805,0.6069492697715759,-0.020597640424966812,0.9995522499084473,0.7838317155838013,0.6635846495628357,-0.23027074337005615,0.9975841045379639,0.7472946047782898,0.6980823278427124,0.25988540053367615,0.9938246607780457,0.6419999599456787,0.6690933704376221,-0.29577070474624634,0.9595467448234558,0.642712414264679,0.7484643459320068,0.44236618280410767,0.1590609848499298,0.5028790235519409,0.5959032773971558,-0.017709676176309586,0.770194411277771,0.6017347574234009,0.7265297770500183,0.5255272388458252,0.10101445764303207,0.4926931858062744,0.5432111024856567,-0.030494973063468933,0.7016718983650208,0.591630220413208,0.7005280256271362,0.5391791462898254,0.11787408590316772,0.510627269744873,0.5515075922012329,-0.011086792685091496,0.726306140422821,0.5851343870162964,0.6986902356147766,0.5225285887718201,0.13259050250053406,0.521217942237854,0.5701619982719421,-0.008073335513472557,0.725308358669281,0.5930827260017395,0.7101624608039856,0.5125862956047058,0.14346100389957428,0.791546642780304,1.0473209619522095,-0.14416047930717468,0.40133655071258545,0.754658579826355,1.0515058040618896,0.14465756714344025,0.4074402451515198,0.7477696537971497,1.0093953609466553,-0.11524935811758041,0.2323579043149948,0.7087556719779968,1.0739367008209229,0.22426576912403107,0.07748819887638092,0.7370914816856384,1.241477131843567,0.08834853768348694,0.052439697086811066,0.7012590169906616,1.2645232677459717,0.30464351177215576,0.018642019480466843,0.7555939555168152,1.2963563203811646,0.10627217590808868,0.08206921815872192,0.7110209465026855,1.3114821910858154,0.3142850995063782,0.038218431174755096,0.6547142267227173,1.2522914409637451,0.04909955710172653,0.0714559555053711,0.6427579522132874,1.2757604122161865,0.28902578353881836,0.03465869650244713
0.6999884843826294,0.5819170475006104,-0.0833432599902153,0.9999179840087891,0.7080858945846558,0.5568869709968567,-0.10258309543132782,0.9999052286148071,0.71516352891922,0.5538607239723206,-0.10263200849294662,0.9999294877052307,0.7243028283119202,0.5504561066627502,-0.1027081161737442,0.9999288320541382,0.6940512657165527,0.562908947467804,-0.059857260435819626,0.9999076724052429,0.6905230283737183,0.5644263625144958,-0.05980921536684036,0.9998837113380432,0.6868079900741577,0.5661003589630127,-0.05973183363676071,0.9998650550842285,0.7527872323989868,0.5531335473060608,-0.11962655931711197,0.9999468922615051,0.6990768313407898,0.5690726637840271,0.07946519553661346,0.9999093413352966,0.7198227643966675,0.603216826915741,-0.08142175525426865,0.999742865562439,0.7047874331474304,0.6067144870758057,-0.024329742416739464,0.9995747208595276,0.7832086086273193,0.6620981097221375,-0.22827322781085968,0.9976833462715149,0.749991238117218,0.6978403925895691,0.2633362412452698,0.9939900636672974,0.6420455574989319,0.668380856513977,-0.2965189218521118,0.9615246653556824,0.6805685758590698,0.7690163254737854,0.4482892155647278,0.1533769816160202,0.5014966130256653,0.5940399765968323,-0.020866958424448967,0.7786217331886292,0.6199303865432739,0.7280755639076233,0.5351272821426392,0.09899807721376419,0.49592119455337524,0.5419754385948181,-0.03427395969629288,0.7097389101982117,0.6134259104728699,0.7020120620727539,0.5520963072776794,0.11711861938238144,0.513926088809967,0.550296425819397,-0.009927853010594845,0.733614444732666,0.6061464548110962,0.6990034580230713,0.5349442958831787,0.13208235800266266,0.5245637893676758,0.5689342021942139,-0.009275903925299644,0.7322905659675598,0.6121371388435364,0.7105977535247803,0.522977888584137,0.1429561823606491,0.7915021777153015,1.0468627214431763,-0.14416071772575378,0.39992406964302063,0.7565075159072876,1.0510762929916382,0.14468474686145782,0.3969500958919525,0.7468196153640747,0.9909847974777222,-0.10822806507349014,0.23486559092998505,0.7097070217132568,1.0486352443695068,0.22431859374046326,0.07667620480060577,0.7335935831069946,1.2071698904037476,0.09214760363101959,0.05278639867901802,0.7014132738113403,1.221642017364502,0.3111819922924042,0.01818244718015194,0.7499827742576599,1.2605739831924438,0.11045289039611816,0.08226370066404343,0.7102111577987671,1.265633463859558,0.322241872549057,0.03745083883404732,0.6539069414138794,1.2094722986221313,0.06951330602169037,0.07191162556409836,0.6454588770866394,1.2271003723144531,0.297748863697052,0.034420713782310486
0.7015102505683899,0.5818013548851013,-0.032963983714580536,0.9999231100082397,0.7094897031784058,0.5567585229873657,-0.05564919114112854,0.9999116659164429,0.7165733575820923,0.5537154674530029,-0.055702585726976395,0.9999341368675232,0.7253332138061523,0.5503284931182861,-0.055794768035411835,0.9999338984489441,0.6953107118606567,0.5627851486206055,-0.011768435128033161,0.9999135732650757,0.6915886402130127,0.5643067955970764,-0.011744876392185688,0.9998906254768372,0.6878722906112671,0.5659907460212708,-0.011700430884957314,0.999874472618103,0.7530173063278198,0.5528945326805115,-0.08370573073625565,0.9999505281448364,0.6999348998069763,0.5691011548042297,0.11992736160755157,0.999916136264801,0.7211673855781555,0.6029497981071472,-0.035431157797575,0.9997599124908447,0.7057897448539734,0.6065349578857422,0.02304432913661003,0.9996002912521362,0.7833250761032104,0.6601446866989136,-0.19418369233608246,0.9978418946266174,0.7523983716964722,0.69740229845047,0.3009321093559265,0.9943029284477234,0.6456760168075562,0.6665688753128052,-0.23412132263183594,0.9635439515113831,0.6837353706359863,0.7799239754676819,0.47614002227783203,0.15706421434879303,0.5043556094169617,0.5956410765647888,0.07022158801555634,0.7881004810333252,0.6231920123100281,0.7290068864822388,0.5569129586219788,0.10116808861494064,0.5283784866333008,0.542837917804718,0.06457854807376862,0.7185986042022705,0.6158266663551331,0.7020335793495178,0.5718766450881958,0.11917721480131149,0.544472873210907,0.5542163848876953,0.0807831734418869,0.7414345741271973,0.6107016205787659,0.6991642713546753,0.5590435266494751,0.13453634083271027,0.5526266694068909,0.5713716745376587,0.08022330701351166,0.7402781844139099,0.6174665093421936,0.7110996246337891,0.5454411506652832,0.14567101001739502,0.7945294380187988,1.0458056926727295,-0.14432360231876373,0.41097745299339294,0.7593727111816406,1.051108479499817,0.14485129714012146,0.40359601378440857,0.7470812797546387,1.0063334703445435,-0.13608597218990326,0.2403339296579361,0.7138391733169556,1.0546292066574097,0.2111310064792633,0.07686475664377213,0.7336198091506958,1.2158900499343872,0.027028977870941162,0.05217348411679268,0.7058857679367065,1.2623168230056763,0.2573389410972595,0.017786016687750816,0.7507091760635376,1.2703852653503418,0.04229481890797615,0.08204847574234009,0.7156720161437988,1.3149758577346802,0.26292353868484497,0.03711584210395813,0.6529315710067749,1.2227370738983154,0.003826826112344861,0.07159829884767532,0.6441733241081238,1.2713853120803833,0.2262820303440094,0.03393840789794922
0.7033826112747192,0.5816080570220947,-0.054185010492801666,0.9999284148216248,0.7111769914627075,0.5567016005516052,-0.07349959015846252,0.9999181032180786,0.7183672189712524,0.5536532998085022,-0.0735417827963829,0.9999389052391052,0.7269598245620728,0.5502511262893677,-0.0736207589507103,0.9999388456344604,0.6968876719474792,0.5627241730690002,-0.03201936185359955,0.9999193549156189,0.6929882168769836,0.5642219185829163,-0.03200386092066765,0.9998977184295654,0.6891761422157288,0.5658770203590393,-0.03195573762059212,0.9998835325241089,0.7552850246429443,0.5525634288787842,-0.09084822982549667,0.9999539852142334,0.7031320929527283,0.5690506100654602,0.10263846069574356,0.9999224543571472,0.7229179739952087,0.6019814014434814,-0.053588785231113434,0.9997771978378296,0.707452654838562,0.6060901880264282,0.0017026120331138372,0.9996267557144165,0.7871571779251099,0.6591638922691345,-0.19422423839569092,0.9979661107063293,0.7511965036392212,0.6978501081466675,0.28422534465789795,0.994507908821106,0.647616446018219,0.663364052772522,-0.23607023060321808,0.9655901789665222,0.6691009998321533,0.7641078233718872,0.45589882135391235,0.16576334834098816,0.5060890913009644,0.5952480435371399,0.0535067617893219,0.7984099984169006,0.6259666681289673,0.7111492156982422,0.5418694019317627,0.10646627843379974,0.5420851707458496,0.5472353100776672,0.04772017523646355,0.7289482355117798,0.6203376054763794,0.6799423098564148,0.5547747611999512,0.12435761094093323,0.5579259395599365,0.5572082996368408,0.06106671690940857,0.7508854866027832,0.617429256439209,0.6776918768882751,0.5472387075424194,0.14036302268505096,0.5657755136489868,0.5745604038238525,0.062200188636779785,0.7499699592590332,0.6241382956504822,0.6908150315284729,0.5324594378471375,0.15190035104751587,0.8008242845535278,1.045814037322998,-0.14141681790351868,0.4246440529823303,0.7612519264221191,1.0529515743255615,0.1419714093208313,0.4107808470726013,0.7502521276473999,1.0071123838424683,-0.13493414223194122,0.2484043836593628,0.713027834892273,1.0592970848083496,0.20407524704933167,0.07788427919149399,0.7373539209365845,1.235022783279419,0.03502901270985603,0.05317818000912666,0.7082446813583374,1.2698031663894653,0.25429674983024597,0.01771542616188526,0.7554594874382019,1.289419412612915,0.05097265914082527,0.08438105881214142,0.7182518839836121,1.32051420211792,0.26027387380599976,0.037064410746097565,0.6576140522956848,1.239004373550415,0.009255821816623211,0.07359819114208221,0.6497015953063965,1.2791866064071655,0.21951933205127716,0.034109026193618774
0.7081862092018127,0.5815361738204956,-0.035907335579395294,0.9999313950538635,0.7168091535568237,0.5565985441207886,-0.05119869112968445,0.9999222755432129,0.7241885662078857,0.5536054968833923,-0.05125890299677849,0.9999418258666992,0.7327284812927246,0.5501883029937744,-0.051383621990680695,0.9999422430992126,0.7028571963310242,0.5623115301132202,-0.011080173775553703,0.9999227523803711,0.6990665197372437,0.5637289881706238,-0.011068598367273808,0.999901294708252,0.6952806711196899,0.5653318762779236,-0.011055377312004566,0.9998892545700073,0.7602101564407349,0.5521878600120544,-0.05808377265930176,0.9999557733535767,0.7096075415611267,0.5686050653457642,0.12788499891757965,0.9999263882637024,0.7269412279129028,0.6017383337020874,-0.03258649632334709,0.999786376953125,0.711212694644928,0.6060174107551575,0.020740199834108353,0.9996376037597656,0.7945675253868103,0.6560032367706299,-0.16720043122768402,0.9980570077896118,0.7504475712776184,0.6984488368034363,0.3027636408805847,0.9945719838142395,0.6516280174255371,0.6570230722427368,-0.21298567950725555,0.9669920802116394,0.6700168251991272,0.7673422694206238,0.4641924500465393,0.17114406824111938,0.5646607875823975,0.583197295665741,0.07744289189577103,0.8004469275474548,0.6307958960533142,0.7138663530349731,0.5323518514633179,0.10530340671539307,0.5513101816177368,0.5498170852661133,0.07332957535982132,0.727665364742279,0.6273413896560669,0.6854202747344971,0.5437668561935425,0.12228236347436905,0.5680264830589294,0.5591638684272766,0.08723405748605728,0.7493621110916138,0.6275614500045776,0.6827383041381836,0.5384372472763062,0.1380213052034378,0.5755491256713867,0.5764238834381104,0.08662135899066925,0.7494628429412842,0.6333505511283875,0.6948609948158264,0.523810625076294,0.14967626333236694,0.8118177652359009,1.044474482536316,-0.14156818389892578,0.4447932243347168,0.7664040327072144,1.0531115531921387,0.1420978158712387,0.4257180690765381,0.7526172995567322,1.0094935894012451,-0.14877602458000183,0.25775146484375,0.7139905691146851,1.0732873678207397,0.2015257179737091,0.07802311331033707,0.7433352470397949,1.2417895793914795,-0.0013562121894210577,0.05452459305524826,0.7081445455551147,1.2767584323883057,0.23908491432666779,0.017611561343073845,0.7643033266067505,1.2923836708068848,0.013932451605796814,0.08732655644416809,0.718176543712616,1.3271437883377075,0.2440613955259323,0.03746433183550835,0.6614145040512085,1.2448824644088745,-0.02342572994530201,0.07463210821151733,0.6477252840995789,1.287487506866455,0.20428064465522766,0.0336841382086277
0.7178018689155579,0.5766146779060364,-0.10159043222665787,0.9999186396598816,0.7277015447616577,0.5488813519477844,-0.11216895282268524,0.9999029636383057,0.7354620695114136,0.5457814335823059,-0.11233429610729218,0.999928891658783,0.7441691756248474,0.5424695611000061,-0.11262308061122894,0.9999287128448486,0.713522732257843,0.5549275875091553,-0.0730648785829544,0.9999071359634399,0.7099989652633667,0.556310772895813,-0.07312925904989243,0.9998826384544373,0.7061970829963684,0.5580675601959229,-0.07328159362077713,0.9998733401298523,0.7714011669158936,0.5446833968162537,-0.0837724357843399,0.9999440312385559,0.7214770913124084,0.5606574416160583,0.09624134749174118,0.9999187588691711,0.7372997403144836,0.5956314206123352,-0.08810382336378098,0.9997427463531494,0.7195324301719666,0.6008753180503845,-0.035327475517988205,0.9995784759521484,0.8112481832504272,0.6478677988052368,-0.18285387754440308,0.9980263113975525,0.7515100240707397,0.6983755826950073,0.29387813806533813,0.9948636293411255,0.6753427386283875,0.6069275140762329,-0.24217574298381805,0.9691258668899536,0.657642126083374,0.7509194016456604,0.46253037452697754,0.2132725566625595,0.5825545787811279,0.581049919128418,0.05514167621731758,0.79443359375,0.6461101770401001,0.6936042904853821,0.5109866857528687,0.11225827783346176,0.5591314435005188,0.5517410635948181,0.03713792935013771,0.7065022587776184,0.647709310054779,0.6616775989532471,0.5213318467140198,0.12244188040494919,0.5775865316390991,0.5630238056182861,0.07515836507081985,0.7268413305282593,0.6524655818939209,0.6599366664886475,0.526654064655304,0.13690483570098877,0.5869745016098022,0.5783504247665405,0.07019906491041183,0.7276366949081421,0.6578640341758728,0.673180341720581,0.5062820315361023,0.1481858193874359,0.8372472524642944,1.041723370552063,-0.14048883318901062,0.48554810881614685,0.7724677324295044,1.0505900382995605,0.14078575372695923,0.4732755720615387,0.775689423084259,1.1054389476776123,-0.1449168473482132,0.286633163690567,0.722015917301178,1.1705163717269897,0.16543513536453247,0.11351361870765686,0.7834258675575256,1.371126413345337,0.03278958052396774,0.06949596852064133,0.7278317213058472,1.3936222791671753,0.24230876564979553,0.03462117910385132,0.806821346282959,1.4283297061920166,0.05081387236714363,0.10858733206987381,0.7417369484901428,1.440194845199585,0.24887080490589142,0.06244057044386864,0.7102137804031372,1.4019759893417358,-0.009750070981681347,0.08604245632886887,0.6638554334640503,1.4228683710098267,0.1631576269865036,0.04604003578424454
0.7230700254440308,0.5726974010467529,-0.09953882545232773,0.9999182820320129,0.7335392236709595,0.5443919897079468,-0.10953810065984726,0.999900221824646,0.7415730357170105,0.5414757132530212,-0.1096988171339035,0.9999276399612427,0.7503606677055359,0.5385643243789673,-0.10996844619512558,0.9999269247055054,0.7188358902931213,0.5503203868865967,-0.07036775350570679,0.9999058842658997,0.7153916954994202,0.5516884922981262,-0.07040823996067047,0.9998819231987,0.7116280794143677,0.5534521341323853,-0.07058744132518768,0.9998735785484314,0.7772882580757141,0.5402083992958069,-0.08787509053945541,0.9999431371688843,0.7268760800361633,0.5567392110824585,0.0970144122838974,0.9999206066131592,0.7431654930114746,0.5913257598876953,-0.08535356819629669,0.9997352957725525,0.7242807149887085,0.5971421003341675,-0.032259389758110046,0.9995676279067993,0.820671558380127,0.6421995162963867,-0.18689373135566711,0.9980383515357971,0.7527484893798828,0.698187530040741,0.28756797313690186,0.9950868487358093,0.6784638166427612,0.5864731669425964,-0.2610747218132019,0.9708224534988403,0.6462950110435486,0.7383427023887634,0.3642067313194275,0.24697089195251465,0.5539829134941101,0.5882359147071838,-0.014267790131270885,0.7913237810134888,0.6446862816810608,0.6897717118263245,0.34715765714645386,0.11688711494207382,0.5533949732780457,0.5526286959648132,-0.03123653493821621,0.6933889389038086,0.647837221622467,0.6580512523651123,0.3378036320209503,0.12316161394119263,0.5691760778427124,0.5634068250656128,-0.0017720696050673723,0.7135512828826904,0.6532340049743652,0.6563102602958679,0.3613370656967163,0.1369667947292328,0.5782462954521179,0.5790418982505798,-0.0012491134693846107,0.715025782585144,0.657459020614624,0.6695861220359802,0.3462095558643341,0.14784269034862518,0.8361077308654785,1.0181424617767334,-0.13926032185554504,0.5255924463272095,0.780474066734314,1.0486619472503662,0.13949862122535706,0.5171595811843872,0.7760387659072876,1.1282228231430054,-0.17000949382781982,0.31320473551750183,0.7216423153877258,1.180930495262146,0.1406678855419159,0.13734962046146393,0.7852615714073181,1.3990482091903687,-0.0064314426854252815,0.0816064327955246,0.7223118543624878,1.4165823459625244,0.1922878921031952,0.044437721371650696,0.8109787702560425,1.4581398963928223,0.009397021494805813,0.13109664618968964,0.7345455288887024,1.4675079584121704,0.19614079594612122,0.07772211730480194,0.7066609859466553,1.4284718036651611,-0.06469757854938507,0.09524247795343399,0.649970531463623,1.4448941946029663,0.10665750503540039,0.05356099084019661
0.7278038263320923,0.5688043236732483,-0.11078955233097076,0.9999202489852905,0.7385220527648926,0.5407523512840271,-0.12023456394672394,0.999900758266449,0.7471101880073547,0.5378344655036926,-0.12037475407123566,0.9999287724494934,0.756189227104187,0.5350723266601562,-0.1205677017569542,0.9999275207519531,0.7230101823806763,0.5464275479316711,-0.08054506033658981,0.9999071359634399,0.719456672668457,0.5477107167243958,-0.0805528461933136,0.999884307384491,0.7155871987342834,0.5493432879447937,-0.08072036504745483,0.9998759627342224,0.7819646596908569,0.5365713834762573,-0.09194109588861465,0.9999452829360962,0.7302190661430359,0.5534862875938416,0.09584499150514603,0.999923825263977,0.7488811612129211,0.5876219272613525,-0.09503598511219025,0.9997419118881226,0.7281478643417358,0.5939083695411682,-0.04160201549530029,0.9995769262313843,0.8267408609390259,0.6383571624755859,-0.19896109402179718,0.9981251358985901,0.7537115812301636,0.6913774609565735,0.2836642861366272,0.995398759841919,0.6734832525253296,0.5790700316429138,-0.32641759514808655,0.9729145765304565,0.6440204381942749,0.7267649173736572,0.29534345865249634,0.28139737248420715,0.5484204888343811,0.5773839950561523,-0.06993605196475983,0.7948474287986755,0.6424968242645264,0.680699348449707,0.21589569747447968,0.12053962051868439,0.515473484992981,0.5525827407836914,-0.09023895859718323,0.6875432133674622,0.6453032493591309,0.6505366563796997,0.19804605841636658,0.12339279055595398,0.5369536280632019,0.5632332563400269,-0.060187071561813354,0.7072870135307312,0.6465287804603577,0.6517414450645447,0.21709799766540527,0.13666412234306335,0.5497149229049683,0.5792286396026611,-0.05614253878593445,0.709445595741272,0.6515824198722839,0.6646906733512878,0.21046122908592224,0.14755646884441376,0.8524090647697449,1.0209392309188843,-0.13927598297595978,0.5642739534378052,0.7875747084617615,1.0471643209457397,0.13953828811645508,0.5590016841888428,0.7826980352401733,1.1442227363586426,-0.1823197305202484,0.33009621500968933,0.7248513102531433,1.1935838460922241,0.13845357298851013,0.15351660549640656,0.7964781522750854,1.423896074295044,-0.01820661686360836,0.08780898153781891,0.7192285060882568,1.445247769355774,0.18151870369911194,0.0508265346288681,0.8241454362869263,1.483681559562683,-0.0032022122759371996,0.14710745215415955,0.7316757440567017,1.498360514640808,0.18360424041748047,0.08857069909572601,0.7163406014442444,1.456753134727478,-0.08936548978090286,0.09917531907558441,0.6463437080383301,1.4785974025726318,0.08282250165939331,0.058421798050403595
0.7314702272415161,0.5650203824043274,-0.0631602481007576,0.9999231696128845,0.7431167960166931,0.536645233631134,-0.07365558296442032,0.9999022483825684,0.7520704865455627,0.5337059497833252,-0.07378078997135162,0.9999301433563232,0.7612071633338928,0.5310880541801453,-0.07395344227552414,0.9999289512634277,0.7265404462814331,0.5426065921783447,-0.034793950617313385,0.9999091625213623,0.7228562235832214,0.5439422726631165,-0.03480833023786545,0.999887228012085,0.7189682126045227,0.5455772876739502,-0.03495919331908226,0.9998802542686462,0.7856295108795166,0.5335689783096313,-0.05506544187664986,0.999946117401123,0.7328919768333435,0.5505712032318115,0.12524130940437317,0.9999271631240845,0.7529193162918091,0.5836804509162903,-0.05074397847056389,0.9997432231903076,0.7311480641365051,0.5909193158149719,0.0009687950951047242,0.9995798468589783,0.8285500407218933,0.6350368857383728,-0.17079108953475952,0.9981545209884644,0.7545534372329712,0.6897720694541931,0.3125409185886383,0.9956128001213074,0.6709065437316895,0.5790212750434875,-0.27357161045074463,0.9745619297027588,0.644333004951477,0.7241420149803162,0.33399897813796997,0.3108208477497101,0.5484815835952759,0.5794387459754944,-0.007293996401131153,0.7914818525314331,0.6267833709716797,0.6863328218460083,0.32593628764152527,0.12461195886135101,0.5172387957572937,0.5568411946296692,-0.018691912293434143,0.6751097440719604,0.6260053515434265,0.6586927175521851,0.3183209002017975,0.12449868023395538,0.5380589365959167,0.5688474774360657,0.0073344511911273,0.6945899128913879,0.6343637704849243,0.6589168310165405,0.3298473060131073,0.13762840628623962,0.5502783060073853,0.5846598744392395,0.005902793258428574,0.6980803608894348,0.6397558450698853,0.6710940003395081,0.31951043009757996,0.14879806339740753,0.8566276431083679,1.0240044593811035,-0.138215571641922,0.5947293639183044,0.7941655516624451,1.04612398147583,0.13839517533779144,0.5939173102378845,0.7799426913261414,1.1171880960464478,-0.18787357211112976,0.3503974974155426,0.7215909957885742,1.1749457120895386,0.10134913772344589,0.17307792603969574,0.7984929084777832,1.3949958086013794,-0.029822424054145813,0.0982109010219574,0.7216860055923462,1.4188587665557861,0.15137796103954315,0.058890875428915024,0.8273356556892395,1.453405499458313,-0.014120359905064106,0.16705238819122314,0.7379119396209717,1.4682255983352661,0.15537746250629425,0.10367412865161896,0.7182480096817017,1.433404803276062,-0.08375281095504761,0.10785437375307083,0.6477481126785278,1.45820951461792,0.0721091479063034,0.06555967032909393
0.7336047291755676,0.562656044960022,-0.054184217005968094,0.9999251961708069,0.7464144229888916,0.5340902209281921,-0.06367429345846176,0.9999036192893982,0.755397617816925,0.5312340259552002,-0.06377503275871277,0.999931812286377,0.7645289301872253,0.5288723111152649,-0.06392408907413483,0.9999306201934814,0.7293800115585327,0.5400497317314148,-0.02415652945637703,0.9999111294746399,0.725711464881897,0.5413296222686768,-0.02417772449553013,0.9998902678489685,0.7219008207321167,0.5428434610366821,-0.024324452504515648,0.9998840689659119,0.7877439260482788,0.5319478511810303,-0.04036245495080948,0.9999474883079529,0.734919548034668,0.5484257936477661,0.14302119612693787,0.9999306201934814,0.7548471689224243,0.5814177393913269,-0.04000033810734749,0.9997372031211853,0.7324497103691101,0.5886356234550476,0.012529129162430763,0.9995701313018799,0.830321192741394,0.6350134015083313,-0.16575489938259125,0.9981151223182678,0.7542499899864197,0.6872090101242065,0.32657095789909363,0.9957041144371033,0.6720021963119507,0.6109892129898071,-0.2754842936992645,0.9749563932418823,0.6426393985748291,0.7219176888465881,0.383016437292099,0.3153546452522278,0.5169388055801392,0.5845195651054382,-0.002537941327318549,0.7774931192398071,0.6264625191688538,0.6899769902229309,0.34954071044921875,0.1189887598156929,0.5065432786941528,0.5566237568855286,-0.014028009958565235,0.6552985906600952,0.6252927184104919,0.6629037261009216,0.3250134289264679,0.11908745020627975,0.530072808265686,0.5683213472366333,0.013062658719718456,0.6761643886566162,0.6338303089141846,0.6625841856002808,0.3683587908744812,0.1318686306476593,0.5426586270332336,0.583919107913971,0.010663142427802086,0.6805921792984009,0.6394675374031067,0.6748483180999756,0.3482503890991211,0.14250440895557404,0.8568743467330933,1.0251628160476685,-0.14467373490333557,0.6175254583358765,0.7928038835525513,1.0460768938064575,0.1448967605829239,0.6225848197937012,0.77778160572052,1.113156795501709,-0.22686800360679626,0.36038514971733093,0.7185031771659851,1.168343424797058,0.0895736813545227,0.1782950907945633,0.7910923957824707,1.4078041315078735,-0.08026082068681717,0.10399725288152695,0.7215070724487305,1.4322823286056519,0.139334037899971,0.06073327735066414,0.8217693567276001,1.4669665098190308,-0.06482455879449844,0.17995551228523254,0.7388750314712524,1.4828661680221558,0.14303793013095856,0.10545758157968521,0.7084165215492249,1.4535633325576782,-0.13869231939315796,0.1140502467751503,0.6477984189987183,1.4822916984558105,0.05025310069322586,0.06774679571390152
0.7333096265792847,0.5623075366020203,-0.04098215699195862,0.9999279379844666,0.7457844614982605,0.533869206905365,-0.056498367339372635,0.9999054670333862,0.7545223236083984,0.5309356451034546,-0.05660434439778328,0.999933660030365,0.763590395450592,0.5284922122955322,-0.05674529820680618,0.999932587146759,0.729751706123352,0.5396570563316345,-0.013494083657860756,0.9999134540557861,0.7263312935829163,0.5407996773719788,-0.013469276018440723,0.999893307685852,0.722698450088501,0.5421578884124756,-0.013627462089061737,0.9998879432678223,0.7878461480140686,0.531079888343811,-0.05235477164387703,0.9999494552612305,0.7373024225234985,0.5470088124275208,0.1444915235042572,0.9999339580535889,0.7538160085678101,0.5809527039527893,-0.03407498449087143,0.9997378587722778,0.7325242757797241,0.5882850885391235,0.02301819995045662,0.9995692372322083,0.8308159112930298,0.6345531940460205,-0.17708377540111542,0.9981132745742798,0.7540820837020874,0.6861123442649841,0.34029772877693176,0.9958199262619019,0.669671893119812,0.5854504108428955,-0.2756116986274719,0.9756793975830078,0.6424434781074524,0.7203322052955627,0.4511474072933197,0.3226979672908783,0.5110906362533569,0.5903423428535461,0.02552790567278862,0.7668927311897278,0.6249450445175171,0.6920688152313232,0.4747302532196045,0.11492350697517395,0.50128173828125,0.5576133728027344,0.015537219122052193,0.6387743949890137,0.6214584112167358,0.6655439734458923,0.4719664454460144,0.11500227451324463,0.5255658030509949,0.5695918202400208,0.04220513626933098,0.6604280471801758,0.6296274065971375,0.6649443507194519,0.48689213395118713,0.1276862770318985,0.538416862487793,0.5850645303726196,0.03915028274059296,0.6659216284751892,0.6358340382575989,0.677069365978241,0.46854543685913086,0.1378341168165207,0.8586142659187317,1.0295178890228271,-0.1495685875415802,0.6372085809707642,0.7949404120445251,1.0508732795715332,0.1499129831790924,0.6471285820007324,0.7812644243240356,1.1623586416244507,-0.2053561955690384,0.37757429480552673,0.7203980088233948,1.215291142463684,0.11850367486476898,0.1917770951986313,0.8049681782722473,1.449126958847046,-0.04703216627240181,0.10993403196334839,0.7389034032821655,1.477006435394287,0.17359516024589539,0.06252691894769669,0.8372713327407837,1.5075910091400146,-0.031188204884529114,0.19415056705474854,0.7588123679161072,1.5260868072509766,0.17817583680152893,0.10888155549764633,0.7186757922172546,1.4954779148101807,-0.10284458100795746,0.11924552917480469,0.6641155481338501,1.5282102823257446,0.09670065343379974,0.06892664730548859
0.7335036993026733,0.561665952205658,-0.04902391508221626,0.9999280571937561,0.7450113296508789,0.533308207988739,-0.06782878935337067,0.9999053478240967,0.7530762553215027,0.5303776264190674,-0.06792694330215454,0.9999338388442993,0.7617992758750916,0.5278712511062622,-0.06806427985429764,0.9999334216117859,0.7306984663009644,0.5389575362205505,-0.02189091593027115,0.9999132752418518,0.7278414964675903,0.540007472038269,-0.02184641733765602,0.9998931884765625,0.7247727513313293,0.5412627458572388,-0.022024501115083694,0.9998884201049805,0.7870529294013977,0.5295962691307068,-0.10324879735708237,0.9999505281448364,0.7414212226867676,0.5447723269462585,0.13305917382240295,0.999933660030365,0.7532164454460144,0.5798270106315613,-0.04426509886980057,0.9997336268424988,0.7335134148597717,0.5872448086738586,0.01368952076882124,0.999556839466095,0.831479549407959,0.6327987909317017,-0.25471431016921997,0.9981634616851807,0.7561034560203552,0.6841430068016052,0.34442031383514404,0.9959327578544617,0.6690818071365356,0.5808428525924683,-0.3783157467842102,0.9763706922531128,0.6432066559791565,0.7181121110916138,0.4884870648384094,0.3358643651008606,0.5115005373954773,0.5923177599906921,-0.09848152101039886,0.7743750214576721,0.6017895936965942,0.6991960406303406,0.5171390771865845,0.11311926692724228,0.5035125017166138,0.557759165763855,-0.12113450467586517,0.6433678865432739,0.5913357138633728,0.677356481552124,0.5239652991294861,0.11226173490285873,0.5259279012680054,0.5701640248298645,-0.09357496351003647,0.6642147898674011,0.5965545773506165,0.6779888868331909,0.5226910710334778,0.12532298266887665,0.5403624773025513,0.5853877663612366,-0.08470883220434189,0.6682378053665161,0.6032044291496277,0.6868131756782532,0.5051315426826477,0.13597261905670166,0.8704514503479004,1.0313804149627686,-0.1553196758031845,0.6481829285621643,0.7991598844528198,1.0539253950119019,0.15604333579540253,0.6653289794921875,0.8318958282470703,1.2325096130371094,-0.16312046349048615,0.36184513568878174,0.7562316656112671,1.2586191892623901,0.2041306495666504,0.19238823652267456,0.8499208688735962,1.4925062656402588,0.032111577689647675,0.10236301273107529,0.7772083878517151,1.5243099927902222,0.27812087535858154,0.0603821836411953,0.8732627034187317,1.5463283061981201,0.04640211537480354,0.18305207788944244,0.7929045557975769,1.5744074583053589,0.28042107820510864,0.10430295020341873,0.7803667783737183,1.5331181287765503,-0.096036896109581,0.11233632266521454,0.7217093110084534,1.5731865167617798,0.159836083650589,0.06647463142871857
0.733841598033905,0.5612363219261169,-0.05179402232170105,0.9999269247055054,0.74518221616745,0.5329353213310242,-0.0884769856929779,0.9999051690101624,0.7530800700187683,0.5300334692001343,-0.08862822502851486,0.9999330043792725,0.7617829442024231,0.5274719595909119,-0.08862504363059998,0.9999338388442993,0.7313380241394043,0.5382496118545532,-0.022182557731866837,0.9999130964279175,0.7286041975021362,0.5391259789466858,-0.022481368854641914,0.9998916983604431,0.7256635427474976,0.5401732921600342,-0.022402716800570488,0.99988853931427,0.7880989909172058,0.5287081003189087,-0.14816579222679138,0.9999517202377319,0.7440199851989746,0.5424172878265381,0.1300736367702484,0.9999329447746277,0.7536006569862366,0.5793788433074951,-0.06923384219408035,0.9997368454933167,0.7343912720680237,0.586276650428772,0.010777327232062817,0.9995511174201965,0.8313945531845093,0.6328811645507812,-0.30808860063552856,0.9981268644332886,0.7597994208335876,0.6764575242996216,0.34617823362350464,0.996054470539093,0.6729099750518799,0.6156635880470276,-0.3971744179725647,0.9770197868347168,0.6441343426704407,0.7066250443458557,0.5027373433113098,0.35524648427963257,0.5083750486373901,0.5924769639968872,-0.0660724937915802,0.7741529941558838,0.5875512361526489,0.6963698267936707,0.5061131715774536,0.11282294988632202,0.5083475112915039,0.5569363236427307,-0.08287572115659714,0.633419930934906,0.5697823166847229,0.6781556010246277,0.5144125819206238,0.11193972080945969,0.5332165956497192,0.5701801180839539,-0.05895916745066643,0.6525651216506958,0.5748707056045532,0.6781037449836731,0.5005254745483398,0.1259153038263321,0.5478783845901489,0.5851266980171204,-0.05502595752477646,0.6592734456062317,0.5826429128646851,0.6863366961479187,0.48838669061660767,0.13793344795703888,0.8689306974411011,1.0336726903915405,-0.1689731329679489,0.644779622554779,0.7974094748497009,1.0546718835830688,0.17016568779945374,0.6700887680053711,0.8258273005485535,1.275634527206421,-0.16343753039836884,0.3318963646888733,0.7553369402885437,1.2898914813995361,0.29890209436416626,0.17951427400112152,0.8411160707473755,1.5312914848327637,0.024325240403413773,0.09270639717578888,0.7763251662254333,1.555508017539978,0.4081631600856781,0.054907917976379395,0.8632151484489441,1.583339810371399,0.04356042295694351,0.16616249084472656,0.7887570261955261,1.6032569408416748,0.41358813643455505,0.09515922516584396,0.7734859585762024,1.5715882778167725,-0.11755162477493286,0.10202957689762115,0.7299062013626099,1.6100314855575562,0.279852032661438,0.06075882539153099
0.7352409362792969,0.5609085559844971,-0.050403743982315063,0.999927818775177,0.7465456128120422,0.5320205092430115,-0.08439216017723083,0.9999070763587952,0.7541622519493103,0.529036283493042,-0.08454297482967377,0.9999340772628784,0.7625236511230469,0.5263983607292175,-0.08459099382162094,0.999935507774353,0.7330664396286011,0.5373958349227905,-0.02501530572772026,0.9999147057533264,0.730406641960144,0.5381936430931091,-0.025095051154494286,0.9998936057090759,0.7275543212890625,0.539141058921814,-0.025180215016007423,0.9998915791511536,0.7888679504394531,0.5273441076278687,-0.13499541580677032,0.9999537467956543,0.746239423751831,0.5402181148529053,0.1279112994670868,0.9999353289604187,0.7547498941421509,0.578581690788269,-0.06593088060617447,0.9997426271438599,0.735934853553772,0.5856389999389648,0.009374783374369144,0.9995592832565308,0.830346405506134,0.6318862438201904,-0.28052300214767456,0.9981302618980408,0.7653566598892212,0.6733217835426331,0.3353497385978699,0.9960730671882629,0.6721115708351135,0.6268702745437622,-0.36716654896736145,0.9775788187980652,0.6626608371734619,0.7058696746826172,0.4816702902317047,0.3522867262363434,0.5021222829818726,0.5922829508781433,-0.05418991297483444,0.7768330574035645,0.5808578133583069,0.6891869902610779,0.49562573432922363,0.11153236776590347,0.5036623477935791,0.5507046580314636,-0.07953324168920517,0.6346773505210876,0.5613504648208618,0.6697387099266052,0.5016894340515137,0.11173992604017258,0.5280872583389282,0.5657256245613098,-0.048023756593465805,0.6531139016151428,0.5643590688705444,0.6732730865478516,0.48648184537887573,0.12678587436676025,0.5414727330207825,0.5805968046188354,-0.03948553651571274,0.6606419682502747,0.5731937289237976,0.6808457970619202,0.4774714410305023,0.13963103294372559,0.8667477369308472,1.0360549688339233,-0.16743850708007812,0.6656784415245056,0.8008868098258972,1.0560576915740967,0.16832296550273895,0.6912764310836792,0.8203612565994263,1.2744996547698975,-0.11650661379098892,0.31688404083251953,0.7583315372467041,1.3005144596099854,0.24407485127449036,0.17169645428657532,0.8280503153800964,1.5338537693023682,0.073232501745224,0.08525265753269196,0.7656325101852417,1.562435507774353,0.32063478231430054,0.0508311465382576,0.8513902425765991,1.5880281925201416,0.0874672457575798,0.15370255708694458,0.7779672145843506,1.6113871335983276,0.32626742124557495,0.08787423372268677,0.7532068490982056,1.5678675174713135,-0.03606756404042244,0.09427059441804886,0.7111042737960815,1.6086957454681396,0.24370364844799042,0.05642450600862503
0.7361181974411011,0.5610964298248291,-0.03238628804683685,0.9999281764030457,0.7470654845237732,0.5322206020355225,-0.06563227623701096,0.9999089241027832,0.7544408440589905,0.52923983335495,-0.06580144166946411,0.9999347925186157,0.7626953125,0.5265254378318787,-0.06590986996889114,0.9999369978904724,0.7340460419654846,0.5375492572784424,-0.010409574955701828,0.9999160766601562,0.7315243482589722,0.5383166074752808,-0.010459388606250286,0.9998945593833923,0.7288241386413574,0.5392418503761292,-0.010594616644084454,0.9998939037322998,0.7895777821540833,0.5271611213684082,-0.125999316573143,0.9999552965164185,0.7483977675437927,0.5398008823394775,0.12588559091091156,0.9999373555183411,0.7559884786605835,0.5788506865501404,-0.04901048541069031,0.999747633934021,0.7374765872955322,0.5858075618743896,0.022733349353075027,0.9995699524879456,0.8291867971420288,0.632284939289093,-0.26451700925827026,0.9981853365898132,0.767760157585144,0.6716001033782959,0.33041080832481384,0.9961273670196533,0.6715726852416992,0.6354697346687317,-0.3596171736717224,0.9780608415603638,0.6783475279808044,0.709297239780426,0.48692598938941956,0.3415631353855133,0.503205418586731,0.5949491262435913,-0.0005464708665385842,0.7737517952919006,0.5885751843452454,0.7002192735671997,0.5284847617149353,0.10732205212116241,0.5246384143829346,0.5642229914665222,-0.01387262623757124,0.6315011382102966,0.5739126205444336,0.6847695112228394,0.5390945672988892,0.1082725077867508,0.5442405939102173,0.5785375237464905,0.006942885462194681,0.6500643491744995,0.5772044658660889,0.6898449659347534,0.5220246911048889,0.12367787212133408,0.5556200742721558,0.592195451259613,0.012293944135308266,0.6568917036056519,0.5854186415672302,0.6966596841812134,0.5115104913711548,0.13654360175132751,0.8631690144538879,1.0369360446929932,-0.16500045359134674,0.6790392994880676,0.8053296208381653,1.0559346675872803,0.16593042016029358,0.7053234577178955,0.8179078102111816,1.2279183864593506,-0.12564347684383392,0.3215409815311432,0.7589796185493469,1.2651530504226685,0.23012283444404602,0.17303986847400665,0.8214702606201172,1.4930740594863892,0.055768050253391266,0.08560740947723389,0.7612112164497375,1.5194460153579712,0.3029954433441162,0.0510411411523819,0.8448300361633301,1.5478609800338745,0.07051602751016617,0.15637032687664032,0.773929238319397,1.568655014038086,0.31636038422584534,0.088950514793396,0.7523460984230042,1.5290573835372925,-0.009414237923920155,0.09644326567649841,0.7011377811431885,1.5612127780914307,0.2103319615125656,0.05789857357740402
0.7381480932235718,0.5612345337867737,-0.04115740582346916,0.9999234080314636,0.7486773133277893,0.5324528813362122,-0.06695689260959625,0.9999052286148071,0.7557559013366699,0.5294780135154724,-0.06717726588249207,0.9999304413795471,0.7636634707450867,0.5267609357833862,-0.06728541105985641,0.9999347925186157,0.7359265685081482,0.5377886295318604,-0.01735604554414749,0.9999122023582458,0.733390212059021,0.5385729074478149,-0.017380433157086372,0.9998868703842163,0.7306786775588989,0.5395230054855347,-0.017504621297121048,0.9998885989189148,0.7899795770645142,0.527199923992157,-0.13752038776874542,0.9999545812606812,0.749120831489563,0.5401579737663269,0.12419285625219345,0.999934196472168,0.7579113841056824,0.5790678858757019,-0.05328138545155525,0.9997378587722778,0.7395542860031128,0.5859575271606445,0.016855314373970032,0.9995561242103577,0.828438401222229,0.6326501965522766,-0.2877404987812042,0.9981874227523804,0.7673624753952026,0.672282874584198,0.32987481355667114,0.9961544871330261,0.6751796007156372,0.6346351504325867,-0.36094900965690613,0.9783223867416382,0.6838347911834717,0.7166370749473572,0.4995225965976715,0.33514466881752014,0.5489933490753174,0.5969716906547546,0.005438873078674078,0.7686715722084045,0.5910962820053101,0.721368134021759,0.5337070226669312,0.105239637196064,0.5322576761245728,0.5830357074737549,-0.010533995926380157,0.6240727305412292,0.5786715745925903,0.7126293182373047,0.5442916750907898,0.10706167668104172,0.5502310395240784,0.5977643132209778,0.011833050288259983,0.6426550149917603,0.583031952381134,0.7161661386489868,0.5225259065628052,0.12335539609193802,0.5611270666122437,0.609175980091095,0.018983587622642517,0.649858832359314,0.5910162925720215,0.7201172113418579,0.514213502407074,0.13664613664150238,0.8612779378890991,1.0376968383789062,-0.1660594642162323,0.6797226667404175,0.8028643727302551,1.0558948516845703,0.1669478416442871,0.7087807655334473,0.8121652603149414,1.252489447593689,-0.1322101354598999,0.3038173019886017,0.7570275068283081,1.277543306350708,0.24390928447246552,0.16397134959697723,0.8175365328788757,1.5159931182861328,0.05284777283668518,0.07854390889406204,0.7599592208862305,1.5411579608917236,0.3100659251213074,0.04700611159205437,0.8413714170455933,1.5698621273040771,0.06675630062818527,0.14456059038639069,0.7722306847572327,1.591439962387085,0.3140829801559448,0.08230053633451462,0.7446346282958984,1.5526806116104126,-0.022534411400556564,0.08897936344146729,0.7006592750549316,1.5852950811386108,0.2108219861984253,0.053460799157619476
0.7394130229949951,0.5616745352745056,-0.040665410459041595,0.9999083876609802,0.7504182457923889,0.5324991345405579,-0.06893308460712433,0.9998905062675476,0.7577348351478577,0.5295459628105164,-0.06912272423505783,0.9999178051948547,0.7658241987228394,0.52680504322052,-0.0692509263753891,0.9999254941940308,0.7370065450668335,0.5379781723022461,-0.016826776787638664,0.9998975992202759,0.7343062162399292,0.5388306379318237,-0.01678401604294777,0.9998642802238464,0.7314469218254089,0.5399694442749023,-0.016955988481640816,0.9998694658279419,0.7917565703392029,0.5273845195770264,-0.13099201023578644,0.9999496936798096,0.7488937973976135,0.5404051542282104,0.12500180304050446,0.9999212026596069,0.7600318193435669,0.5794737935066223,-0.0531650073826313,0.999699592590332,0.7407110929489136,0.5867263674736023,0.017427342012524605,0.99949711561203,0.8280935287475586,0.6329010128974915,-0.27796751260757446,0.998099148273468,0.7667668461799622,0.672772228717804,0.3394257426261902,0.9960190057754517,0.6837812066078186,0.6389607787132263,-0.3527510464191437,0.9780887365341187,0.6878387331962585,0.7172308564186096,0.5181511044502258,0.3336915969848633,0.559211790561676,0.6199812293052673,0.021175861358642578,0.7584214806556702,0.6035371422767639,0.7189908623695374,0.5668294429779053,0.10209999233484268,0.5565787553787231,0.5963497161865234,0.007703638635575771,0.6109511852264404,0.578330934047699,0.7081679105758667,0.5781387090682983,0.10401594638824463,0.549701452255249,0.6207635402679443,0.025514569133520126,0.6292188763618469,0.5903852581977844,0.7105363607406616,0.561789333820343,0.12030844390392303,0.5610297918319702,0.6305521726608276,0.03363874927163124,0.6364005208015442,0.6011159420013428,0.7154408097267151,0.5492882132530212,0.13375182449817657,0.8624244928359985,1.037858247756958,-0.16442909836769104,0.6781156063079834,0.8018358945846558,1.0560448169708252,0.16525284945964813,0.710801899433136,0.8203185200691223,1.274315357208252,-0.13598766922950745,0.2925439774990082,0.7617579698562622,1.2917587757110596,0.23213455080986023,0.1609734445810318,0.8330671191215515,1.5280327796936035,0.04066934436559677,0.07303927093744278,0.7828216552734375,1.554660439491272,0.297288715839386,0.0437474399805069,0.8534245491027832,1.57896888256073,0.04824937507510185,0.13563522696495056,0.7954173684120178,1.6025112867355347,0.3036086857318878,0.07710029929876328,0.7705826759338379,1.5672129392623901,-0.07040189951658249,0.08301889151334763,0.7368147373199463,1.6014981269836426,0.1846512109041214,0.04957359656691551
0.7412708401679993,0.5626341700553894,-0.11686235666275024,0.9998974800109863,0.7525917291641235,0.5330005884170532,-0.13422854244709015,0.9998712539672852,0.760083794593811,0.530021607875824,-0.13436025381088257,0.9999027252197266,0.7683765292167664,0.5271874070167542,-0.13450896739959717,0.9999118447303772,0.7387071251869202,0.538463294506073,-0.09135039895772934,0.9998835921287537,0.7358489036560059,0.5393145680427551,-0.09133413434028625,0.9998469948768616,0.732908308506012,0.5404789447784424,-0.09149809181690216,0.9998524785041809,0.7942721247673035,0.5274825692176819,-0.13862961530685425,0.9999409914016724,0.7508748173713684,0.5405558347702026,0.06487972289323807,0.9999101161956787,0.762227475643158,0.5809944272041321,-0.109690822660923,0.999643862247467,0.7424434423446655,0.5885873436927795,-0.05281195789575577,0.9994332194328308,0.828876793384552,0.6384838223457336,-0.2736702561378479,0.9977217316627502,0.7665013074874878,0.6797277927398682,0.27853667736053467,0.995809018611908,0.6892895102500916,0.6375320553779602,-0.36944612860679626,0.9778873324394226,0.6810861825942993,0.7157366275787354,0.40248703956604004,0.33077389001846313,0.5545055866241455,0.5922423601150513,-0.07895002514123917,0.7558777928352356,0.5850697755813599,0.698189914226532,0.40910404920578003,0.10372289270162582,0.54229736328125,0.5786439776420593,-0.10173235088586807,0.6088791489601135,0.566339373588562,0.6875619888305664,0.4023475646972656,0.10679056495428085,0.5322889685630798,0.6156904101371765,-0.08430492877960205,0.6282641887664795,0.5808814764022827,0.6799573302268982,0.39699769020080566,0.12421471625566483,0.5420172810554504,0.6290258169174194,-0.07035155594348907,0.635560154914856,0.6017881631851196,0.7088112235069275,0.3936920762062073,0.1369805932044983,0.8611237406730652,1.0468264818191528,-0.1565861999988556,0.6616641879081726,0.7931312322616577,1.0599948167800903,0.15732748806476593,0.6963096857070923,0.8142908811569214,1.2551310062408447,-0.11619140952825546,0.2776293456554413,0.7615875005722046,1.275998830795288,0.2377271205186844,0.1513131856918335,0.8143264055252075,1.5148499011993408,0.08918575942516327,0.06822072714567184,0.7595314979553223,1.5375391244888306,0.32327282428741455,0.041196878999471664,0.836392879486084,1.5690662860870361,0.10503245890140533,0.12749771773815155,0.7719286680221558,1.587091088294983,0.32768696546554565,0.07215320318937302,0.7398484349250793,1.5487092733383179,0.0035612392239272594,0.07860641181468964,0.6997424960136414,1.5832594633102417,0.21852746605873108,0.04718681052327156
0.7407105565071106,0.5665225982666016,-0.11398698389530182,0.9998959898948669,0.7523435354232788,0.5360645055770874,-0.13499464094638824,0.999869704246521,0.7597302198410034,0.5329065918922424,-0.13509830832481384,0.9999006986618042,0.7679198384284973,0.5300476551055908,-0.1352483183145523,0.9999103546142578,0.7388237118721008,0.5419543981552124,-0.09085069596767426,0.9998829364776611,0.7362557649612427,0.542731523513794,-0.09078412503004074,0.999845564365387,0.7336329817771912,0.5438956022262573,-0.09097858518362045,0.9998522400856018,0.7944583892822266,0.5297421216964722,-0.14382842183113098,0.9999406933784485,0.7549787163734436,0.5426943302154541,0.0600522980093956,0.9999100565910339,0.7614690065383911,0.5848162770271301,-0.11095739901065826,0.9996435642242432,0.7423214912414551,0.5927515625953674,-0.052539993077516556,0.9994385838508606,0.8296653628349304,0.6409690380096436,-0.2709892690181732,0.997646152973175,0.7660502195358276,0.6830949187278748,0.2669493556022644,0.9958993792533875,0.6899588704109192,0.6370149254798889,-0.3631656765937805,0.9785706996917725,0.6789283156394958,0.7126743793487549,0.4048832356929779,0.3451337218284607,0.5640793442726135,0.5818243026733398,-0.0566219687461853,0.7562268376350403,0.6021417379379272,0.6983249187469482,0.4325721263885498,0.11031831055879593,0.5414959788322449,0.5711204409599304,-0.07528946548700333,0.605814516544342,0.5807520151138306,0.687475860118866,0.43007731437683105,0.11307229846715927,0.5506236553192139,0.5929390788078308,-0.08074425160884857,0.6246296763420105,0.591567873954773,0.6802043914794922,0.4245874881744385,0.13143061101436615,0.5613508224487305,0.6066219806671143,-0.056202761828899384,0.633939802646637,0.6090015769004822,0.7053306102752686,0.4182308614253998,0.14441707730293274,0.8598071336746216,1.050426721572876,-0.14589087665081024,0.6746673583984375,0.7858511209487915,1.0626987218856812,0.1466936469078064,0.7092336416244507,0.8115020990371704,1.2780787944793701,-0.09442325681447983,0.26250356435775757,0.759993851184845,1.295531988143921,0.23362727463245392,0.1434856355190277,0.8150752186775208,1.5350679159164429,0.0888986587524414,0.06250355392694473,0.758610725402832,1.5545604228973389,0.31487518548965454,0.03794359788298607,0.837252140045166,1.5884047746658325,0.10189561545848846,0.11735175549983978,0.7712271809577942,1.6016923189163208,0.3181542158126831,0.06626414507627487,0.7429400682449341,1.56939697265625,-0.0089275436475873,0.07216740399599075,0.7040863633155823,1.6037615537643433,0.20809337496757507,0.043393515050411224
0.7409091591835022,0.5688032507896423,-0.1131763607263565,0.9998975396156311,0.7527897357940674,0.5383328795433044,-0.13266578316688538,0.9998700022697449,0.7601589560508728,0.5351244211196899,-0.1327662318944931,0.9999006986618042,0.7683748602867126,0.5323324203491211,-0.13290299475193024,0.9999099969863892,0.7390343546867371,0.5447536706924438,-0.08841409534215927,0.9998841881752014,0.7363396883010864,0.5457878708839417,-0.08837277442216873,0.9998472929000854,0.7335082292556763,0.5473863482475281,-0.08855166286230087,0.9998541474342346,0.795225203037262,0.5318339467048645,-0.13936194777488708,0.9999412894248962,0.7543954253196716,0.5460537672042847,0.06618566811084747,0.9999116063117981,0.7617210149765015,0.5871036052703857,-0.1091030091047287,0.9996462464332581,0.7426722049713135,0.5955474376678467,-0.05056700110435486,0.9994479417800903,0.8310597538948059,0.642066240310669,-0.27020591497421265,0.9975854158401489,0.7658552527427673,0.6883659958839417,0.27435368299484253,0.9959983229637146,0.6928659081459045,0.6365535259246826,-0.3520050644874573,0.979051411151886,0.6783634424209595,0.7394220232963562,0.3991985321044922,0.3593687415122986,0.5630838871002197,0.5813950896263123,-0.027123238891363144,0.7557231187820435,0.6100571155548096,0.6986637711524963,0.4138338565826416,0.11702648550271988,0.5397156476974487,0.5708129405975342,-0.042912520468235016,0.6017376780509949,0.5810275673866272,0.6806381940841675,0.40767034888267517,0.11931198835372925,0.5518525838851929,0.5890533924102783,-0.04180540144443512,0.6207008957862854,0.5984524488449097,0.6805152297019958,0.40789395570755005,0.1386020928621292,0.5498892664909363,0.6074790358543396,-0.023996612057089806,0.6318106055259705,0.6131280660629272,0.7005959153175354,0.4013431668281555,0.15142343938350677,0.8593761324882507,1.0540177822113037,-0.14618125557899475,0.6752418279647827,0.7845216393470764,1.0659035444259644,0.14696438610553741,0.7114168405532837,0.8073208928108215,1.2661234140396118,-0.10757974535226822,0.25289425253868103,0.7540509104728699,1.292589545249939,0.23243756592273712,0.13647443056106567,0.8101227879524231,1.5302538871765137,0.07472718507051468,0.05816785618662834,0.7509486675262451,1.555106282234192,0.30692940950393677,0.03538263589143753,0.8338114023208618,1.587967038154602,0.08803214132785797,0.11072798073291779,0.7641099691390991,1.6054319143295288,0.31026434898376465,0.061561036854982376,0.7314060926437378,1.5613040924072266,-0.0162383783608675,0.06759621202945709,0.691398024559021,1.6002049446105957,0.20466113090515137,0.040595658123493195
0.7409183382987976,0.5701626539230347,-0.1463824212551117,0.9999019503593445,0.752878725528717,0.539881706237793,-0.1610216200351715,0.9998745918273926,0.7603096961975098,0.5364916324615479,-0.16109129786491394,0.9999037384986877,0.7686583995819092,0.5335432887077332,-0.16111798584461212,0.999912679195404,0.7389605641365051,0.5469695329666138,-0.11671439558267593,0.999889075756073,0.7362105846405029,0.5482675433158875,-0.11663776636123657,0.999853789806366,0.7332900762557983,0.5501855611801147,-0.11683794111013412,0.9998605251312256,0.795904278755188,0.5327635407447815,-0.14835740625858307,0.9999438524246216,0.7543139457702637,0.5486848950386047,0.05797171592712402,0.999915599822998,0.7620982527732849,0.5883240103721619,-0.13740244507789612,0.9996638298034668,0.7432523965835571,0.5970557332038879,-0.07819114625453949,0.9994775056838989,0.8325344324111938,0.6430056691169739,-0.27902698516845703,0.9977138638496399,0.7660554647445679,0.6916319727897644,0.27235040068626404,0.9962652325630188,0.6950570344924927,0.6360772848129272,-0.40754443407058716,0.9805986285209656,0.6778964400291443,0.7294922471046448,0.34832727909088135,0.3925049304962158,0.5603494644165039,0.5922690033912659,-0.1287558376789093,0.7709484696388245,0.6112573742866516,0.703136682510376,0.30476635694503784,0.13687868416309357,0.5234363079071045,0.5701061487197876,-0.15697206556797028,0.6162591576576233,0.5813825130462646,0.6791770458221436,0.2935100197792053,0.13473768532276154,0.5388692617416382,0.5909825563430786,-0.12919753789901733,0.6337445974349976,0.5931366682052612,0.6791210174560547,0.2974347174167633,0.15509232878684998,0.5406767129898071,0.6071303486824036,-0.11695005744695663,0.6456300020217896,0.5955504179000854,0.6881751418113708,0.2921053171157837,0.16999860107898712,0.8588294982910156,1.057861566543579,-0.144318625330925,0.6946190595626831,0.7809235453605652,1.070381999015808,0.14531148970127106,0.7291775941848755,0.8139416575431824,1.292588710784912,-0.11277109384536743,0.23595577478408813,0.7538855671882629,1.3117029666900635,0.25217726826667786,0.12715888023376465,0.8209694027900696,1.5501054525375366,0.06783832609653473,0.05289856344461441,0.753667950630188,1.5684508085250854,0.36133629083633423,0.032227106392383575,0.8431497812271118,1.6026400327682495,0.08141525089740753,0.10084913671016693,0.7649695873260498,1.615966796875,0.3678690493106842,0.056151438504457474,0.7513062357902527,1.5871105194091797,-0.05488859489560127,0.06145637482404709,0.7067168951034546,1.615906000137329,0.23104646801948547,0.037002723664045334
0.7415374517440796,0.5702255964279175,-0.13659408688545227,0.9999047517776489,0.7539185285568237,0.5400243997573853,-0.15062029659748077,0.9998769760131836,0.7616446018218994,0.536641001701355,-0.15072694420814514,0.9999047517776489,0.7702971696853638,0.5336675643920898,-0.15078088641166687,0.9999141693115234,0.7394561767578125,0.5471696853637695,-0.10571769624948502,0.9998924732208252,0.7365492582321167,0.5485307574272156,-0.10562648624181747,0.9998577833175659,0.7334541082382202,0.5505331158638,-0.10583428293466568,0.9998650550842285,0.7970789670944214,0.5331339836120605,-0.14774881303310394,0.9999446868896484,0.7539697885513306,0.5502044558525085,0.06601430475711823,0.9999169707298279,0.7632001638412476,0.5884872078895569,-0.1283714771270752,0.9996738433837891,0.7439769506454468,0.5971612334251404,-0.06876970827579498,0.9994935989379883,0.8347365260124207,0.6436223983764648,-0.27849280834198,0.9977259039878845,0.7660186886787415,0.6963558793067932,0.2764887511730194,0.9964345693588257,0.6973043084144592,0.63373202085495,-0.3882996141910553,0.9816885590553284,0.6753484606742859,0.7277771830558777,0.3217415511608124,0.42547404766082764,0.565199613571167,0.5828359723091125,-0.08555194735527039,0.7777370810508728,0.6111422777175903,0.7096021771430969,0.20360299944877625,0.15227939188480377,0.5277267694473267,0.5699691772460938,-0.10715709626674652,0.6143816113471985,0.5855846405029297,0.6890701651573181,0.18174020946025848,0.14500899612903595,0.5389971137046814,0.5930200219154358,-0.08329214155673981,0.6305570602416992,0.5952000617980957,0.686288058757782,0.19128131866455078,0.1656743288040161,0.5415951609611511,0.6073248386383057,-0.07392774522304535,0.6453478932380676,0.6011139154434204,0.6951239109039307,0.1912393718957901,0.18202723562717438,0.8587042689323425,1.0570987462997437,-0.14346569776535034,0.7035552263259888,0.7795038819313049,1.0696138143539429,0.1444619745016098,0.7382896542549133,0.8155630826950073,1.287731409072876,-0.1354471743106842,0.22060202062129974,0.7530593276023865,1.305987000465393,0.2630201578140259,0.12023412436246872,0.8248330354690552,1.5461195707321167,0.014525838196277618,0.04820221662521362,0.7556043863296509,1.5644856691360474,0.36676350235939026,0.029514992609620094,0.8463774919509888,1.5987358093261719,0.02243967540562153,0.09206623584032059,0.7661222815513611,1.6116197109222412,0.37228840589523315,0.05151001736521721,0.7573337554931641,1.5830810070037842,-0.1247178316116333,0.056037403643131256,0.7143337726593018,1.612905740737915,0.23540501296520233,0.0339362733066082
0.7414382100105286,0.5714930891990662,-0.12755687534809113,0.9999060034751892,0.753784716129303,0.5412159562110901,-0.14441703259944916,0.999879002571106,0.7615348100662231,0.5376875400543213,-0.14450642466545105,0.9999049305915833,0.770203709602356,0.5345982909202576,-0.1446218192577362,0.999915599822998,0.7392710447311401,0.5487958788871765,-0.10301153361797333,0.9998949766159058,0.7363427877426147,0.5503200888633728,-0.10307233035564423,0.9998592734336853,0.733223557472229,0.5525080561637878,-0.10321667045354843,0.999867856502533,0.7971627712249756,0.5339115262031555,-0.14674106240272522,0.999945342540741,0.753560483455658,0.5530043840408325,0.08431349694728851,0.9999173879623413,0.7631452083587646,0.5896150469779968,-0.12106543779373169,0.999683141708374,0.7440197467803955,0.5987282991409302,-0.06542070209980011,0.9995045065879822,0.8358361124992371,0.644331693649292,-0.27549755573272705,0.9978014826774597,0.7665844559669495,0.6983498334884644,0.3034146726131439,0.9966192245483398,0.6988284587860107,0.6328916549682617,-0.38146811723709106,0.9828229546546936,0.6740372776985168,0.7257331609725952,0.3668568432331085,0.4536615014076233,0.5675311088562012,0.5836797952651978,-0.07346240431070328,0.7892400622367859,0.6110820770263672,0.731674313545227,0.31760308146476746,0.17609553039073944,0.531417727470398,0.5748493671417236,-0.09254781901836395,0.6229954361915588,0.5856868624687195,0.716353178024292,0.308819442987442,0.16287299990653992,0.5483206510543823,0.5935570001602173,-0.07963234931230545,0.637596070766449,0.5861261487007141,0.6995222568511963,0.3100753426551819,0.18454208970069885,0.5420496463775635,0.6087923645973206,-0.06551890075206757,0.6542401909828186,0.6013491153717041,0.7191641926765442,0.30467894673347473,0.20358149707317352,0.8589290380477905,1.0565979480743408,-0.14363090693950653,0.7199714183807373,0.7800965905189514,1.0690830945968628,0.14454910159111023,0.7538647651672363,0.8202075958251953,1.2890236377716064,-0.14770187437534332,0.20575310289859772,0.7550346851348877,1.3074983358383179,0.27694910764694214,0.1141224354505539,0.8316070437431335,1.545403242111206,0.0016973030287772417,0.04378267377614975,0.7638606429100037,1.564687967300415,0.38884681463241577,0.026901092380285263,0.8518962860107422,1.5963375568389893,0.009811378084123135,0.08375200629234314,0.773343026638031,1.6108691692352295,0.3959191143512726,0.04700307175517082,0.7688781023025513,1.584336519241333,-0.13279958069324493,0.05091879516839981,0.7262028455734253,1.6131888628005981,0.26239725947380066,0.03093971684575081
0.741305410861969,0.5715624690055847,-0.13087502121925354,0.9999108910560608,0.7536322474479675,0.5413950681686401,-0.1433744579553604,0.9998844265937805,0.761433482170105,0.5378658175468445,-0.14347735047340393,0.9999090433120728,0.7701312303543091,0.5347578525543213,-0.14355672895908356,0.9999192357063293,0.7391024231910706,0.5490279793739319,-0.10046223551034927,0.9999003410339355,0.7361946105957031,0.55061274766922,-0.10043124854564667,0.9998667240142822,0.7331270575523376,0.5528764128684998,-0.1006215438246727,0.9998747706413269,0.7971206307411194,0.5341071486473083,-0.13140423595905304,0.9999479651451111,0.7531057596206665,0.5544708967208862,0.08440490812063217,0.9999213218688965,0.7630025148391724,0.5896846652030945,-0.12047405540943146,0.999700665473938,0.7439091801643372,0.5988335013389587,-0.0632219910621643,0.9995308518409729,0.8368812799453735,0.6442379355430603,-0.2601587772369385,0.9979186058044434,0.7661279439926147,0.6996983289718628,0.298614501953125,0.9968209862709045,0.6999331712722778,0.6320245862007141,-0.3982509970664978,0.9839385151863098,0.6733731031417847,0.7256662249565125,0.277037650346756,0.476919561624527,0.5645294785499573,0.5795403122901917,-0.1350749433040619,0.799336850643158,0.6098562479019165,0.737353503704071,0.08425373584032059,0.19501227140426636,0.5286480784416199,0.5747363567352295,-0.16256657242774963,0.6299663186073303,0.5857294797897339,0.7207513451576233,0.05427398532629013,0.17699113488197327,0.5425773859024048,0.5945041179656982,-0.13339081406593323,0.6437922120094299,0.5862413048744202,0.7128158807754517,0.06233422830700874,0.19907130300998688,0.5426806211471558,0.6084907054901123,-0.12253923714160919,0.661416232585907,0.6015965342521667,0.7241747379302979,0.07015388458967209,0.22033622860908508,0.8599240183830261,1.0557364225387573,-0.14025387167930603,0.7379932999610901,0.7803529500961304,1.068657398223877,0.14113110303878784,0.7700499296188354,0.820297122001648,1.2810885906219482,-0.14666590094566345,0.20023052394390106,0.7549806833267212,1.3019237518310547,0.268612802028656,0.11074823141098022,0.8306852579116821,1.5395164489746094,0.0070732394233345985,0.040434181690216064,0.7637681365013123,1.5590708255767822,0.3783647418022156,0.02496669813990593,0.8519893884658813,1.5911955833435059,0.015497979708015919,0.0773315504193306,0.7719857692718506,1.6058822870254517,0.38529354333877563,0.043547362089157104,0.7641597986221313,1.5773307085037231,-0.12437949329614639,0.04670925810933113,0.7209596633911133,1.606202483177185,0.22461166977882385,0.02850380167365074
0.7414980530738831,0.5715809464454651,-0.10814370214939117,0.9999112486839294,0.7538289427757263,0.5414950847625732,-0.11834128201007843,0.9998838901519775,0.7616034150123596,0.537967324256897,-0.1184772253036499,0.9999077916145325,0.7702057361602783,0.5348486304283142,-0.11856512725353241,0.9999191761016846,0.7391852140426636,0.549185037612915,-0.07429980486631393,0.9999009370803833,0.736255943775177,0.5508037805557251,-0.07421760261058807,0.999866783618927,0.7331414818763733,0.5531170964241028,-0.07444898039102554,0.9998757839202881,0.7969775795936584,0.5342106223106384,-0.10242018848657608,0.9999474287033081,0.7528367638587952,0.5553115606307983,0.1089567169547081,0.9999202489852905,0.7630602121353149,0.5896710753440857,-0.09773241728544235,0.9997023940086365,0.744096577167511,0.5989850163459778,-0.03894773870706558,0.9995306730270386,0.8365659713745117,0.6431242823600769,-0.24439780414104462,0.9980005025863647,0.7667010426521301,0.7003408074378967,0.32320672273635864,0.9969567656517029,0.699964165687561,0.6314135789871216,-0.3924297094345093,0.984903872013092,0.6742811799049377,0.724920392036438,0.31342726945877075,0.4999454915523529,0.564517617225647,0.5785322189331055,-0.10219905525445938,0.8072728514671326,0.6098121404647827,0.7398471236228943,0.234788179397583,0.21477912366390228,0.5286686420440674,0.5743443965911865,-0.12564437091350555,0.6342856884002686,0.5867234468460083,0.7224096059799194,0.21880240738391876,0.19098901748657227,0.5454869866371155,0.592851459980011,-0.09889388829469681,0.64707350730896,0.5819295644760132,0.7112481594085693,0.2198454588651657,0.21353010833263397,0.542981743812561,0.6092960238456726,-0.08984287083148956,0.6658934950828552,0.5940839052200317,0.7087140679359436,0.220378115773201,0.23634038865566254,0.8597124218940735,1.053636074066162,-0.14071360230445862,0.7552148103713989,0.7805408239364624,1.0681170225143433,0.1415606290102005,0.785572350025177,0.8196964263916016,1.277085542678833,-0.1508653312921524,0.1976829171180725,0.7556737661361694,1.2992668151855469,0.2637785077095032,0.11053523421287537,0.8296377062797546,1.5359140634536743,-0.006267971359193325,0.03758261352777481,0.7628746628761292,1.5562509298324585,0.35990944504737854,0.02340831235051155,0.8509088754653931,1.5879170894622803,0.0017805105308070779,0.07205409556627274,0.7715948820114136,1.603305459022522,0.36530613899230957,0.040824033319950104,0.7628058195114136,1.5733579397201538,-0.13542549312114716,0.04312044382095337,0.7184644341468811,1.6025105714797974,0.22483070194721222,0.026420386508107185
0.741441547870636,0.5723159313201904,-0.09743557125329971,0.9999076128005981,0.7537631392478943,0.5423170328140259,-0.11227069050073624,0.9998788237571716,0.7613692879676819,0.5386070609092712,-0.1123809665441513,0.9999037384986877,0.7696453928947449,0.5353676080703735,-0.11248143017292023,0.9999154210090637,0.7391003966331482,0.5501741766929626,-0.06775157153606415,0.9998970627784729,0.7362035512924194,0.5517759919166565,-0.06769711524248123,0.9998624920845032,0.7331427335739136,0.5540781021118164,-0.06790059059858322,0.999872624874115,0.7965444326400757,0.5343958139419556,-0.10693076997995377,0.9999451041221619,0.753587543964386,0.5557234883308411,0.10508020967245102,0.9999189972877502,0.7625924348831177,0.5901042222976685,-0.0910007581114769,0.9996929168701172,0.744081974029541,0.5999040007591248,-0.03134071081876755,0.9995205402374268,0.835038959980011,0.6408948302268982,-0.23998212814331055,0.9981028437614441,0.7701355814933777,0.6998996734619141,0.31822705268859863,0.9970578551292419,0.7017641067504883,0.6224822402000427,-0.38660311698913574,0.9859466552734375,0.6779851317405701,0.7553514242172241,0.40837231278419495,0.5156912207603455,0.5631698369979858,0.58772212266922,-0.12921471893787384,0.8198506236076355,0.6131895780563354,0.733618438243866,0.4185478687286377,0.2316344529390335,0.5259374380111694,0.5739367604255676,-0.1584348976612091,0.6515979170799255,0.5865012407302856,0.705146849155426,0.4188644289970398,0.20351432263851166,0.5435051918029785,0.5932339429855347,-0.1264694184064865,0.6631165742874146,0.5831401348114014,0.6953151226043701,0.4185400605201721,0.226096510887146,0.5433058738708496,0.6085828542709351,-0.11536650359630585,0.679943323135376,0.5913320779800415,0.6918163299560547,0.40751105546951294,0.24843254685401917,0.8593621253967285,1.0484288930892944,-0.14107845723628998,0.7731524705886841,0.7826306819915771,1.064605951309204,0.14187870919704437,0.800560474395752,0.8194360733032227,1.2764133214950562,-0.12117348611354828,0.2052624523639679,0.7553049921989441,1.2974398136138916,0.23960044980049133,0.11322803050279617,0.8248538970947266,1.5354535579681396,0.04145047813653946,0.03731594234704971,0.7610161304473877,1.554337978363037,0.30768924951553345,0.023478396236896515,0.8462345004081726,1.5873583555221558,0.05384308099746704,0.07254605740308762,0.7708142399787903,1.6015703678131104,0.31105300784111023,0.04032422974705696,0.7571443915367126,1.5683947801589966,-0.06000523641705513,0.042279016226530075,0.7138026356697083,1.6015284061431885,0.1849440038204193,0.02596104145050049
0.7410570383071899,0.5730389952659607,-0.056006330996751785,0.9999091625213623,0.7531408071517944,0.5431755185127258,-0.07792254537343979,0.9998798966407776,0.7606192231178284,0.5392168164253235,-0.07800896465778351,0.999904215335846,0.7686087489128113,0.5358362793922424,-0.07805858552455902,0.9999161958694458,0.7389469742774963,0.5514589548110962,-0.028398901224136353,0.9998980164527893,0.7361408472061157,0.5531346797943115,-0.02833167091012001,0.9998639822006226,0.7330971956253052,0.5555092096328735,-0.02852562628686428,0.9998754262924194,0.7959129810333252,0.534542441368103,-0.09942902624607086,0.9999448657035828,0.7538999915122986,0.5561895370483398,0.12984079122543335,0.9999209642410278,0.7616735696792603,0.5907805562019348,-0.05931773781776428,0.9996920824050903,0.7440335154533386,0.6007544994354248,0.0070682973600924015,0.9995236992835999,0.8346464037895203,0.6399192810058594,-0.23467493057250977,0.9982280135154724,0.7749640941619873,0.6994863152503967,0.3493042588233948,0.9971931576728821,0.7008410692214966,0.5879001617431641,-0.3778783082962036,0.986925482749939,0.6829021573066711,0.7724469304084778,0.517062246799469,0.5375080108642578,0.5632991790771484,0.5979223251342773,-0.12067480385303497,0.8336085677146912,0.6031987071037292,0.7178032994270325,0.5948721170425415,0.2577474117279053,0.5260151624679565,0.5760658383369446,-0.1508168876171112,0.6736576557159424,0.5868895649909973,0.7004546523094177,0.6068504452705383,0.22359643876552582,0.5443196296691895,0.5981989502906799,-0.11636631190776825,0.6838950514793396,0.5857357978820801,0.6908485889434814,0.6041463017463684,0.24720023572444916,0.5462130308151245,0.6084727048873901,-0.1059468612074852,0.6985992789268494,0.5925098657608032,0.6872420907020569,0.5839588046073914,0.2693113386631012,0.8592303991317749,1.0481746196746826,-0.14316271245479584,0.7850812673568726,0.7859062552452087,1.0647772550582886,0.1440257728099823,0.810854971408844,0.8199254870414734,1.2745064496994019,-0.10487594455480576,0.20394819974899292,0.760012149810791,1.2969660758972168,0.23792776465415955,0.11386538296937943,0.8276113271713257,1.5334508419036865,0.07965924590826035,0.035249728709459305,0.7663780450820923,1.553902268409729,0.3116148114204407,0.02242363803088665,0.8490870594978333,1.5855903625488281,0.09360133856534958,0.0691104307770729,0.7772445678710938,1.601056456565857,0.31544700264930725,0.0385478176176548,0.7606515884399414,1.5672215223312378,-0.019216405227780342,0.04004956781864166,0.7186620831489563,1.6003159284591675,0.19053612649440765,0.024748634546995163
0.7410125732421875,0.5736179351806641,-0.04205450043082237,0.999909520149231,0.7528843879699707,0.5440589785575867,-0.06472522020339966,0.9998809099197388,0.7601749300956726,0.5399550795555115,-0.06482328474521637,0.9999045729637146,0.767846405506134,0.536475419998169,-0.06487210094928741,0.9999169707298279,0.7388757467269897,0.5523541569709778,-0.01567522995173931,0.999898374080658,0.7360869646072388,0.5539953708648682,-0.015599124133586884,0.9998639822006226,0.7331025004386902,0.5563157796859741,-0.015780802816152573,0.9998763203620911,0.7953130006790161,0.534691572189331,-0.09222860634326935,0.999944806098938,0.7550040483474731,0.5563907027244568,0.13555476069450378,0.9999218583106995,0.761174201965332,0.5912808179855347,-0.04676910862326622,0.9996904134750366,0.7441626787185669,0.6011665463447571,0.01886383630335331,0.999521017074585,0.8340862393379211,0.6373226046562195,-0.2267424613237381,0.9983322620391846,0.777651846408844,0.697670578956604,0.3476698100566864,0.9972503185272217,0.7002412676811218,0.577017605304718,-0.3621412217617035,0.9876971244812012,0.69029700756073,0.7677172422409058,0.5075450539588928,0.551717221736908,0.5639508962631226,0.5985129475593567,-0.11662532389163971,0.846055805683136,0.6154264211654663,0.7177620530128479,0.562515914440155,0.27924248576164246,0.5314786434173584,0.5735986828804016,-0.14724236726760864,0.6942052245140076,0.5878015756607056,0.6951471567153931,0.5741033554077148,0.2403693050146103,0.5450416803359985,0.597710371017456,-0.11239869892597198,0.7033231258392334,0.5893751382827759,0.6865842342376709,0.5646058917045593,0.2645955979824066,0.5493584871292114,0.6078265905380249,-0.10167346894741058,0.7162317633628845,0.5935465097427368,0.6832262277603149,0.5490354299545288,0.286584734916687,0.854857325553894,1.01698637008667,-0.14373447000980377,0.7975574731826782,0.7893204092979431,1.0623242855072021,0.14459392428398132,0.820636510848999,0.8194568753242493,1.2655102014541626,-0.1173340454697609,0.2043011337518692,0.761072039604187,1.2943230867385864,0.235879585146904,0.11385275423526764,0.828125,1.526214838027954,0.04915459081530571,0.033312346786260605,0.7673441171646118,1.551578164100647,0.30562034249305725,0.021323656663298607,0.8494285345077515,1.5775847434997559,0.061505027115345,0.0658840462565422,0.7787166237831116,1.597978115081787,0.30927127599716187,0.03660672903060913,0.7632609009742737,1.5603331327438354,-0.046448223292827606,0.03780333697795868,0.720046877861023,1.5962345600128174,0.18796685338020325,0.02340763807296753
0.7409951090812683,0.5755433440208435,-0.03921863064169884,0.9999011754989624,0.7529646158218384,0.5455909967422485,-0.05558764934539795,0.9998704791069031,0.7601324319839478,0.5413322448730469,-0.05565357208251953,0.9998953342437744,0.7678298950195312,0.5376701354980469,-0.0557897686958313,0.9999099969863892,0.7396297454833984,0.5536132454872131,-0.013355073519051075,0.9998899102210999,0.7371339797973633,0.5550516843795776,-0.013262735679745674,0.9998525381088257,0.7344878911972046,0.557068407535553,-0.013509683310985565,0.9998683333396912,0.7952348589897156,0.5353915691375732,-0.05906281992793083,0.999937117099762,0.7565878629684448,0.5572023391723633,0.13693587481975555,0.9999154210090637,0.760665774345398,0.5944072604179382,-0.03623342886567116,0.9996623396873474,0.7441824674606323,0.6027488112449646,0.02049308642745018,0.9994716644287109,0.8413600921630859,0.6342122554779053,-0.17021040618419647,0.9982941746711731,0.7771539092063904,0.6872528791427612,0.3443632423877716,0.9972127079963684,0.7146473526954651,0.5853186845779419,-0.27760034799575806,0.9880362153053284,0.6876317262649536,0.7105549573898315,0.48711666464805603,0.5719576478004456,0.5847856998443604,0.5675691962242126,0.004557325970381498,0.8464213609695435,0.6034430861473083,0.6991803646087646,0.5475878715515137,0.2889305055141449,0.5483416318893433,0.560001790523529,-0.009195413440465927,0.6889621019363403,0.5915436148643494,0.6789320111274719,0.552118182182312,0.2452056109905243,0.5530540347099304,0.5881412029266357,0.019437063485383987,0.6973504424095154,0.5940588116645813,0.6722021102905273,0.5523901581764221,0.2688259482383728,0.5549368858337402,0.5927942395210266,0.018377646803855896,0.7112461924552917,0.6032183170318604,0.669386625289917,0.5383500456809998,0.29110637307167053,0.85444176197052,1.0015949010849,-0.1290181428194046,0.8101537823677063,0.7891028523445129,1.0439525842666626,0.129647895693779,0.8315650224685669,0.8205186724662781,1.2604283094406128,-0.11628618091344833,0.20340374112129211,0.7602325081825256,1.2815120220184326,0.20384550094604492,0.11523720622062683,0.8279852867126465,1.5149235725402832,0.017791569232940674,0.031312644481658936,0.767119288444519,1.5412551164627075,0.2617890238761902,0.020174982026219368,0.8493784666061401,1.5603734254837036,0.024259615689516068,0.061941735446453094,0.7778879404067993,1.585157871246338,0.2626916170120239,0.034213002771139145,0.76673424243927,1.5594184398651123,-0.10348929464817047,0.03520128130912781,0.7221189141273499,1.5936025381088257,0.12957192957401276,0.02175253815948963
0.7414458394050598,0.5780286192893982,-0.04520628601312637,0.9998788833618164,0.7535864114761353,0.5482266545295715,-0.06221403926610947,0.999845564365387,0.7604690790176392,0.5436984300613403,-0.062298644334077835,0.999874472618103,0.7679280042648315,0.5396604537963867,-0.062480371445417404,0.999893069267273,0.740898072719574,0.5564966201782227,-0.020742274820804596,0.9998689889907837,0.7386142611503601,0.5579314827919006,-0.020662836730480194,0.9998244047164917,0.7361916303634644,0.5596470236778259,-0.020893728360533714,0.9998455047607422,0.795174777507782,0.5366045832633972,-0.067960724234581,0.999922513961792,0.7569402456283569,0.5606420040130615,0.130910724401474,0.9999011158943176,0.7606493830680847,0.597019374370575,-0.042107269167900085,0.9996020197868347,0.7445940375328064,0.6045646071434021,0.013648638501763344,0.9993764162063599,0.8449288606643677,0.6305587291717529,-0.17337863147258759,0.9981845617294312,0.7772687673568726,0.6789408326148987,0.31715017557144165,0.9969735741615295,0.7175620794296265,0.5899645686149597,-0.27841925621032715,0.9882828593254089,0.6879775524139404,0.6819693446159363,0.4714433252811432,0.5856891870498657,0.5855279564857483,0.556503415107727,0.003088669152930379,0.843246579170227,0.6041340827941895,0.6752740144729614,0.533674418926239,0.28737393021583557,0.5487090349197388,0.5510464310646057,-0.009810405783355236,0.6789575219154358,0.5942612886428833,0.6566423773765564,0.5369399189949036,0.24151556193828583,0.5527133941650391,0.5780727863311768,0.018031548708677292,0.6866887807846069,0.5970401763916016,0.6502297520637512,0.5398898124694824,0.26420000195503235,0.5564129948616028,0.5832316875457764,0.01708688773214817,0.7004783749580383,0.6075188517570496,0.6501833200454712,0.5254804491996765,0.2853681445121765,0.8548452258110046,0.9994055032730103,-0.12584906816482544,0.8216677308082581,0.7905033826828003,1.038537859916687,0.12624546885490417,0.8409330248832703,0.8233388066291809,1.2342320680618286,-0.11268551647663116,0.22025300562381744,0.7614494562149048,1.2609695196151733,0.20216023921966553,0.12856657803058624,0.8282535672187805,1.4935439825057983,0.020661553367972374,0.0333564318716526,0.766520619392395,1.5201524496078491,0.2590424418449402,0.021988164633512497,0.8492312431335449,1.5424078702926636,0.028580356389284134,0.06646189838647842,0.7775813937187195,1.564758062362671,0.2606169879436493,0.03591696172952652,0.7660440802574158,1.536859393119812,-0.09474163502454758,0.03583746775984764,0.7212716937065125,1.5714259147644043,0.13956476747989655,0.021968595683574677
0.7420984506607056,0.5792709589004517,-0.036283351480960846,0.9998819231987,0.7541882991790771,0.5496566295623779,-0.05630166456103325,0.9998502731323242,0.7608033418655396,0.5450400710105896,-0.05635875463485718,0.9998781681060791,0.7680239081382751,0.540810227394104,-0.05650501698255539,0.9998965263366699,0.7423831224441528,0.5574542284011841,-0.011249514296650887,0.9998723864555359,0.7405211925506592,0.5585829019546509,-0.011140353977680206,0.9998287558555603,0.7385588884353638,0.5599461197853088,-0.011371507309377193,0.9998502135276794,0.7951997518539429,0.5368873476982117,-0.07299783825874329,0.9999247193336487,0.7586665153503418,0.5605652332305908,0.1371147781610489,0.9999038577079773,0.7606626152992249,0.598627507686615,-0.03815643861889839,0.9996141195297241,0.7456812858581543,0.6049292087554932,0.022356858476996422,0.9993934035301208,0.8483826518058777,0.6271393299102783,-0.18570703268051147,0.9982444047927856,0.7772623300552368,0.6734971404075623,0.32221120595932007,0.9970638751983643,0.7172041535377502,0.5920111536979675,-0.28785377740859985,0.9888344407081604,0.6872156858444214,0.6742225289344788,0.5010809898376465,0.6062066555023193,0.5876582860946655,0.5510056018829346,0.015353100374341011,0.8445297479629517,0.6041862368583679,0.6687437295913696,0.5733952522277832,0.28784385323524475,0.5518394708633423,0.545150637626648,0.0014544643927365541,0.6749290227890015,0.5945814847946167,0.6490539312362671,0.5789920687675476,0.23874467611312866,0.5524245500564575,0.570152997970581,0.028711672872304916,0.6815745830535889,0.5977861285209656,0.6425563097000122,0.5800536870956421,0.2608253061771393,0.5569133162498474,0.5762034058570862,0.029323071241378784,0.6953959465026855,0.6082304120063782,0.6432036757469177,0.5640000104904175,0.2820700407028198,0.8559510111808777,0.9937698841094971,-0.1282242238521576,0.8337883949279785,0.7933429479598999,1.033460021018982,0.12873013317584991,0.8518423438072205,0.8341151475906372,1.238222599029541,-0.12482359260320663,0.2244136780500412,0.7670609951019287,1.2639962434768677,0.20142292976379395,0.13504508137702942,0.84050053358078,1.4973214864730835,-0.012450824491679668,0.032397180795669556,0.7722557783126831,1.5233248472213745,0.2514471709728241,0.021693846210837364,0.859880268573761,1.546404242515564,-0.007065949030220509,0.06484836339950562,0.7827655076980591,1.5685139894485474,0.2513265013694763,0.035096049308776855,0.7825270891189575,1.53717839717865,-0.14048798382282257,0.03434156998991966,0.7333337664604187,1.5723599195480347,0.11891542375087738,0.02101770229637623
0.7420501112937927,0.5801504254341125,-0.039081744849681854,0.9998641014099121,0.7541652321815491,0.5510740876197815,-0.061422038823366165,0.9998317360877991,0.760696291923523,0.5464982390403748,-0.0614856481552124,0.9998618960380554,0.7676911950111389,0.5421371459960938,-0.06162606552243233,0.9998844861984253,0.7422723770141602,0.5585240721702576,-0.014432316645979881,0.9998548626899719,0.7403677701950073,0.5597543120384216,-0.0143303032964468,0.9998044371604919,0.7383450269699097,0.5609152317047119,-0.0145737798884511,0.9998327493667603,0.7951708436012268,0.5376644134521484,-0.08140328526496887,0.9999127388000488,0.7584630846977234,0.5612079501152039,0.13299447298049927,0.9998897910118103,0.7599478363990784,0.5997345447540283,-0.04359812289476395,0.9995710849761963,0.7456563711166382,0.6053017973899841,0.01926463469862938,0.9993173480033875,0.850174069404602,0.625134289264679,-0.1979171335697174,0.9982537627220154,0.7768892049789429,0.6704336404800415,0.3230968713760376,0.9970889091491699,0.722201943397522,0.5935987830162048,-0.28883853554725647,0.9893770813941956,0.6829075813293457,0.6707814931869507,0.5023687481880188,0.6294076442718506,0.5847927927970886,0.5508047342300415,-0.010518780909478664,0.8462291359901428,0.6043695211410522,0.6580601334571838,0.5656027793884277,0.29585763812065125,0.5495979189872742,0.5453506112098694,-0.027950385585427284,0.6704944968223572,0.5957031846046448,0.6455930471420288,0.5722116231918335,0.2404773235321045,0.5522159337997437,0.565417468547821,0.0007397844456136227,0.6751407384872437,0.5988496541976929,0.6391968131065369,0.5706115961074829,0.26172491908073425,0.5567561984062195,0.571850061416626,0.003763571847230196,0.6893683075904846,0.6089633107185364,0.6398563385009766,0.5552712678909302,0.2834240198135376,0.8586972951889038,0.9973663091659546,-0.13336461782455444,0.8470811247825623,0.7936546206474304,1.0342973470687866,0.13391223549842834,0.8636435270309448,0.8407783508300781,1.2412151098251343,-0.12485617399215698,0.21725061535835266,0.7708089351654053,1.265882134437561,0.24598979949951172,0.13218951225280762,0.8505193591117859,1.497685194015503,-0.001429421012289822,0.03016192652285099,0.7782865762710571,1.5251078605651855,0.3608143925666809,0.020447490736842155,0.8694924116134644,1.5488266944885254,0.006474679801613092,0.06064551696181297,0.7884910702705383,1.5706822872161865,0.3674904704093933,0.03317471966147423,0.7935034036636353,1.5464332103729248,-0.1270325630903244,0.03180733695626259,0.7422738075256348,1.5756014585494995,0.22783386707305908,0.019546395167708397
0.7437787055969238,0.579591691493988,-0.043490223586559296,0.999847948551178,0.7576421499252319,0.5494748950004578,-0.06376557052135468,0.9998100996017456,0.7640096545219421,0.5449607372283936,-0.06383736431598663,0.9998446106910706,0.7706710696220398,0.5407571792602539,-0.0639958307147026,0.9998700022697449,0.7455601692199707,0.5571525692939758,-0.018439210951328278,0.9998393654823303,0.7434653043746948,0.558429479598999,-0.018337687477469444,0.9997833371162415,0.7411498427391052,0.5596540570259094,-0.01858139969408512,0.9998159408569336,0.7974585294723511,0.5371893644332886,-0.07778681814670563,0.9999001622200012,0.7601231336593628,0.5606672167778015,0.1307479441165924,0.9998781681060791,0.7605832815170288,0.5996568202972412,-0.04500614106655121,0.9995269775390625,0.7462480664253235,0.6049104928970337,0.01581878773868084,0.9992509484291077,0.8535556793212891,0.6227909922599792,-0.18440566956996918,0.9981244206428528,0.776796281337738,0.6699026823043823,0.3221055865287781,0.9969664216041565,0.727425217628479,0.5912852883338928,-0.27103930711746216,0.9893392324447632,0.6820858716964722,0.6708422303199768,0.49035000801086426,0.6462438106536865,0.5893236398696899,0.5485913753509521,0.040668588131666183,0.8364800810813904,0.6045140027999878,0.6583549380302429,0.5542430281639099,0.29758110642433167,0.5522498488426208,0.54426509141922,0.030857954174280167,0.6503398418426514,0.5968809723854065,0.6425700783729553,0.5589863657951355,0.2382224053144455,0.5531983375549316,0.5635949969291687,0.0587259903550148,0.6541366577148438,0.6074580550193787,0.6364527940750122,0.565587043762207,0.2583601772785187,0.5581880807876587,0.5709486603736877,0.05556054785847664,0.6695839762687683,0.6099594831466675,0.637742280960083,0.5477911829948425,0.27972689270973206,0.8617132902145386,0.9917222857475281,-0.13153231143951416,0.8546456098556519,0.7977866530418396,1.0308994054794312,0.13201457262039185,0.8707157373428345,0.8403051495552063,1.2336660623550415,-0.1282922923564911,0.22914864122867584,0.775787889957428,1.2591465711593628,0.24204151332378387,0.14163504540920258,0.8508084416389465,1.4926549196243286,-0.010437114164233208,0.030533645302057266,0.783369243144989,1.5204440355300903,0.3477290868759155,0.020908797159790993,0.8707505464553833,1.5433323383331299,-0.00340858893468976,0.06184002757072449,0.7944512963294983,1.566646695137024,0.3552435338497162,0.0334649384021759,0.789697527885437,1.540574550628662,-0.13057073950767517,0.03094128705561161,0.742720365524292,1.5713361501693726,0.22411954402923584,0.018946964293718338
0.746177613735199,0.57912278175354,-0.05063524842262268,0.999843955039978,0.7619954943656921,0.5486565232276917,-0.06712103635072708,0.9998013377189636,0.7686108946800232,0.5443348288536072,-0.06716758012771606,0.9998369812965393,0.7752929925918579,0.540279746055603,-0.06735371798276901,0.9998640418052673,0.7493923902511597,0.5559285283088684,-0.025370974093675613,0.9998326301574707,0.7469154000282288,0.5571593046188354,-0.02519473060965538,0.9997738599777222,0.7443540096282959,0.5582610964775085,-0.025506917387247086,0.9998098015785217,0.8010557889938354,0.5371028184890747,-0.07875963300466537,0.9998928904533386,0.761935830116272,0.559953510761261,0.12890928983688354,0.999870777130127,0.7620243430137634,0.5995245575904846,-0.04790208861231804,0.999518871307373,0.7472370266914368,0.6043252944946289,0.008901846595108509,0.9992388486862183,0.8576020002365112,0.6226721405982971,-0.1853560209274292,0.9980605244636536,0.7747904658317566,0.6690710186958313,0.3103037476539612,0.9969614148139954,0.7335121631622314,0.5923271179199219,-0.282010018825531,0.9894119501113892,0.6806238293647766,0.7177465558052063,0.43724799156188965,0.6704269647598267,0.613422155380249,0.5514532923698425,0.01574665680527687,0.8278444409370422,0.6047087907791138,0.6541635394096375,0.45494991540908813,0.3046296536922455,0.5781115889549255,0.5446273684501648,0.0019701682031154633,0.6303894519805908,0.6065995097160339,0.6377117037773132,0.4482872486114502,0.23898053169250488,0.5673107504844666,0.5647823214530945,0.02904777228832245,0.6325604319572449,0.6138185858726501,0.633281409740448,0.4622771739959717,0.25775590538978577,0.5829550623893738,0.5733104944229126,0.02949756756424904,0.6502280831336975,0.6260901689529419,0.6343960165977478,0.4495212137699127,0.2804374396800995,0.867485523223877,0.9933730363845825,-0.13060976564884186,0.8584058880805969,0.7980970740318298,1.0315622091293335,0.13118824362754822,0.8750131130218506,0.8457341194152832,1.2451673746109009,-0.12521521747112274,0.22387957572937012,0.7753694653511047,1.2601007223129272,0.23946750164031982,0.14006134867668152,0.8581940531730652,1.4991629123687744,-0.003309848252683878,0.028676027432084084,0.784618079662323,1.5229318141937256,0.33309245109558105,0.019727569073438644,0.8766837120056152,1.5456398725509644,0.003479019505903125,0.05794660001993179,0.7946227192878723,1.567805528640747,0.338201105594635,0.031563594937324524,0.8016217350959778,1.553412675857544,-0.14173446595668793,0.028767568990588188,0.7511866092681885,1.5782999992370605,0.2170579731464386,0.017658116295933723
0.7489460706710815,0.5784991979598999,-0.051481641829013824,0.9998273253440857,0.7653006315231323,0.5479861497879028,-0.06677292287349701,0.9997705817222595,0.7718831896781921,0.5438858270645142,-0.0668390691280365,0.9998100996017456,0.7784103155136108,0.539946973323822,-0.06700154393911362,0.9998431205749512,0.7526756525039673,0.5546448230743408,-0.026210686191916466,0.9998081922531128,0.7502322793006897,0.555698037147522,-0.026053085923194885,0.9997398257255554,0.7472575306892395,0.5566524863243103,-0.02636144496500492,0.9997844099998474,0.8024885058403015,0.5369669198989868,-0.06789009273052216,0.9998716115951538,0.7626135349273682,0.559490442276001,0.12659287452697754,0.9998509287834167,0.7633833885192871,0.5990546345710754,-0.04861524701118469,0.9994689226150513,0.7484937310218811,0.6028382778167725,0.008702270686626434,0.9991788268089294,0.8580724596977234,0.6211772561073303,-0.17083263397216797,0.9977816343307495,0.7716931104660034,0.6648579239845276,0.2911621928215027,0.9967724680900574,0.7510043978691101,0.5591374039649963,-0.2719241976737976,0.9895234107971191,0.6792725920677185,0.6611350178718567,0.42430633306503296,0.6932517886161804,0.6200336813926697,0.5411252379417419,0.016419604420661926,0.8200436234474182,0.6040956974029541,0.6415034532546997,0.4623582363128662,0.30839741230010986,0.5838989019393921,0.539187490940094,0.002718427451327443,0.6131462454795837,0.6060038208961487,0.6252514719963074,0.45771628618240356,0.2378803938627243,0.5731428265571594,0.5611294507980347,0.029416048899292946,0.613631546497345,0.6289210915565491,0.6327089071273804,0.4663512110710144,0.25546231865882874,0.5882595777511597,0.5703935623168945,0.029523739591240883,0.6337487697601318,0.6272494196891785,0.6264054775238037,0.45488548278808594,0.27894675731658936,0.8667701482772827,0.9899472594261169,-0.12228675931692123,0.8636417984962463,0.79669189453125,1.0290473699569702,0.12288416922092438,0.879906952381134,0.8476886749267578,1.2469381093978882,-0.12051191180944443,0.21694569289684296,0.7745926976203918,1.2620347738265991,0.23834750056266785,0.13762860000133514,0.8601452708244324,1.5002853870391846,-0.009842289611697197,0.026817062869668007,0.7862328886985779,1.523672103881836,0.3286893367767334,0.018691573292016983,0.8772627711296082,1.5459709167480469,-0.006940822117030621,0.05434895306825638,0.795681357383728,1.5691536664962769,0.33274325728416443,0.02977829985320568,0.8100002408027649,1.5585787296295166,-0.15849290788173676,0.026821361854672432,0.759475588798523,1.5827269554138184,0.21173524856567383,0.016575604677200317
0.7520708441734314,0.5760747194290161,-0.05291237309575081,0.9997966289520264,0.7685950994491577,0.5457404851913452,-0.06930189579725266,0.9997367858886719,0.7749658226966858,0.5419300198554993,-0.06936666369438171,0.9997803568840027,0.7814100980758667,0.5381680727005005,-0.06956537067890167,0.9998199343681335,0.7564953565597534,0.5516892671585083,-0.02968359924852848,0.9997805953025818,0.7544636726379395,0.5524662137031555,-0.029567593708634377,0.9997001886367798,0.7521475553512573,0.5530337691307068,-0.029884064570069313,0.9997544288635254,0.8040343523025513,0.5358125567436218,-0.07682733237743378,0.9998517036437988,0.7643080949783325,0.5575476288795471,0.11279816925525665,0.9998309016227722,0.765335738658905,0.5969512462615967,-0.05112195760011673,0.9993942975997925,0.7513949871063232,0.5994799733161926,0.004164285026490688,0.9990829229354858,0.8568259477615356,0.6196346282958984,-0.1762823611497879,0.9973835945129395,0.7733237743377686,0.663222074508667,0.29139941930770874,0.9964331388473511,0.7462040781974792,0.5551741719245911,-0.2801668047904968,0.9891180396080017,0.6848201751708984,0.6478620767593384,0.43164604902267456,0.7032644748687744,0.6197980642318726,0.5363828539848328,0.019654106348752975,0.8078314661979675,0.6331652998924255,0.6389144062995911,0.5063205361366272,0.30324649810791016,0.5851064920425415,0.5328384637832642,0.0073272050358355045,0.5951589941978455,0.6054800748825073,0.616411566734314,0.5073520541191101,0.2317000776529312,0.5766497254371643,0.5590088963508606,0.03316987305879593,0.5950350165367126,0.6336766481399536,0.6256147623062134,0.5135073065757751,0.24859575927257538,0.5922577381134033,0.5688027143478394,0.03313170373439789,0.6153585910797119,0.6410862803459167,0.6269847750663757,0.49836868047714233,0.2714157998561859,0.8712695240974426,1.0004684925079346,-0.12278296053409576,0.8655865788459778,0.7972630262374878,1.0295674800872803,0.12358172982931137,0.8820555806159973,0.8470823168754578,1.239362120628357,-0.12031380832195282,0.22035817801952362,0.7752343416213989,1.257757306098938,0.2415904700756073,0.14126333594322205,0.8601863980293274,1.4944024085998535,-0.00854703038930893,0.02661288157105446,0.7896749973297119,1.516414999961853,0.3460195064544678,0.018847988918423653,0.8783577680587769,1.5402582883834839,-0.006333636585623026,0.05374604091048241,0.8005427122116089,1.5595500469207764,0.35166531801223755,0.02965785749256611,0.8075782656669617,1.5506782531738281,-0.14738412201404572,0.026182619854807854,0.7595981359481812,1.575714349746704,0.2242296189069748,0.01618918403983116
0.7558494806289673,0.5746827721595764,-0.025137251242995262,0.9997951984405518,0.7727044820785522,0.5438162088394165,-0.03859923779964447,0.9997302889823914,0.7788432240486145,0.5405619144439697,-0.038685012608766556,0.9997733235359192,0.7850341200828552,0.5372220277786255,-0.03889060765504837,0.9998147487640381,0.7602370381355286,0.5489528179168701,-0.00043548288522288203,0.9997762441635132,0.7580971121788025,0.549726665019989,-0.0004036206810269505,0.9996945261955261,0.7557858228683472,0.5502594709396362,-0.0007664094446226954,0.9997521042823792,0.8061848878860474,0.5356108546257019,-0.04199032485485077,0.9998447895050049,0.7658078074455261,0.5567305088043213,0.13770700991153717,0.9998300671577454,0.7691735029220581,0.5961331725120544,-0.023753514513373375,0.9993897080421448,0.7545229196548462,0.5978285670280457,0.027862217277288437,0.999097466468811,0.8566457629203796,0.6189520955085754,-0.15120632946491241,0.9970908164978027,0.7733935117721558,0.6623222827911377,0.29766032099723816,0.9963264465332031,0.7416276335716248,0.5565225481987,-0.24985067546367645,0.9891796708106995,0.6837204694747925,0.6428350806236267,0.4042513370513916,0.7208611965179443,0.6158581972122192,0.5318810343742371,0.03331904858350754,0.8044533133506775,0.6200028657913208,0.6350753903388977,0.401674747467041,0.31378936767578125,0.5797587037086487,0.5271037817001343,0.02083335444331169,0.5896467566490173,0.6048550009727478,0.6170877814292908,0.3921816051006317,0.23636846244335175,0.5902987718582153,0.539444625377655,0.04858430474996567,0.5887240767478943,0.6239373087882996,0.6168083548545837,0.4045805335044861,0.25228267908096313,0.6055458188056946,0.549256443977356,0.047219328582286835,0.6086369156837463,0.6356334686279297,0.620220959186554,0.39411985874176025,0.27486810088157654,0.8718290328979492,1.0057542324066162,-0.12259958684444427,0.8715524673461914,0.7971867918968201,1.0304172039031982,0.12307716906070709,0.8877516388893127,0.845563530921936,1.2368571758270264,-0.102442666888237,0.23812729120254517,0.7746423482894897,1.2575494050979614,0.24213144183158875,0.14877282083034515,0.857870876789093,1.4928175210952759,0.01775292307138443,0.0277395062148571,0.7877542972564697,1.5161439180374146,0.35031944513320923,0.019725237041711807,0.8762482404708862,1.5382450819015503,0.021992117166519165,0.05476586893200874,0.7985626459121704,1.5592677593231201,0.3564090132713318,0.030022451654076576,0.8041402697563171,1.5488156080245972,-0.11382027715444565,0.02628595195710659,0.7553087472915649,1.573778510093689,0.22563433647155762,0.01615346409380436
0.7557708024978638,0.565470814704895,-0.031043345108628273,0.999806821346283,0.7739595770835876,0.5346444249153137,-0.03835757076740265,0.9997448325157166,0.7802151441574097,0.5318216681480408,-0.038457997143268585,0.9997853636741638,0.786441445350647,0.529194712638855,-0.03864390030503273,0.9998238682746887,0.7605775594711304,0.542495846748352,-0.002951169852167368,0.9997889995574951,0.7583132982254028,0.5440093874931335,-0.0029830187559127808,0.9997144937515259,0.7559030652046204,0.5453512668609619,-0.003297462360933423,0.9997681379318237,0.8063505291938782,0.5322880148887634,-0.020879218354821205,0.9998493790626526,0.7658084630966187,0.5522887110710144,0.1394030600786209,0.9998400807380676,0.7690538763999939,0.588353157043457,-0.025025859475135803,0.9994027018547058,0.7543836832046509,0.59347003698349,0.023435499519109726,0.9991374015808105,0.8560633659362793,0.6183353066444397,-0.1335463672876358,0.9970031380653381,0.769699215888977,0.6605952382087708,0.2943285405635834,0.9961971640586853,0.7506691813468933,0.5598520636558533,-0.26420655846595764,0.9887813925743103,0.6751274466514587,0.6865512728691101,0.2674209475517273,0.7285476326942444,0.6142576932907104,0.5310560464859009,-0.10633327811956406,0.8114439845085144,0.6089810132980347,0.6247982382774353,0.13883523643016815,0.3398505747318268,0.5778602361679077,0.5235512256622314,-0.13260647654533386,0.60442054271698,0.6047838926315308,0.6092380285263062,0.11277751624584198,0.25685566663742065,0.5858192443847656,0.5394572019577026,-0.10281946510076523,0.6040314435958862,0.6314541101455688,0.5969721078872681,0.13507938385009766,0.2722955048084259,0.5985100269317627,0.550759494304657,-0.09284801781177521,0.6200617551803589,0.6338376998901367,0.6111017465591431,0.13377583026885986,0.29141125082969666,0.8717471361160278,1.0077930688858032,-0.1167050153017044,0.879383385181427,0.7947968244552612,1.0304104089736938,0.1167781725525856,0.894697368144989,0.8432445526123047,1.2006258964538574,-0.05777599290013313,0.2619374990463257,0.7742075324058533,1.225262999534607,0.24403885006904602,0.15181578695774078,0.853907585144043,1.4562008380889893,0.13292096555233002,0.03364156186580658,0.779719889163971,1.473012924194336,0.37492209672927856,0.0237378291785717,0.8738827705383301,1.5052063465118408,0.14689907431602478,0.06200963258743286,0.7904201745986938,1.5162843465805054,0.3835617005825043,0.033293090760707855,0.7965845465660095,1.4963852167129517,0.03281949833035469,0.03138434514403343,0.7387884855270386,1.5221761465072632,0.26599928736686707,0.019408129155635834
0.756640613079071,0.5595500469207764,-0.02341851219534874,0.9998108744621277,0.7761721014976501,0.5278294086456299,-0.024454522877931595,0.9997427463531494,0.7838822603225708,0.5252343416213989,-0.024584181606769562,0.9997852444648743,0.7898797988891602,0.5232828259468079,-0.02478962391614914,0.9998204708099365,0.7629746794700623,0.5345333814620972,0.00828569009900093,0.9997884035110474,0.7585742473602295,0.5371717810630798,0.008184213191270828,0.9997215867042542,0.7553635835647583,0.5414990782737732,0.007852507755160332,0.9997718334197998,0.8080379366874695,0.5295099020004272,0.0041666640900075436,0.9998457431793213,0.7663401365280151,0.5477679967880249,0.15366396307945251,0.9998427033424377,0.7689599394798279,0.5836662650108337,-0.012083351612091064,0.9993699789047241,0.7541223168373108,0.5869883298873901,0.03160429745912552,0.9991134405136108,0.8555495142936707,0.6185970306396484,-0.11643723398447037,0.9966778755187988,0.7643007636070251,0.657391369342804,0.2928645610809326,0.9958716630935669,0.7639597654342651,0.5570940375328064,-0.26154667139053345,0.9882287979125977,0.6571131944656372,0.6906578540802002,0.20836181938648224,0.7401778101921082,0.6127614378929138,0.5327324271202087,-0.09359318017959595,0.8087946176528931,0.6034612655639648,0.6093417406082153,0.031074631959199905,0.35808444023132324,0.5758599042892456,0.5257757306098938,-0.1172313541173935,0.6022477149963379,0.6168614625930786,0.5855409502983093,-0.001947475946508348,0.27121472358703613,0.5838073492050171,0.541228711605072,-0.0837884321808815,0.6022319793701172,0.6303500533103943,0.5785030722618103,0.02286769077181816,0.28595197200775146,0.6005646586418152,0.5457115173339844,-0.07825268059968948,0.6149978637695312,0.6349277496337891,0.590843915939331,0.026295509189367294,0.30168086290359497,0.8710933923721313,1.011676549911499,-0.11647751182317734,0.8839896321296692,0.7920432686805725,1.0307399034500122,0.11645152419805527,0.9000229835510254,0.8398634195327759,1.18196439743042,-0.06654419004917145,0.2856326699256897,0.7721278071403503,1.2162175178527832,0.20481963455677032,0.15941433608531952,0.8464702367782593,1.434911847114563,0.13892382383346558,0.042140159755945206,0.7714566588401794,1.452724575996399,0.3649722933769226,0.027110211551189423,0.8677816390991211,1.4839365482330322,0.15584637224674225,0.07614969462156296,0.7829598784446716,1.4954960346221924,0.3670955300331116,0.038643479347229004,0.7829754948616028,1.4784222841262817,0.06674455106258392,0.038315512239933014,0.7173269987106323,1.5008662939071655,0.2594089210033417,0.02251707762479782
0.7571179270744324,0.5494861602783203,-0.11551176011562347,0.9997882843017578,0.7767742872238159,0.5178728699684143,-0.11374954879283905,0.9996954202651978,0.7847365736961365,0.5154500007629395,-0.11391043663024902,0.9997520446777344,0.7909327149391174,0.5140083432197571,-0.11410772800445557,0.9997818470001221,0.7632666826248169,0.5241175889968872,-0.0798504576086998,0.9997467398643494,0.7584561705589294,0.5268457531929016,-0.08001281321048737,0.999689519405365,0.7551471590995789,0.5297558903694153,-0.08027336746454239,0.9997317790985107,0.8098235130310059,0.5198714733123779,-0.062143512070178986,0.9998061656951904,0.7672287225723267,0.5362110733985901,0.08888976275920868,0.9998027086257935,0.7689932584762573,0.5726833939552307,-0.09537361562252045,0.9991820454597473,0.7540389895439148,0.5750989317893982,-0.05035353824496269,0.998889684677124,0.8527449369430542,0.6171554327011108,-0.1745109260082245,0.9964028000831604,0.7584413290023804,0.648276686668396,0.23437397181987762,0.9956104159355164,0.7614063024520874,0.556079089641571,-0.33708590269088745,0.9866203665733337,0.6512735486030579,0.6908961534500122,0.15466848015785217,0.7396665811538696,0.6145272254943848,0.5303503274917603,-0.21259169280529022,0.8062390089035034,0.5993291735649109,0.5995218753814697,-0.03865567222237587,0.3731914162635803,0.5773366689682007,0.5252367854118347,-0.2510199546813965,0.6018385887145996,0.6208621263504028,0.5681520700454712,-0.07624552398920059,0.28513336181640625,0.5810697674751282,0.5363913774490356,-0.2258857786655426,0.6028891801834106,0.6027055978775024,0.5656843185424805,-0.0590241476893425,0.29993388056755066,0.5999544262886047,0.5473247170448303,-0.2015276700258255,0.6119266748428345,0.6350280046463013,0.5730381608009338,-0.04608583450317383,0.31278491020202637,0.8708899617195129,1.0130378007888794,-0.11735252290964127,0.8850852847099304,0.7895419597625732,1.027294635772705,0.11732836067676544,0.9034335017204285,0.8387012481689453,1.1381233930587769,-0.05136309191584587,0.279768705368042,0.7725328803062439,1.1528879404067993,0.23496897518634796,0.15419134497642517,0.8468490839004517,1.353484869003296,0.2394409477710724,0.04644694924354553,0.7685974836349487,1.377423882484436,0.4484245181083679,0.030732616782188416,0.8678320646286011,1.3968344926834106,0.2660568058490753,0.08592741936445236,0.7781869173049927,1.4178345203399658,0.46651625633239746,0.04665669426321983,0.7916352152824402,1.3841021060943604,0.17763477563858032,0.04291814938187599,0.7160370945930481,1.425255298614502,0.3757057785987854,0.026891697198152542
0.756606936454773,0.5469579100608826,-0.14133471250534058,0.9997360110282898,0.7758195996284485,0.5149098038673401,-0.13898655772209167,0.9996224641799927,0.7836183309555054,0.5123001337051392,-0.13911834359169006,0.9996887445449829,0.7899492383003235,0.5108550786972046,-0.1392754465341568,0.9997202754020691,0.7627689838409424,0.5217632055282593,-0.10424737632274628,0.9996924996376038,0.7581114768981934,0.524042010307312,-0.10438500344753265,0.999636709690094,0.7544122338294983,0.5264936685562134,-0.1046723946928978,0.9996785521507263,0.8097659349441528,0.5165677666664124,-0.08416064828634262,0.9997507333755493,0.7645257711410522,0.5338136553764343,0.07487596571445465,0.9997438788414001,0.7685375213623047,0.5706346035003662,-0.11975157260894775,0.9988821148872375,0.7535033226013184,0.5723143815994263,-0.07362915575504303,0.9985992908477783,0.8527175188064575,0.6167246103286743,-0.2016572654247284,0.9957321286201477,0.7536195516586304,0.6471298933029175,0.2300143539905548,0.9951223731040955,0.7734947800636292,0.558986485004425,-0.37711891531944275,0.9868370890617371,0.645821213722229,0.6958277225494385,0.08269055187702179,0.7562940716743469,0.622201144695282,0.5257419943809509,-0.21191540360450745,0.8136426210403442,0.6195360422134399,0.5955094695091248,-0.18204627931118011,0.41378486156463623,0.5764146447181702,0.5265575051307678,-0.24480871856212616,0.6121690273284912,0.6209989786148071,0.5656569600105286,-0.22986893355846405,0.3186529576778412,0.5788945555686951,0.5329447984695435,-0.21383504569530487,0.6131011843681335,0.5973036289215088,0.566044270992279,-0.19999215006828308,0.33229950070381165,0.5987175703048706,0.5472730994224548,-0.1965526044368744,0.620435357093811,0.6380885243415833,0.5739201307296753,-0.18752560019493103,0.3435504138469696,0.8702479600906372,1.0167182683944702,-0.11743783950805664,0.8926883339881897,0.7837528586387634,1.0273756980895996,0.11755470931529999,0.9106202125549316,0.8474045991897583,1.166215419769287,-0.04032870754599571,0.2886483669281006,0.7741519212722778,1.1840662956237793,0.30110934376716614,0.1564447581768036,0.8541631698608398,1.3996270895004272,0.20633113384246826,0.048232171684503555,0.7695285081863403,1.422829270362854,0.5054271817207336,0.03395402058959007,0.8723762631416321,1.4467570781707764,0.22544391453266144,0.08868379145860672,0.778405487537384,1.4641880989074707,0.5217516422271729,0.05012436956167221,0.8019083142280579,1.4151283502578735,0.1022464781999588,0.04467906057834625,0.7198718786239624,1.4699448347091675,0.404180109500885,0.02875100076198578
0.7575709819793701,0.5450629591941833,-0.12170742452144623,0.9996737837791443,0.778573751449585,0.5123159289360046,-0.12412253767251968,0.9995490908622742,0.785810112953186,0.5101144909858704,-0.12425351142883301,0.9996237754821777,0.7927289009094238,0.508837878704071,-0.12456530332565308,0.9996659159660339,0.7637070417404175,0.5183903574943542,-0.09292187541723251,0.9996326565742493,0.7594640254974365,0.5202966928482056,-0.09274862706661224,0.9995678663253784,0.7546429634094238,0.5228850841522217,-0.09288664907217026,0.9996185898780823,0.8115671873092651,0.5140036940574646,-0.04472221061587334,0.9997011423110962,0.764837384223938,0.5303173661231995,0.08529570698738098,0.9996903538703918,0.7697145938873291,0.5685597658157349,-0.09918182343244553,0.9985901713371277,0.753722071647644,0.5700296759605408,-0.061084359884262085,0.9982752799987793,0.8526521921157837,0.614621102809906,-0.17170783877372742,0.9948997497558594,0.7485276460647583,0.6410385966300964,0.24888542294502258,0.9942416548728943,0.769084632396698,0.551666796207428,-0.36116084456443787,0.9867626428604126,0.6477062702178955,0.6696617007255554,0.15264597535133362,0.7645590901374817,0.6206875443458557,0.5212810635566711,-0.14554961025714874,0.8102172017097473,0.6065328121185303,0.5810099840164185,-0.036694303154945374,0.42834165692329407,0.574405312538147,0.5239143967628479,-0.17188705503940582,0.6042901873588562,0.6057862639427185,0.5634805560112,-0.07459980249404907,0.32711061835289,0.5724757313728333,0.5321874618530273,-0.14223530888557434,0.6052127480506897,0.5935208201408386,0.5578429102897644,-0.05130279064178467,0.34055209159851074,0.5872645378112793,0.5442324280738831,-0.13122180104255676,0.6132248044013977,0.6389166116714478,0.5668520331382751,-0.04318362474441528,0.3518906533718109,0.8696334958076477,1.016008734703064,-0.11803750693798065,0.8995662331581116,0.7819468975067139,1.026490569114685,0.11810620874166489,0.9165724515914917,0.8462198972702026,1.1776022911071777,-0.05564070865511894,0.30168798565864563,0.7718757390975952,1.1929112672805786,0.2932179272174835,0.15958809852600098,0.8539081811904907,1.4088566303253174,0.15563562512397766,0.04858656972646713,0.7683499455451965,1.428416132926941,0.4612288475036621,0.035362355411052704,0.8724883198738098,1.468143343925476,0.17084093391895294,0.09024198353290558,0.777681291103363,1.470333456993103,0.4736398756504059,0.05078112706542015,0.8004621267318726,1.4288604259490967,0.05720929428935051,0.045515671372413635,0.7206392288208008,1.4838392734527588,0.35109472274780273,0.029075946658849716
0.759548008441925,0.5430120825767517,-0.11358654499053955,0.999591588973999,0.7802956700325012,0.5104698538780212,-0.11680074781179428,0.9994584918022156,0.7871322631835938,0.5085389018058777,-0.11693046241998672,0.9995402097702026,0.7942742109298706,0.5073732137680054,-0.11713220179080963,0.9995936155319214,0.765398383140564,0.5160365700721741,-0.08158205449581146,0.9995535016059875,0.761509895324707,0.5179024338722229,-0.08159726113080978,0.9994711875915527,0.7559618949890137,0.5205625891685486,-0.08186598867177963,0.999535858631134,0.8135316967964172,0.5129595994949341,-0.06643393635749817,0.9996386170387268,0.7658272981643677,0.5291875004768372,0.08901207149028778,0.999625027179718,0.771755576133728,0.5673492550849915,-0.09614568948745728,0.99833744764328,0.7551724314689636,0.5686057209968567,-0.05064600706100464,0.9979630708694458,0.8529497981071472,0.6133102774620056,-0.20136268436908722,0.9947324395179749,0.7484272718429565,0.6401543021202087,0.2517704367637634,0.9940613508224487,0.7717840075492859,0.5638116598129272,-0.3980798125267029,0.987384021282196,0.6502202749252319,0.6658738255500793,0.2139846384525299,0.7805348634719849,0.6231499910354614,0.52251136302948,-0.22371923923492432,0.8225579261779785,0.6031133532524109,0.5838614702224731,0.08557385206222534,0.46708640456199646,0.5741180181503296,0.5245119333267212,-0.2556833326816559,0.6241517663002014,0.6089706420898438,0.5629720091819763,0.05820227414369583,0.36107155680656433,0.5720412731170654,0.5334613919258118,-0.22606666386127472,0.6240035891532898,0.5933400392532349,0.5590590238571167,0.07470671832561493,0.3732386529445648,0.5831292271614075,0.5449630618095398,-0.20955559611320496,0.6317510604858398,0.6387238502502441,0.5703471899032593,0.0780394971370697,0.3862919509410858,0.8728418350219727,1.0159131288528442,-0.11827180534601212,0.9067673087120056,0.7824028134346008,1.0263922214508057,0.11834899336099625,0.9230407476425171,0.8634247779846191,1.2315818071365356,-0.043529339134693146,0.28383737802505493,0.7758458852767944,1.243635654449463,0.2690114378929138,0.15658801794052124,0.8775525093078613,1.477643370628357,0.1684960275888443,0.044327445328235626,0.7848321199417114,1.49498450756073,0.4406627118587494,0.03286124765872955,0.8947701454162598,1.5217840671539307,0.18348418176174164,0.08246743679046631,0.794191300868988,1.5359636545181274,0.45232534408569336,0.046804796904325485,0.8313547372817993,1.5377341508865356,0.03636360913515091,0.041748952120542526,0.7576536536216736,1.5565142631530762,0.27154192328453064,0.02675105631351471
0.7619950771331787,0.541997492313385,-0.11608817428350449,0.9995233416557312,0.7832738161087036,0.5097964406013489,-0.10872622579336166,0.9993779063224792,0.7900320887565613,0.5079163312911987,-0.10884346067905426,0.9994576573371887,0.7981328368186951,0.5066118836402893,-0.10902722924947739,0.9995212554931641,0.7665008902549744,0.5159448981285095,-0.08098748326301575,0.9994914531707764,0.7622209787368774,0.5182299613952637,-0.08112771809101105,0.9994056224822998,0.756773829460144,0.5210145115852356,-0.0814816951751709,0.9994819164276123,0.8141056299209595,0.5123749375343323,-0.025633156299591064,0.9995570182800293,0.761526882648468,0.5305408239364624,0.08943349868059158,0.9995532631874084,0.7742719054222107,0.5672422051429749,-0.08886351436376572,0.9979188442230225,0.7562775015830994,0.5683884024620056,-0.05306621640920639,0.9975881576538086,0.8529103994369507,0.6132480502128601,-0.13097155094146729,0.9935957789421082,0.732104480266571,0.6401885747909546,0.21068306267261505,0.9933760762214661,0.7933275699615479,0.5642039179801941,-0.3071581721305847,0.9873237609863281,0.6372997760772705,0.6673500537872314,-0.026153013110160828,0.79633629322052,0.6370230913162231,0.5220445990562439,-0.1767096221446991,0.8333340883255005,0.5994746088981628,0.5882715582847595,-0.2971685230731964,0.5064938068389893,0.578794538974762,0.524772584438324,-0.2060718834400177,0.6416968107223511,0.6216318011283875,0.5621888041496277,-0.34959012269973755,0.39662492275238037,0.5728484392166138,0.5332817435264587,-0.1906650960445404,0.6405053734779358,0.6275108456611633,0.5599855184555054,-0.30671918392181396,0.4067162573337555,0.5866867899894714,0.5461077094078064,-0.16840066015720367,0.6484389901161194,0.6435173749923706,0.5704286098480225,-0.29637888073921204,0.4187307357788086,0.8689777255058289,1.015882968902588,-0.10129654407501221,0.9137325882911682,0.7739651799201965,1.026664137840271,0.10107548534870148,0.9293811917304993,0.8596175312995911,1.2298660278320312,0.019230488687753677,0.29210957884788513,0.7746821045875549,1.2434868812561035,0.2891577482223511,0.16152368485927582,0.871944785118103,1.476535677909851,0.2829471528530121,0.04341035336256027,0.7828329801559448,1.4946287870407104,0.5101333856582642,0.035109300166368484,0.8904072642326355,1.5177658796310425,0.30399173498153687,0.0790315493941307,0.7921472191810608,1.536252737045288,0.5275561809539795,0.046088024973869324,0.8272989392280579,1.5322277545928955,0.1665506809949875,0.04402584955096245,0.7524160146713257,1.5538679361343384,0.3782208561897278,0.027904681861400604
0.7623984813690186,0.5416250824928284,-0.1074221134185791,0.9994814991950989,0.7833693027496338,0.5101592540740967,-0.09096596390008926,0.9993326663970947,0.7901151180267334,0.5081252455711365,-0.09111621975898743,0.9994075894355774,0.7981305122375488,0.5067241787910461,-0.09129326790571213,0.9994856715202332,0.7664569616317749,0.516817033290863,-0.06855817139148712,0.9994601607322693,0.7621986865997314,0.5192496180534363,-0.0686659961938858,0.9993606805801392,0.756966233253479,0.5221035480499268,-0.06913737207651138,0.9994492530822754,0.8143254518508911,0.5122678279876709,-0.012601075693964958,0.9995144605636597,0.7615776062011719,0.531449556350708,0.10824688524007797,0.9995135068893433,0.7748866081237793,0.5667382478713989,-0.07127935439348221,0.9977713227272034,0.7566747665405273,0.5695058107376099,-0.04288104921579361,0.9974581599235535,0.8535979986190796,0.6133905649185181,-0.12600098550319672,0.9927813410758972,0.735966145992279,0.6408353447914124,0.22942814230918884,0.9930050373077393,0.7878406047821045,0.5644502639770508,-0.29373249411582947,0.9875667691230774,0.6411770582199097,0.6680503487586975,0.06132206320762634,0.8116340041160583,0.63370680809021,0.5231338143348694,-0.13407543301582336,0.8420138955116272,0.6367982625961304,0.5846176743507385,-0.1599046289920807,0.5429086089134216,0.5779234766960144,0.528843343257904,-0.15837273001670837,0.6549254059791565,0.6342774629592896,0.5612910389900208,-0.202233225107193,0.4286319315433502,0.5726889967918396,0.5341789722442627,-0.12396980822086334,0.6530153155326843,0.6460917592048645,0.5616772770881653,-0.16571488976478577,0.43694835901260376,0.5861244201660156,0.5463802814483643,-0.11595863103866577,0.6614388227462769,0.6554362177848816,0.571739137172699,-0.1612035036087036,0.44921496510505676,0.8688279390335083,1.0142682790756226,-0.10409285873174667,0.9185836315155029,0.7750301361083984,1.0263561010360718,0.103935107588768,0.9341732263565063,0.8613787889480591,1.2338967323303223,0.004579182714223862,0.290842741727829,0.7779587507247925,1.2502728700637817,0.28996971249580383,0.16098420321941376,0.8760668635368347,1.4863543510437012,0.20002391934394836,0.04065588489174843,0.7893921136856079,1.507148027420044,0.4950735569000244,0.03391466662287712,0.8925520181655884,1.5270907878875732,0.2090286761522293,0.07367001473903656,0.7988296747207642,1.5501145124435425,0.5105482339859009,0.04339025169610977,0.8349930644035339,1.5493358373641968,0.031980205327272415,0.04195041581988335,0.7622270584106445,1.5650402307510376,0.36241239309310913,0.0265777837485075
0.7641597986221313,0.5414435267448425,-0.06705453246831894,0.9994349479675293,0.784608006477356,0.5104200839996338,-0.04529532790184021,0.9992771744728088,0.7929290533065796,0.5081600546836853,-0.04541260749101639,0.9993461966514587,0.8011051416397095,0.5068866610527039,-0.045548953115940094,0.9994432926177979,0.7660694718360901,0.5178560018539429,-0.02663087286055088,0.9994283318519592,0.7619105577468872,0.5201844573020935,-0.02671816572546959,0.9993196129798889,0.7560474276542664,0.5227000117301941,-0.027209382504224777,0.9994258880615234,0.8160171508789062,0.512650191783905,0.049775365740060806,0.9994783997535706,0.7582792043685913,0.5321869254112244,0.145793616771698,0.9994932413101196,0.7765416502952576,0.5672464966773987,-0.030532512813806534,0.9976330995559692,0.7566807270050049,0.5697213411331177,-0.007386013865470886,0.9973479509353638,0.8536621332168579,0.615410566329956,-0.06952168047428131,0.991910457611084,0.7233022451400757,0.6416749358177185,0.23797018826007843,0.9927234053611755,0.7927030920982361,0.5677810907363892,-0.25186973810195923,0.9881560802459717,0.6337423920631409,0.6723955273628235,-0.02691950462758541,0.8284569978713989,0.6310852766036987,0.5212744474411011,-0.09318973124027252,0.8519036769866943,0.6475594639778137,0.5817767977714539,-0.2999134659767151,0.5819991827011108,0.5760699510574341,0.5289599299430847,-0.11273524910211563,0.6699848175048828,0.6441834568977356,0.5566154718399048,-0.35403624176979065,0.4671981930732727,0.5705510377883911,0.5313079357147217,-0.07024244964122772,0.6667512059211731,0.6578999161720276,0.5589783787727356,-0.29397857189178467,0.4730680286884308,0.579163134098053,0.5448535084724426,-0.07211759686470032,0.6768192648887634,0.6659047603607178,0.570112943649292,-0.2936750054359436,0.4860176742076874,0.86663818359375,1.0142827033996582,-0.0945984497666359,0.9237656593322754,0.7655945420265198,1.0298881530761719,0.09459124505519867,0.9390352964401245,0.859250545501709,1.2606282234191895,-0.020391646772623062,0.28619757294654846,0.7660082578659058,1.2794926166534424,0.2836326062679291,0.15577681362628937,0.8730298280715942,1.5177843570709229,0.17937424778938293,0.037044644355773926,0.7881146669387817,1.5405479669570923,0.4733497202396393,0.031118163838982582,0.8897626996040344,1.5600918531417847,0.18383315205574036,0.06718572974205017,0.7973273992538452,1.5828408002853394,0.4875656068325043,0.039518408477306366,0.8308701515197754,1.5879238843917847,-0.0008067160961218178,0.03843434900045395,0.7626831531524658,1.6052114963531494,0.35193103551864624,0.024325329810380936
0.7639800310134888,0.5419614315032959,-0.04527808725833893,0.9994292259216309,0.7840052843093872,0.5107859969139099,-0.029698779806494713,0.999273419380188,0.7921662330627441,0.5085551142692566,-0.029813561588525772,0.9993383884429932,0.8001514673233032,0.5072106122970581,-0.029958218336105347,0.9994446635246277,0.765144944190979,0.5185666680335999,-0.005505546927452087,0.9994307160377502,0.7604571580886841,0.5208675265312195,-0.005503825377672911,0.9993164539337158,0.7545062303543091,0.523367702960968,-0.0059458063915371895,0.9994291663169861,0.8158526420593262,0.5130138993263245,0.04945451021194458,0.9994786977767944,0.7558807134628296,0.5324693322181702,0.1671280562877655,0.9994968175888062,0.7764251232147217,0.5676500797271729,-0.01626485399901867,0.9976468682289124,0.7561067938804626,0.5697335600852966,0.014628782868385315,0.9973737597465515,0.8541582822799683,0.6164105534553528,-0.07464904338121414,0.9916424751281738,0.7274415493011475,0.64240962266922,0.2590274214744568,0.9926075339317322,0.7900781631469727,0.5691942572593689,-0.25198787450790405,0.9885157942771912,0.6361618638038635,0.6733255386352539,0.0521949827671051,0.8420024514198303,0.6305121183395386,0.5219694972038269,-0.08972804993391037,0.8570504784584045,0.6543058156967163,0.5820993781089783,-0.1829002946615219,0.6120184063911438,0.5758601427078247,0.5315636396408081,-0.11096833646297455,0.6753796935081482,0.6505848169326782,0.5583881139755249,-0.23051781952381134,0.49287956953048706,0.5692548155784607,0.5320519208908081,-0.0726548582315445,0.6710035800933838,0.6643835306167603,0.5598113536834717,-0.17906048893928528,0.4965452551841736,0.5789226293563843,0.5450010895729065,-0.07055380940437317,0.6830599904060364,0.6722192764282227,0.5704036951065063,-0.1792006939649582,0.5109043121337891,0.8651663661003113,1.0140321254730225,-0.09529922902584076,0.9284161329269409,0.7635434865951538,1.0312217473983765,0.09541624039411545,0.9432362914085388,0.8584033846855164,1.2667056322097778,-0.034233592450618744,0.2794336974620819,0.7622500658035278,1.2869129180908203,0.2812962830066681,0.14948305487632751,0.8691028356552124,1.5243293046951294,0.11262096464633942,0.033728305250406265,0.7807170748710632,1.5478229522705078,0.4603559970855713,0.028466660529375076,0.8848168253898621,1.5677522420883179,0.11964692920446396,0.061332013458013535,0.7893608212471008,1.5912494659423828,0.47360801696777344,0.03600820153951645,0.8264881372451782,1.5932282209396362,-0.05291811749339104,0.03502018004655838,0.7610060572624207,1.6095764636993408,0.31791967153549194,0.022199369966983795
0.7639235854148865,0.5424796938896179,-0.04769052565097809,0.9993857145309448,0.7838137745857239,0.5115787386894226,-0.03661007434129715,0.9992294907569885,0.7917798757553101,0.5094655752182007,-0.03672868758440018,0.999290943145752,0.7999663949012756,0.5079838037490845,-0.03690895810723305,0.9994159936904907,0.7646912336349487,0.5188242197036743,-0.010326588526368141,0.9993969202041626,0.7600754499435425,0.5210277438163757,-0.010359098203480244,0.9992656707763672,0.7543274164199829,0.5235720872879028,-0.010781294666230679,0.9993929266929626,0.8151004910469055,0.5134070515632629,0.03543169051408768,0.9994474053382874,0.7556794881820679,0.5326882004737854,0.16120591759681702,0.999469518661499,0.7761695384979248,0.5698069334030151,-0.020486930385231972,0.9975141286849976,0.7560612559318542,0.5707199573516846,0.01361851952970028,0.9972593188285828,0.8540045619010925,0.6171659827232361,-0.07927975058555603,0.9909014105796814,0.7300463318824768,0.6426185965538025,0.26022639870643616,0.9920588731765747,0.7901769876480103,0.5672857165336609,-0.2519163191318512,0.988562822341919,0.6368609070777893,0.6627885103225708,0.0604366660118103,0.8520835041999817,0.6369074583053589,0.5210211873054504,-0.08155952394008636,0.8616248965263367,0.6704145669937134,0.5731545686721802,-0.15664228796958923,0.633475661277771,0.5761823654174805,0.5316029787063599,-0.10486062616109848,0.6802657842636108,0.6685875058174133,0.5516049265861511,-0.20098790526390076,0.5067903995513916,0.5728069543838501,0.5324384570121765,-0.06708575785160065,0.6750596165657043,0.6805790662765503,0.556232213973999,-0.15467873215675354,0.5088100433349609,0.5796900987625122,0.5446220636367798,-0.06283865123987198,0.6885732412338257,0.6870691180229187,0.5664147138595581,-0.1544896811246872,0.5244709849357605,0.8646219968795776,1.0139377117156982,-0.09796811640262604,0.9308244585990906,0.76566082239151,1.0317914485931396,0.0980602353811264,0.9455782175064087,0.8572776913642883,1.2577542066574097,-0.04832639545202255,0.27809685468673706,0.7629154920578003,1.2795048952102661,0.2844671607017517,0.14585772156715393,0.8683143854141235,1.5159357786178589,0.10524741560220718,0.03111967444419861,0.7806046605110168,1.5389915704727173,0.47434988617897034,0.026735907420516014,0.8843122720718384,1.5605214834213257,0.11473246663808823,0.05659305304288864,0.78932124376297,1.583069086074829,0.4886566698551178,0.033345721662044525,0.8253494501113892,1.5802220106124878,-0.045549653470516205,0.03272060677409172,0.758125901222229,1.5973962545394897,0.33147990703582764,0.020794466137886047
0.7638744711875916,0.5450320839881897,-0.0687001422047615,0.9992830157279968,0.7836071252822876,0.5126930475234985,-0.05771138146519661,0.9991285800933838,0.7913593053817749,0.510805606842041,-0.05784318968653679,0.9992035031318665,0.7994886636734009,0.5093638896942139,-0.0580131933093071,0.9993472695350647,0.7648192644119263,0.5190531611442566,-0.03006264939904213,0.9993013739585876,0.7602771520614624,0.5211474299430847,-0.030146991834044456,0.9991539716720581,0.7547777891159058,0.5237510204315186,-0.030562549829483032,0.9992856383323669,0.8151338696479797,0.5153356194496155,0.02147286757826805,0.9993977546691895,0.7558760046958923,0.5358436703681946,0.14967861771583557,0.9993879795074463,0.7760283946990967,0.5716844797134399,-0.04084087535738945,0.9972295761108398,0.756480872631073,0.5725249648094177,-0.004656258039176464,0.9968701601028442,0.8539981842041016,0.6229475140571594,-0.10543215274810791,0.9907791018486023,0.7317134737968445,0.6459661722183228,0.24292191863059998,0.9913876056671143,0.7877973318099976,0.5671102404594421,-0.3023081421852112,0.9889195561408997,0.6518269181251526,0.6640827655792236,0.0232168547809124,0.8605574369430542,0.6350482702255249,0.520794153213501,-0.11696624755859375,0.8676623106002808,0.6982599496841431,0.5729284882545471,-0.1882222592830658,0.6486942172050476,0.5759026408195496,0.5316354036331177,-0.14359551668167114,0.6884329319000244,0.702042281627655,0.5501473546028137,-0.23019886016845703,0.5127137899398804,0.5716292262077332,0.5327998399734497,-0.10347894579172134,0.6827321648597717,0.7114404439926147,0.5568011403083801,-0.18415497243404388,0.5134974122047424,0.5797446370124817,0.5448319911956787,-0.09673424810171127,0.6965097188949585,0.7154832482337952,0.5673128962516785,-0.18556885421276093,0.5304905772209167,0.8649601936340332,1.020038366317749,-0.10226611793041229,0.9345972537994385,0.7660759687423706,1.0362379550933838,0.10225194692611694,0.9486170411109924,0.8590282201766968,1.2543106079101562,-0.05561750382184982,0.2731759250164032,0.7659235000610352,1.2764657735824585,0.2839547097682953,0.14063888788223267,0.8700674176216125,1.5151972770690918,0.11749044805765152,0.0288724172860384,0.780592679977417,1.5351144075393677,0.4782070517539978,0.025136496871709824,0.8861230611801147,1.561449408531189,0.12963101267814636,0.05260942876338959,0.7893698215484619,1.5799808502197266,0.4929613471031189,0.031029565259814262,0.8269354104995728,1.5754871368408203,-0.03741349279880524,0.030749933794140816,0.7563961148262024,1.591121792793274,0.3379457890987396,0.0195396039634943
0.764727771282196,0.5490434169769287,-0.04836485534906387,0.9992777109146118,0.7852516174316406,0.5146592855453491,-0.03903114050626755,0.9991324543952942,0.7924208045005798,0.512850821018219,-0.03916606307029724,0.9992034435272217,0.8007467985153198,0.5113268494606018,-0.039292171597480774,0.9993548393249512,0.7661062479019165,0.5205574631690979,-0.011027254164218903,0.999302327632904,0.7615026235580444,0.5226811170578003,-0.010982130654156208,0.9991453289985657,0.7560580968856812,0.5251137614250183,-0.011411755345761776,0.9992836713790894,0.8150776624679565,0.5163424611091614,0.026767343282699585,0.9994085431098938,0.7560216188430786,0.5385789275169373,0.15963955223560333,0.9993937611579895,0.7766108512878418,0.5752996802330017,-0.025020450353622437,0.9972692131996155,0.7576535940170288,0.5762595534324646,0.011622227728366852,0.9968938827514648,0.854028582572937,0.6238937973976135,-0.1015964150428772,0.9910560846328735,0.7318035364151001,0.6461533904075623,0.24808824062347412,0.9915602207183838,0.7863606214523315,0.567171037197113,-0.2882130444049835,0.9894586205482483,0.6521829962730408,0.6647937893867493,0.06127139925956726,0.8717786073684692,0.6338946223258972,0.5201942324638367,-0.11124740540981293,0.8753258585929871,0.6854606866836548,0.5703414678573608,-0.17424261569976807,0.6733166575431824,0.575690746307373,0.5312659740447998,-0.13798053562641144,0.7003276944160461,0.6876512169837952,0.5486372113227844,-0.22593510150909424,0.5363864898681641,0.5706567764282227,0.5324218273162842,-0.09949596226215363,0.6932458877563477,0.6983653903007507,0.553528368473053,-0.13805818557739258,0.535618782043457,0.5797311067581177,0.5443246960639954,-0.09206698089838028,0.7089102864265442,0.7042621970176697,0.5637532472610474,-0.15335015952587128,0.55410236120224,0.8654917478561401,1.01979398727417,-0.10070077329874039,0.9388304948806763,0.7672804594039917,1.0368009805679321,0.10085654258728027,0.9523636102676392,0.8642460703849792,1.2727034091949463,-0.05252118781208992,0.25432056188583374,0.7712290287017822,1.2934666872024536,0.2643948197364807,0.13147255778312683,0.8740018606185913,1.5299460887908936,0.12083641439676285,0.026112617924809456,0.7875392436981201,1.5536739826202393,0.44882211089134216,0.022869257256388664,0.8892604112625122,1.5727859735488892,0.13279353082180023,0.047654662281274796,0.795796275138855,1.5973107814788818,0.4612029492855072,0.028177350759506226,0.8324620127677917,1.59555184841156,-0.036876749247312546,0.027907324954867363,0.7668829560279846,1.6119264364242554,0.2789371609687805,0.017810264602303505
0.7644996643066406,0.5502328872680664,-0.0763724073767662,0.9992794394493103,0.7849617600440979,0.5154773592948914,-0.07480786740779877,0.9991327524185181,0.7916271090507507,0.5137282013893127,-0.0749117061495781,0.9992080330848694,0.7987204790115356,0.5121914744377136,-0.0750664696097374,0.9993554949760437,0.7659434080123901,0.5211849808692932,-0.041951023042201996,0.9992976784706116,0.7613688707351685,0.5234593152999878,-0.042032595723867416,0.999140739440918,0.7560150623321533,0.5259321928024292,-0.042415473610162735,0.9992702007293701,0.813410758972168,0.5180341601371765,-0.03735458105802536,0.9994113445281982,0.7561358213424683,0.5412474870681763,0.1173587292432785,0.9993906021118164,0.7765302658081055,0.5769413709640503,-0.06234195828437805,0.9972846508026123,0.7576478123664856,0.5778881907463074,-0.01891339011490345,0.9969170689582825,0.8542431592941284,0.6257791519165039,-0.15936997532844543,0.991066575050354,0.7361006736755371,0.6494181156158447,0.22929880023002625,0.9911825060844421,0.7806330919265747,0.5632525682449341,-0.32307693362236023,0.9897444248199463,0.6612629294395447,0.6756758093833923,0.09351646155118942,0.8733413219451904,0.6294423937797546,0.5203967690467834,-0.11163413524627686,0.8788332343101501,0.6875523924827576,0.5792196989059448,-0.02127816528081894,0.6736778020858765,0.5731462240219116,0.5317178964614868,-0.13722480833530426,0.7073462605476379,0.6890752911567688,0.5557024478912354,-0.050683535635471344,0.5344581007957458,0.5678576827049255,0.5313735008239746,-0.10195738077163696,0.7000637054443359,0.6974027156829834,0.5610055923461914,-0.006450038403272629,0.5337103009223938,0.573901355266571,0.5435607433319092,-0.09349539875984192,0.7140956521034241,0.7031322121620178,0.5712500810623169,-0.016742005944252014,0.5510607361793518,0.8652245402336121,1.0221965312957764,-0.10560569912195206,0.9427733421325684,0.7710295915603638,1.0397164821624756,0.10564036667346954,0.9555087089538574,0.8630577325820923,1.2375258207321167,-0.052638523280620575,0.26739683747291565,0.7788810729980469,1.2696951627731323,0.2923916280269623,0.13592714071273804,0.8737959861755371,1.497848629951477,0.13900765776634216,0.026693549007177353,0.7900841236114502,1.522502064704895,0.494662344455719,0.0245132427662611,0.8893473744392395,1.543493390083313,0.15372073650360107,0.04805486649274826,0.7988550662994385,1.5677374601364136,0.5105762481689453,0.02925052121281624,0.8309109807014465,1.5515702962875366,0.021601954475045204,0.0296479519456625,0.7643369436264038,1.5674827098846436,0.38307398557662964,0.018683362752199173
0.764272153377533,0.5505796670913696,-0.08057504892349243,0.9993119835853577,0.7842786908149719,0.5156092047691345,-0.07755962014198303,0.9991739392280579,0.7907590866088867,0.5138946175575256,-0.07766933739185333,0.9992477893829346,0.7978728413581848,0.5123672485351562,-0.0778360515832901,0.9993874430656433,0.7659105062484741,0.5213006734848022,-0.04528413340449333,0.9993271827697754,0.7612910270690918,0.5235840082168579,-0.04534933716058731,0.999176561832428,0.7559626698493958,0.5260933041572571,-0.04570611193776131,0.9992973804473877,0.8135701417922974,0.518742561340332,-0.03122984804213047,0.999442994594574,0.7561976313591003,0.5417357683181763,0.1190551146864891,0.9994162917137146,0.7759895920753479,0.5774434804916382,-0.06339778751134872,0.9974344968795776,0.7574538588523865,0.5781839489936829,-0.020801762118935585,0.9970666170120239,0.8544135093688965,0.6257158517837524,-0.1522487998008728,0.9914912581443787,0.7454044222831726,0.6507680416107178,0.23343729972839355,0.9912148118019104,0.7775713801383972,0.5634424686431885,-0.32294338941574097,0.9902216792106628,0.6646285057067871,0.6779659986495972,0.09837378561496735,0.8760570883750916,0.6220826506614685,0.5219713449478149,-0.14605595171451569,0.8850599527359009,0.6787933707237244,0.5814409852027893,-0.0592486672103405,0.6828663945198059,0.5705101490020752,0.532106876373291,-0.17888735234737396,0.7177949547767639,0.6817843317985535,0.5572786927223206,-0.10203655064105988,0.5396624803543091,0.5610093474388123,0.5314072370529175,-0.1462254673242569,0.7109193801879883,0.6891182065010071,0.5626755356788635,-0.07054999470710754,0.5386370420455933,0.5674647688865662,0.5433741807937622,-0.13031993806362152,0.7242526412010193,0.6979131102561951,0.5728413462638855,-0.06304779648780823,0.5567055344581604,0.8652454614639282,1.0218348503112793,-0.1057729721069336,0.9455257654190063,0.7712337374687195,1.0395647287368774,0.10581209510564804,0.9573631286621094,0.8623021245002747,1.2380406856536865,-0.07085733115673065,0.2697983384132385,0.7783520817756653,1.269332766532898,0.28968873620033264,0.13446910679340363,0.8744056820869446,1.5021120309829712,0.09805477410554886,0.025253036990761757,0.7892853021621704,1.5238596200942993,0.47079652547836304,0.02336474321782589,0.8910948038101196,1.5489674806594849,0.10882288217544556,0.04568616300821304,0.7983154654502869,1.5690052509307861,0.4835089147090912,0.027618486434221268,0.8301127552986145,1.556427240371704,-0.04529678821563721,0.028003627434372902,0.7627404928207397,1.5719789266586304,0.33704161643981934,0.017638254910707474
0.7625672817230225,0.5506776571273804,-0.1267773061990738,0.9993109703063965,0.7824188470840454,0.5157583951950073,-0.12850479781627655,0.9991710186004639,0.7889407873153687,0.5140475630760193,-0.12859611213207245,0.9992537498474121,0.7962158918380737,0.512474775314331,-0.12881551682949066,0.9993852972984314,0.7646529674530029,0.5213468074798584,-0.09643213450908661,0.9993191957473755,0.7602971792221069,0.5236786603927612,-0.09648915380239487,0.9991728663444519,0.7553511261940002,0.5262525677680969,-0.09678887575864792,0.9992806315422058,0.8135596513748169,0.5189244151115417,-0.0819280594587326,0.999445378780365,0.7562516927719116,0.5417815446853638,0.06846506893634796,0.9993973970413208,0.7749869227409363,0.5775018334388733,-0.10608987510204315,0.9974430203437805,0.75627601146698,0.5781928300857544,-0.06321877241134644,0.9970649480819702,0.8551074862480164,0.6256235241889954,-0.18276315927505493,0.9915723204612732,0.7510319948196411,0.6511918306350708,0.2181725949048996,0.9909570813179016,0.777129590511322,0.5711069703102112,-0.3449814021587372,0.9899910688400269,0.6680139303207397,0.6819233298301697,0.13076066970825195,0.8595033884048462,0.62348473072052,0.5273166298866272,-0.16900470852851868,0.8813729286193848,0.6152219772338867,0.5981985926628113,-0.041211068630218506,0.6582651138305664,0.5710587501525879,0.5333892703056335,-0.19904926419258118,0.7122536897659302,0.6595908999443054,0.5788745284080505,-0.07947580516338348,0.5185760259628296,0.5622116327285767,0.5315240025520325,-0.17101207375526428,0.707487165927887,0.6670678853988647,0.5806768536567688,-0.05600873753428459,0.518818736076355,0.569726824760437,0.5434190034866333,-0.15526756644248962,0.7178592085838318,0.6766632199287415,0.5890792608261108,-0.047590337693691254,0.5353336930274963,0.8657383918762207,1.0218279361724854,-0.10571084171533585,0.94562166929245,0.7731762528419495,1.0371278524398804,0.10574735701084137,0.9567834138870239,0.8618471026420593,1.217613697052002,-0.0642055869102478,0.28488972783088684,0.7780329585075378,1.2433819770812988,0.28713104128837585,0.1387437880039215,0.8693184852600098,1.4784598350524902,0.12514477968215942,0.030421016737818718,0.7828071117401123,1.4984759092330933,0.4600670337677002,0.027390407398343086,0.8850513696670532,1.5241423845291138,0.1399836540222168,0.05360538512468338,0.7912492752075195,1.5434809923171997,0.47228869795799255,0.03167850524187088,0.8209497332572937,1.5335156917572021,0.01211871299892664,0.03176060691475868,0.7481856942176819,1.5491158962249756,0.3359578251838684,0.019603552296757698
0.7515343427658081,0.5535094738006592,0.04890051856637001,0.9993739724159241,0.7718053460121155,0.5192219018936157,0.054981984198093414,0.9992441534996033,0.7778982520103455,0.516933798789978,0.05486271530389786,0.9993205666542053,0.7832871675491333,0.5149868726730347,0.054600268602371216,0.9994397759437561,0.7562485933303833,0.525483250617981,0.08806485682725906,0.9993775486946106,0.7530685663223267,0.5274752974510193,0.0880323201417923,0.9992449283599854,0.7494111061096191,0.5295920968055725,0.08770377933979034,0.9993423223495483,0.806108832359314,0.5199145078659058,0.093595489859581,0.999496340751648,0.752579927444458,0.5448715090751648,0.24550922214984894,0.9994502067565918,0.7637947201728821,0.5782994031906128,0.06088946387171745,0.9976755380630493,0.7487067580223083,0.5787039399147034,0.10460283607244492,0.9973207116127014,0.8563013076782227,0.6248184442520142,-0.022474076598882675,0.9922288060188293,0.7503857016563416,0.6526737809181213,0.33271580934524536,0.9911500215530396,0.8046563267707825,0.5709601044654846,-0.19645878672599792,0.9904881715774536,0.6630951166152954,0.7522042393684387,0.193283349275589,0.8518834710121155,0.6351433992385864,0.5415886640548706,-0.02306206338107586,0.8853703737258911,0.5950068235397339,0.6653287410736084,-0.0488147959113121,0.6497972011566162,0.5783940553665161,0.535582423210144,-0.04025467485189438,0.7210185527801514,0.611180305480957,0.6510225534439087,-0.08844906091690063,0.5164828300476074,0.568875789642334,0.532616376876831,-0.006625673267990351,0.7164909839630127,0.6139992475509644,0.6457805633544922,-0.05782227963209152,0.5169844627380371,0.5789114236831665,0.5434526205062866,-0.005973734427243471,0.7239963412284851,0.618172824382782,0.6434398889541626,-0.05305085331201553,0.5294230580329895,0.8638841509819031,1.0127778053283691,-0.09054657816886902,0.9487990140914917,0.76808100938797,1.0315827131271362,0.09068518131971359,0.9583109617233276,0.8496848344802856,1.185592532157898,-0.12119446694850922,0.31287842988967896,0.7559174299240112,1.2149213552474976,0.22242935001850128,0.1574973464012146,0.8515058755874634,1.4353487491607666,0.10019101947546005,0.03307090327143669,0.7643640637397766,1.4645695686340332,0.3539709746837616,0.02914208360016346,0.8664870262145996,1.4747505187988281,0.1196124404668808,0.05881541594862938,0.776491105556488,1.506865382194519,0.36246535181999207,0.033370763063430786,0.7991756796836853,1.5054951906204224,0.009643606841564178,0.03377890959382057,0.7229231595993042,1.5248732566833496,0.2521219253540039,0.02053574100136757
0.7469100952148438,0.5573641657829285,0.014371216297149658,0.9994325041770935,0.7659143209457397,0.5241605043411255,0.013365773484110832,0.9993147253990173,0.7719950079917908,0.5212138295173645,0.013213562779128551,0.9993841052055359,0.7771665453910828,0.5186891555786133,0.013044970110058784,0.9994922280311584,0.7515958547592163,0.5312029123306274,0.05191398784518242,0.9994351863861084,0.7489537596702576,0.5328881144523621,0.051883868873119354,0.9993147253990173,0.7459924817085266,0.5344656705856323,0.05152985453605652,0.9994030594825745,0.8012180328369141,0.5213509798049927,0.04387836903333664,0.9995439052581787,0.7527848482131958,0.5455751419067383,0.21132981777191162,0.999501645565033,0.7592769265174866,0.5794180631637573,0.020657125860452652,0.9978955388069153,0.7459069490432739,0.5800958275794983,0.07098660618066788,0.9975663423538208,0.8570152521133423,0.6220610737800598,-0.047016508877277374,0.9929206967353821,0.7565404176712036,0.6552250385284424,0.33462756872177124,0.9917082786560059,0.8009912371635437,0.5678840279579163,-0.3112257122993469,0.9910868406295776,0.6811321973800659,0.7737913727760315,0.30090397596359253,0.8365921974182129,0.6347660422325134,0.5470796823501587,-0.16946259140968323,0.8928543925285339,0.6037877798080444,0.7187604308128357,0.14217334985733032,0.6424058675765991,0.5835075974464417,0.5400968194007874,-0.1960364282131195,0.7373406887054443,0.6023316383361816,0.6891752481460571,0.11186961084604263,0.5138270258903503,0.5753931999206543,0.5383273959159851,-0.16437122225761414,0.7330701351165771,0.6108594536781311,0.6808042526245117,0.1308635175228119,0.5158376097679138,0.5858546495437622,0.5458649396896362,-0.1548917591571808,0.7386711835861206,0.6179700493812561,0.676022469997406,0.13391640782356262,0.5282211303710938,0.8640634417533875,1.0124764442443848,-0.09659134596586227,0.9511945843696594,0.7683001160621643,1.0326417684555054,0.09711597114801407,0.959764301776886,0.8472350835800171,1.2101082801818848,-0.10118965804576874,0.31071344017982483,0.7559670209884644,1.2273807525634766,0.2245211899280548,0.16435176134109497,0.8535987734794617,1.468359112739563,0.07333657890558243,0.030911820009350777,0.7668846249580383,1.4897912740707397,0.30911219120025635,0.02737182192504406,0.8681661486625671,1.5082074403762817,0.0838044062256813,0.05546041578054428,0.7783333659172058,1.5307796001434326,0.31068071722984314,0.03131836652755737,0.8024859428405762,1.5351115465164185,-0.05926898121833801,0.031597595661878586,0.7281381487846375,1.553740382194519,0.17007219791412354,0.01921970210969448
0.7480658292770386,0.5590434670448303,-0.004983304068446159,0.9994832873344421,0.7669262886047363,0.5272320508956909,-0.003548444015905261,0.9993757009506226,0.7729511260986328,0.5248473286628723,-0.003686621319502592,0.9994391798973083,0.7784982919692993,0.5225538611412048,-0.00384640134871006,0.9995378255844116,0.7523735165596008,0.5329927206039429,0.032211095094680786,0.9994854927062988,0.7494757175445557,0.53448885679245,0.032206565141677856,0.9993752837181091,0.7462285161018372,0.5358642935752869,0.03184639662504196,0.9994560480117798,0.8009281158447266,0.524794340133667,0.03351917490363121,0.9995855093002319,0.7534936666488647,0.5460749864578247,0.1976676732301712,0.9995469450950623,0.7601917386054993,0.5816716551780701,0.0058313095942139626,0.9980935454368591,0.7464564442634583,0.5815590620040894,0.05295764282345772,0.9977898001670837,0.857066810131073,0.6212561726570129,-0.07780271768569946,0.9935047030448914,0.756360650062561,0.658655047416687,0.3193214237689972,0.9922712445259094,0.8005982637405396,0.5576199889183044,-0.3112342357635498,0.9915516376495361,0.6771988868713379,0.7708960771560669,0.262550413608551,0.8401936292648315,0.639545202255249,0.550678014755249,-0.15210691094398499,0.8930118083953857,0.6156393885612488,0.7263343930244446,0.1030382364988327,0.6404890418052673,0.5859624743461609,0.5605230331420898,-0.1769624501466751,0.732158362865448,0.6154028177261353,0.7146177887916565,0.06950505822896957,0.5112530589103699,0.5918726325035095,0.5548582673072815,-0.1446365863084793,0.7276425361633301,0.6183053851127625,0.688606858253479,0.10441665351390839,0.5130560994148254,0.6144952774047852,0.5722758769989014,-0.13693580031394958,0.7340878248214722,0.6204687356948853,0.7094660997390747,0.1013665422797203,0.5276507139205933,0.864551842212677,1.0129063129425049,-0.09733118116855621,0.9543251395225525,0.7662004828453064,1.0365123748779297,0.09778843075037003,0.9621275067329407,0.8463718295097351,1.2527592182159424,-0.09839244931936264,0.3172961473464966,0.7532004117965698,1.2737212181091309,0.2318832129240036,0.17202293872833252,0.8560460805892944,1.515470027923584,0.027757996693253517,0.0292709581553936,0.7683489322662354,1.5436255931854248,0.3595852553844452,0.026056718081235886,0.8726276159286499,1.5578607320785522,0.035021353513002396,0.05294688418507576,0.7792109251022339,1.5856778621673584,0.36602726578712463,0.029461881145834923,0.8030899167060852,1.584288239479065,-0.12562674283981323,0.029606884345412254,0.7371084094047546,1.606918215751648,0.21281476318836212,0.01802985556423664
0.7490525245666504,0.5590046048164368,-0.0014320703921839595,0.9995284676551819,0.7674596309661865,0.5271371603012085,-0.00021903007291257381,0.999430239200592,0.7736424207687378,0.5247429609298706,-0.0003461083397269249,0.9994879961013794,0.7795658111572266,0.5224639177322388,-0.0005400671507231891,0.999578058719635,0.7532966732978821,0.5328115224838257,0.03652592748403549,0.9995312094688416,0.7503857612609863,0.53429114818573,0.03649156540632248,0.9994303584098816,0.7473763227462769,0.5356664061546326,0.03613131120800972,0.9995043873786926,0.8014603853225708,0.524423360824585,0.04121789708733559,0.9996219277381897,0.7580045461654663,0.5450841188430786,0.20954389870166779,0.9995880126953125,0.7609392404556274,0.5814377069473267,0.012057351879775524,0.99826580286026,0.7474750876426697,0.5815528631210327,0.06004483252763748,0.9979882836341858,0.8573857545852661,0.6172880530357361,-0.08536368608474731,0.9939904808998108,0.7562043070793152,0.6585603356361389,0.34550216794013977,0.9928407073020935,0.7911016941070557,0.547137439250946,-0.299033522605896,0.9918868541717529,0.6677490472793579,0.7610093355178833,0.22464892268180847,0.8415879011154175,0.637008786201477,0.5523254871368408,-0.11438246071338654,0.8898895382881165,0.6223691701889038,0.7342318296432495,-0.03336089476943016,0.6380223631858826,0.5850030183792114,0.5636519193649292,-0.1386050432920456,0.7237883806228638,0.6094062924385071,0.7319825887680054,-0.08524321764707565,0.5068994164466858,0.5969160199165344,0.5673589110374451,-0.11169294267892838,0.7197362780570984,0.6174889802932739,0.7062677145004272,-0.04945805296301842,0.5090835094451904,0.6165461540222168,0.5776417255401611,-0.10119600594043732,0.7264663577079773,0.6318455338478088,0.7233670353889465,-0.03789038956165314,0.5242649912834167,0.8628603219985962,1.0118378400802612,-0.10494915395975113,0.9566261172294617,0.7666201591491699,1.0365077257156372,0.10506286472082138,0.9641528129577637,0.8315392732620239,1.2495197057724,-0.08629219233989716,0.34132716059684753,0.7439248561859131,1.2715598344802856,0.2753947377204895,0.18533971905708313,0.8472601771354675,1.5110310316085815,0.05945305898785591,0.030165858566761017,0.7609609365463257,1.537259817123413,0.41726168990135193,0.026483384892344475,0.8663443326950073,1.5552366971969604,0.06979630887508392,0.05522375926375389,0.7738155126571655,1.5802937746047974,0.4257567822933197,0.029509684070944786,0.7858954071998596,1.576927900314331,-0.08192018419504166,0.02935975231230259,0.7246569395065308,1.5977213382720947,0.28272154927253723,0.017716892063617706
0.74962317943573,0.5593213438987732,0.10767538845539093,0.9995619058609009,0.7680779099464417,0.5272297263145447,0.11524929851293564,0.9994666576385498,0.7742651700973511,0.524864137172699,0.11515261232852936,0.9995216131210327,0.7803001403808594,0.5225880742073059,0.11492214351892471,0.9996023178100586,0.7536459565162659,0.5329391956329346,0.1465975046157837,0.9995638728141785,0.7505466938018799,0.5345119833946228,0.14653871953487396,0.9994721412658691,0.7472438216209412,0.5360016226768494,0.1461905837059021,0.9995406866073608,0.8013879060745239,0.5244069695472717,0.17127838730812073,0.999649167060852,0.7560117840766907,0.5457350611686707,0.31174594163894653,0.9996216297149658,0.7614027261734009,0.5817654728889465,0.12545515596866608,0.9983885884284973,0.7469763159751892,0.5822116732597351,0.16611036658287048,0.9981503486633301,0.8574336767196655,0.6151533126831055,0.04552113637328148,0.9943546652793884,0.7373853921890259,0.6756960153579712,0.40666699409484863,0.9932719469070435,0.8062920570373535,0.5568942427635193,-0.1505596935749054,0.9916043877601624,0.6446854472160339,0.7671266198158264,0.2198624312877655,0.8355317115783691,0.6645220518112183,0.5521619319915771,-0.019859427586197853,0.8714274168014526,0.6214857697486877,0.7665013074874878,-0.10051655769348145,0.6180103421211243,0.621148943901062,0.5606949329376221,-0.04304390400648117,0.6980583667755127,0.6079761981964111,0.7688376903533936,-0.15784038603305817,0.49274569749832153,0.6355016827583313,0.5633069276809692,-0.012232114560902119,0.6935582160949707,0.6179401278495789,0.7467281818389893,-0.12286434322595596,0.49591121077537537,0.6516027450561523,0.5736711621284485,-0.005610133986920118,0.6999333500862122,0.6181851029396057,0.7459180355072021,-0.10427866876125336,0.5094311237335205,0.8564428091049194,0.989570677280426,-0.10184111446142197,0.9589390754699707,0.7628417611122131,1.0263410806655884,0.10189982503652573,0.9659646153450012,0.8296043276786804,1.2035585641860962,-0.08691532909870148,0.3919666111469269,0.7413779497146606,1.2310264110565186,0.2691943347454071,0.21694037318229675,0.8419729471206665,1.4525783061981201,0.05963507294654846,0.05030866339802742,0.7600896954536438,1.4825509786605835,0.396953284740448,0.03674764186143875,0.8602598905563354,1.4975718259811401,0.07228707522153854,0.09108482301235199,0.7741659879684448,1.5285365581512451,0.40499749779701233,0.04550652205944061,0.7788616418838501,1.5201271772384644,-0.0771203339099884,0.04168974235653877,0.7147296667098999,1.5321677923202515,0.28407028317451477,0.022725248709321022
0.7497089505195618,0.5595624446868896,0.07478883117437363,0.9995971918106079,0.7674156427383423,0.5281661152839661,0.06858848035335541,0.9995072484016418,0.7733238935470581,0.5257599353790283,0.06842003762722015,0.9995587468147278,0.7788836359977722,0.5234058499336243,0.06822111457586288,0.9996323585510254,0.753547728061676,0.5336294174194336,0.10592617094516754,0.9995982646942139,0.7504241466522217,0.5357003808021545,0.10587270557880402,0.9995129704475403,0.7471640706062317,0.53711998462677,0.10547880083322525,0.9995756149291992,0.7998946905136108,0.5247637629508972,0.10014475882053375,0.9996766448020935,0.7560334205627441,0.5457277894020081,0.2551646828651428,0.9996545910835266,0.7613807916641235,0.581875741481781,0.07852598279714584,0.9985288381576538,0.7469983100891113,0.5822994112968445,0.12818661332130432,0.998311460018158,0.8574309349060059,0.611176073551178,-0.01746656373143196,0.9947547316551208,0.7407952547073364,0.6893543004989624,0.3736518919467926,0.993662416934967,0.8067639470100403,0.5556414723396301,-0.20109041035175323,0.9917475581169128,0.6641924977302551,0.779038667678833,0.4552670121192932,0.8308880925178528,0.66895991563797,0.5511744022369385,-0.03364476561546326,0.8637917637825012,0.6244486570358276,0.7964855432510376,0.46078354120254517,0.595596969127655,0.6289151310920715,0.5598443746566772,-0.05244726687669754,0.6855207085609436,0.6097272634506226,0.7980812788009644,0.4636691212654114,0.47679489850997925,0.6433728933334351,0.5610560774803162,-0.014475591480731964,0.6795142292976379,0.6201148629188538,0.7765453457832336,0.4665297567844391,0.48200127482414246,0.6549431681632996,0.57243812084198,-0.02421685680747032,0.6849194169044495,0.6276682615280151,0.7874805331230164,0.45471325516700745,0.494358628988266,0.8568147420883179,0.9898960590362549,-0.12145425379276276,0.9607438445091248,0.7722662687301636,1.0268199443817139,0.12174291908740997,0.9670571684837341,0.8267579078674316,1.2055124044418335,-0.1466655433177948,0.44156765937805176,0.7419112920761108,1.2303173542022705,0.34443050622940063,0.253020316362381,0.844285786151886,1.4572603702545166,-0.04788884520530701,0.08135219663381577,0.7711276412010193,1.4858088493347168,0.4942252039909363,0.049451783299446106,0.8627632260322571,1.5050207376480103,-0.039409127086400986,0.1407487839460373,0.7879326343536377,1.533298373222351,0.505253791809082,0.06530807912349701,0.7812851071357727,1.514705777168274,-0.1443100869655609,0.06700308620929718,0.7200058102607727,1.5314887762069702,0.41716599464416504,0.03232284262776375
0.7489402890205383,0.5621267557144165,0.0783643126487732,0.9996185302734375,0.76643306016922,0.5310341715812683,0.07559024542570114,0.9995142817497253,0.7730118632316589,0.5282986760139465,0.07539777457714081,0.9995695352554321,0.7786726951599121,0.5255849957466125,0.07518142461776733,0.9996346235275269,0.7517557144165039,0.5386727452278137,0.1078413724899292,0.9996098875999451,0.7484287023544312,0.5403031706809998,0.10769984871149063,0.9995304346084595,0.744529128074646,0.5418078303337097,0.1072314977645874,0.999589204788208,0.7989141941070557,0.5269308090209961,0.09725677967071533,0.9996860027313232,0.7546689510345459,0.546766996383667,0.24387939274311066,0.9996785521507263,0.7610671520233154,0.5842491388320923,0.08317026495933533,0.9986163973808289,0.7450987696647644,0.5861204266548157,0.12618929147720337,0.9984295964241028,0.8560627102851868,0.6108741164207458,-0.028160449117422104,0.9949089884757996,0.740217924118042,0.6862403750419617,0.3531607687473297,0.9938661456108093,0.804378867149353,0.5483283400535583,-0.20967638492584229,0.9915351271629333,0.6598666906356812,0.7918436527252197,0.34057071805000305,0.8177879452705383,0.6625715494155884,0.5535775423049927,-0.053483910858631134,0.8329664468765259,0.6229460835456848,0.8292862176895142,0.22391502559185028,0.5620269775390625,0.6185075044631958,0.556015133857727,-0.07167080789804459,0.6506755352020264,0.6060462594032288,0.8299975991249084,0.20684508979320526,0.4538050889968872,0.6309716701507568,0.560928463935852,-0.038276173174381256,0.6437348127365112,0.6198180913925171,0.8095766305923462,0.2185773104429245,0.4607473611831665,0.6452201008796692,0.5719665884971619,-0.04060056433081627,0.6492395401000977,0.629996657371521,0.8240108489990234,0.21821603178977966,0.47063612937927246,0.8490179181098938,0.9925897717475891,-0.11946535110473633,0.9624268412590027,0.7648814916610718,1.032052993774414,0.11976581811904907,0.9680817723274231,0.8152583837509155,1.1985400915145874,-0.1336376965045929,0.47616803646087646,0.7345989942550659,1.2333180904388428,0.326029896736145,0.26261794567108154,0.8254691958427429,1.4513299465179443,-0.022967036813497543,0.09658331423997879,0.758630633354187,1.4860912561416626,0.46722498536109924,0.05264784023165703,0.845136821269989,1.5014221668243408,-0.012626640498638153,0.17229023575782776,0.7760416865348816,1.5341908931732178,0.48125872015953064,0.07334362715482712,0.754966676235199,1.5035051107406616,-0.10456275939941406,0.08343321830034256,0.6984120607376099,1.5282148122787476,0.3683212995529175,0.0364241749048233
0.7473592162132263,0.5673530101776123,0.05220123007893562,0.9996306300163269,0.7639963626861572,0.5366454720497131,0.06827235966920853,0.9995180368423462,0.7704744935035706,0.5335682034492493,0.06773164868354797,0.9995734691619873,0.7762032747268677,0.5289936065673828,0.06786100566387177,0.9996342658996582,0.7494425177574158,0.5432730317115784,0.08675815165042877,0.9996200799942017,0.7464160323143005,0.5444576144218445,0.08664515614509583,0.9995443224906921,0.7429577708244324,0.545563817024231,0.0862969383597374,0.9996017813682556,0.7968006730079651,0.5289146900177002,0.020225409418344498,0.9996927976608276,0.7546890377998352,0.5481983423233032,0.24082055687904358,0.9996975064277649,0.759982705116272,0.5880739688873291,0.07820533215999603,0.9986951947212219,0.744379997253418,0.5899065732955933,0.1049913763999939,0.998515784740448,0.8558594584465027,0.6109474897384644,-0.12705622613430023,0.9951223134994507,0.7517747282981873,0.6836684346199036,0.3452359139919281,0.994239866733551,0.7990888357162476,0.5462561845779419,-0.3087034821510315,0.9918270707130432,0.6686607003211975,0.806281328201294,0.34233933687210083,0.8130488991737366,0.6576381921768188,0.5528091192245483,-0.09533429145812988,0.8286678194999695,0.6244062185287476,0.8734726309776306,0.16250953078269958,0.5437121987342834,0.5959505438804626,0.5539253950119019,-0.11903798580169678,0.634186327457428,0.6092225313186646,0.8882455825805664,0.14067277312278748,0.44081783294677734,0.6255285739898682,0.5600864887237549,-0.07638983428478241,0.6249185800552368,0.6206402778625488,0.8837212324142456,0.13738885521888733,0.45020127296447754,0.640167236328125,0.5708807110786438,-0.07695069164037704,0.6340516805648804,0.6328406929969788,0.8709142208099365,0.14857156574726105,0.4607675075531006,0.8492028117179871,1.0044149160385132,-0.12549516558647156,0.9647293090820312,0.764992892742157,1.0451804399490356,0.12591233849525452,0.9703110456466675,0.8260772824287415,1.2665683031082153,-0.11052452027797699,0.46140816807746887,0.7412613034248352,1.2819958925247192,0.3388628363609314,0.25396424531936646,0.8541609048843384,1.5130798816680908,0.04918026924133301,0.08871608972549438,0.7801546454429626,1.5411981344223022,0.5173887014389038,0.049276504665613174,0.8748925924301147,1.5577181577682495,0.06187780573964119,0.16055631637573242,0.7951808571815491,1.5861270427703857,0.5313130021095276,0.06920532137155533,0.7883993983268738,1.5741862058639526,-0.0793018713593483,0.07708612829446793,0.7454821467399597,1.59559166431427,0.3991033434867859,0.03456703573465347
0.7475851774215698,0.5672493577003479,0.010510774329304695,0.9996505379676819,0.7643561363220215,0.5359931588172913,-0.008131016977131367,0.9995151162147522,0.7707980871200562,0.5329960584640503,-0.00842951238155365,0.9995803833007812,0.7764155268669128,0.5286718010902405,-0.00850484799593687,0.9996296763420105,0.7498167157173157,0.5425921678543091,0.034536346793174744,0.9996220469474792,0.7467499375343323,0.5439055562019348,0.03458210453391075,0.99955153465271,0.7432632446289062,0.5451043844223022,0.03416583687067032,0.9996016025543213,0.797235369682312,0.528865396976471,-0.037637896835803986,0.9997008442878723,0.7556242942810059,0.547999918460846,0.18133270740509033,0.9997074007987976,0.7621158361434937,0.5888133645057678,0.012170674279332161,0.9987718462944031,0.7453612685203552,0.5909572243690491,0.06994052231311798,0.9985888600349426,0.8558658361434937,0.6109046339988708,-0.17370790243148804,0.995438277721405,0.7631882429122925,0.681950569152832,0.3249363303184509,0.9945723414421082,0.7888758182525635,0.5288673639297485,-0.32817405462265015,0.9912472367286682,0.6919423341751099,0.8270146250724792,0.363975465297699,0.7706725597381592,0.6347199082374573,0.5473703145980835,-0.06910515576601028,0.7894704341888428,0.6413413286209106,0.9606024622917175,0.23076768219470978,0.4997866153717041,0.5846282839775085,0.5466210246086121,-0.08411429822444916,0.5913075804710388,0.623587429523468,1.0052075386047363,0.22643807530403137,0.40850281715393066,0.6218421459197998,0.5597635507583618,-0.0357561931014061,0.583440899848938,0.6358322501182556,0.9913223385810852,0.19496135413646698,0.41975751519203186,0.6371041536331177,0.5695515275001526,-0.04848456755280495,0.5926150679588318,0.6451860666275024,0.9734098315238953,0.20880529284477234,0.4298935532569885,0.8554628491401672,1.017868995666504,-0.13487613201141357,0.9592751860618591,0.7704130411148071,1.0494660139083862,0.13524864614009857,0.9671497941017151,0.8332939147949219,1.2635903358459473,-0.11306048929691315,0.47435325384140015,0.7601834535598755,1.2862374782562256,0.3127670884132385,0.25808340311050415,0.8573189973831177,1.5194637775421143,0.049850933253765106,0.0908578485250473,0.7826570272445679,1.5500929355621338,0.3768511414527893,0.049978915601968765,0.8774669766426086,1.5680959224700928,0.06274273991584778,0.16738739609718323,0.7960821390151978,1.6006920337677002,0.38079583644866943,0.07112298160791397,0.7889969348907471,1.5747712850570679,-0.059604041278362274,0.07987776398658752,0.7453383207321167,1.595213770866394,0.2670913338661194,0.0355660617351532
0.7486289739608765,0.5669285655021667,0.014436203055083752,0.9996544122695923,0.7646476626396179,0.5356966257095337,-0.004784039221704006,0.999499499797821,0.7711623907089233,0.5326904058456421,-0.005028978921473026,0.9995725750923157,0.7768802642822266,0.5284728407859802,-0.005136570427566767,0.9996209144592285,0.7503975629806519,0.5420190691947937,0.03478431701660156,0.9996134638786316,0.7476272583007812,0.5428572297096252,0.03472498804330826,0.9995381236076355,0.744378924369812,0.5437523722648621,0.03432392328977585,0.9995869994163513,0.7975932955741882,0.5287933945655823,-0.02651558257639408,0.9997024536132812,0.7569704055786133,0.5463336706161499,0.18543824553489685,0.9997009634971619,0.7635546922683716,0.5886215567588806,0.013502252288162708,0.9987961053848267,0.7471371293067932,0.5908447504043579,0.07403203099966049,0.9985668063163757,0.8561583757400513,0.6110671162605286,-0.16036507487297058,0.9955053329467773,0.7680097818374634,0.6795090436935425,0.3299858570098877,0.9945691823959351,0.7738126516342163,0.5190193057060242,-0.3142867982387543,0.989890456199646,0.7185426354408264,0.8131559491157532,0.40687161684036255,0.7148429751396179,0.6246059536933899,0.5419464111328125,0.049302078783512115,0.7405474185943604,0.6695461273193359,0.9166997671127319,0.2881239652633667,0.45463672280311584,0.579987108707428,0.5414901375770569,0.044611699879169464,0.5451732277870178,0.6531378030776978,0.9561665654182434,0.2860410809516907,0.3739883005619049,0.6199465990066528,0.5595245361328125,0.09294469654560089,0.5385432839393616,0.6632722020149231,0.938720703125,0.2563576102256775,0.38587403297424316,0.6351255178451538,0.5688970685005188,0.07172238826751709,0.5488030314445496,0.6699121594429016,0.9228026270866394,0.26706016063690186,0.39541304111480713,0.858670711517334,1.0222373008728027,-0.13909432291984558,0.9525225162506104,0.7751351594924927,1.0528192520141602,0.13963688910007477,0.9622582197189331,0.8459086418151855,1.2724363803863525,-0.12673914432525635,0.46819281578063965,0.7670577764511108,1.3003580570220947,0.312984824180603,0.24903085827827454,0.8692399859428406,1.5306581258773804,0.018410494551062584,0.08607987314462662,0.7880340814590454,1.5619953870773315,0.391238272190094,0.047006089240312576,0.8884091377258301,1.5796219110488892,0.029419466853141785,0.16121059656143188,0.8005434274673462,1.6110484600067139,0.39873188734054565,0.06785210967063904,0.8025349378585815,1.5864708423614502,-0.0941125899553299,0.07605115324258804,0.7468874454498291,1.6088019609451294,0.26769569516181946,0.03381241112947464
0.7488299608230591,0.5672246813774109,-0.016491571441292763,0.9996607899665833,0.7649492025375366,0.5357497930526733,-0.03885651379823685,0.9994742274284363,0.7714418768882751,0.532928466796875,-0.0390414334833622,0.9995538592338562,0.7772214412689209,0.5289461016654968,-0.0391005203127861,0.9995973706245422,0.7506456971168518,0.5416260957717896,0.007692120969295502,0.9995999932289124,0.7478090524673462,0.542527437210083,0.007746750023216009,0.9995227456092834,0.7445183992385864,0.5435056090354919,0.007335950620472431,0.9995710849761963,0.7978913187980652,0.529318630695343,-0.06268396228551865,0.9996926188468933,0.7573061585426331,0.5462685227394104,0.1584571897983551,0.9996962547302246,0.7635789513587952,0.589628279209137,-0.020611966028809547,0.9988360404968262,0.7471967339515686,0.5914838314056396,0.04416792839765549,0.9985839128494263,0.8565546870231628,0.6114055514335632,-0.20411360263824463,0.9957846999168396,0.7691856622695923,0.677510678768158,0.3087613880634308,0.9949274063110352,0.7761695384979248,0.5243693590164185,-0.38350802659988403,0.9898228049278259,0.710884690284729,0.8451821208000183,0.4004727900028229,0.6943434476852417,0.6220430135726929,0.5419538617134094,-0.1525939255952835,0.7192085981369019,0.6643588542938232,0.9928802251815796,0.3145959973335266,0.4227702021598816,0.5785844326019287,0.5408837795257568,-0.17792585492134094,0.5144639611244202,0.6495507955551147,1.0428301095962524,0.316446989774704,0.3495039641857147,0.6149723529815674,0.5585550665855408,-0.12156590074300766,0.5081039071083069,0.6589683294296265,1.0299339294433594,0.27534228563308716,0.3633466362953186,0.6325206756591797,0.5685942769050598,-0.13129481673240662,0.5198589563369751,0.6664680242538452,1.0102204084396362,0.29003527760505676,0.3731469511985779,0.8586987257003784,1.0310282707214355,-0.14310535788536072,0.9509649872779846,0.7740880250930786,1.0578676462173462,0.14377835392951965,0.9607417583465576,0.8469513654708862,1.3109662532806396,-0.13855063915252686,0.4469078481197357,0.7678288221359253,1.3293994665145874,0.3291979432106018,0.23497290909290314,0.8700760006904602,1.5673840045928955,0.027560541406273842,0.0790569856762886,0.7883878946304321,1.5927174091339111,0.4550120234489441,0.043080106377601624,0.8888071775436401,1.6138052940368652,0.03847727179527283,0.14840185642242432,0.799958348274231,1.6402299404144287,0.46577078104019165,0.06301818042993546,0.8071163892745972,1.6255385875701904,-0.0973692387342453,0.07005485892295837,0.7516263723373413,1.643585443496704,0.31416916847229004,0.03127588704228401
0.7500249147415161,0.5669729113578796,-0.02205182984471321,0.9996793866157532,0.7656484842300415,0.5347356796264648,-0.04261999577283859,0.9994876384735107,0.7721258401870728,0.5319668650627136,-0.04275037348270416,0.9995654821395874,0.777901291847229,0.5283583998680115,-0.0428205244243145,0.9996040463447571,0.7508497834205627,0.5408114194869995,0.004192817490547895,0.999612033367157,0.7478482723236084,0.5417110323905945,0.00427592545747757,0.9995359182357788,0.7446367144584656,0.5428352952003479,0.0038907527923583984,0.9995819926261902,0.798033595085144,0.5291540622711182,-0.060079075396060944,0.9997011423110962,0.7569190263748169,0.5462114810943604,0.15732258558273315,0.9997074007987976,0.7651523947715759,0.5894958972930908,-0.024660632014274597,0.998908519744873,0.7476366758346558,0.591303825378418,0.03896510228514671,0.9986609816551208,0.8566123247146606,0.6114603281021118,-0.20039315521717072,0.9960493445396423,0.7680739164352417,0.676702618598938,0.30159100890159607,0.9953129291534424,0.7774961590766907,0.5264029502868652,-0.3806484639644623,0.989865243434906,0.7079557180404663,0.8329118490219116,0.39558446407318115,0.6816668510437012,0.6239415407180786,0.5421003699302673,-0.15677209198474884,0.7027432918548584,0.6614224910736084,0.9891693592071533,0.31502291560173035,0.39859315752983093,0.5816870331764221,0.540951669216156,-0.18140585720539093,0.48885178565979004,0.6460949182510376,1.0432809591293335,0.3142337203025818,0.33176904916763306,0.613036572933197,0.5603713393211365,-0.13205283880233765,0.48314324021339417,0.6561013460159302,1.0351872444152832,0.2742359936237335,0.34830790758132935,0.6300365328788757,0.5712491273880005,-0.13773608207702637,0.4963880777359009,0.664608359336853,1.0145045518875122,0.290981650352478,0.3585456907749176,0.8590347170829773,1.0292654037475586,-0.14156872034072876,0.9479562640190125,0.7733333706855774,1.0569891929626465,0.14218071103096008,0.9589143991470337,0.846337616443634,1.3117554187774658,-0.13506953418254852,0.42632555961608887,0.7676829099655151,1.3295197486877441,0.31629568338394165,0.22335270047187805,0.8698161840438843,1.56956946849823,0.031885914504528046,0.07276765257120132,0.7871930003166199,1.598071575164795,0.40893059968948364,0.03952233865857124,0.8875182271003723,1.6175103187561035,0.04352743178606033,0.13729408383369446,0.79896479845047,1.6462359428405762,0.4151173532009125,0.058548565953969955,0.8062409162521362,1.6259886026382446,-0.09710399806499481,0.06508965790271759,0.7496782541275024,1.6508735418319702,0.26317206025123596,0.02898465283215046
0.7503094673156738,0.5669087767601013,-0.01748836413025856,0.9996912479400635,0.7657058835029602,0.5345631837844849,-0.03957681730389595,0.9995035529136658,0.7721640467643738,0.5317761898040771,-0.03968778997659683,0.9995764493942261,0.7779684066772461,0.5282611846923828,-0.03977123647928238,0.9996154308319092,0.7508829832077026,0.5406205654144287,0.00906633585691452,0.9996243119239807,0.747901976108551,0.5414286851882935,0.009171346202492714,0.9995473623275757,0.7447059750556946,0.5425357222557068,0.008807484060525894,0.9995942711830139,0.7982435822486877,0.5293056964874268,-0.0606350377202034,0.9997141361236572,0.7569147944450378,0.5459022521972656,0.1642371267080307,0.9997162818908691,0.7654104828834534,0.5893300175666809,-0.019570685923099518,0.9989631772041321,0.747795045375824,0.5911908745765686,0.044129688292741776,0.9986974596977234,0.856185257434845,0.6116288304328918,-0.19592194259166718,0.9962877631187439,0.7679347395896912,0.6651080846786499,0.3049423098564148,0.995597779750824,0.7695216536521912,0.5199998617172241,-0.3525419235229492,0.9894068241119385,0.7289620637893677,0.8272930979728699,0.37392833828926086,0.6341684460639954,0.6240336298942566,0.5428681969642639,-0.0441199466586113,0.6678231358528137,0.6821491122245789,0.937247097492218,0.1808890700340271,0.36390891671180725,0.5820949077606201,0.5439055562019348,-0.06321673095226288,0.4535270035266876,0.6651787757873535,0.9818466901779175,0.1688016653060913,0.3051271140575409,0.611539900302887,0.5659617185592651,-0.012281632050871849,0.4490125775337219,0.6751556396484375,0.9700635075569153,0.12207652628421783,0.32214969396591187,0.6283532977104187,0.5753929615020752,-0.023057173937559128,0.4636363089084625,0.6819087266921997,0.9530126452445984,0.15026447176933289,0.332359254360199,0.8591296076774597,1.0279909372329712,-0.14646248519420624,0.9381505846977234,0.7735661864280701,1.053907036781311,0.14728370308876038,0.9515643119812012,0.8462074995040894,1.3072983026504517,-0.13074086606502533,0.39897042512893677,0.7671250700950623,1.3245517015457153,0.3019168972969055,0.20586293935775757,0.8671630024909973,1.5673327445983887,0.04310035705566406,0.06647758930921555,0.7860795855522156,1.5911308526992798,0.40096694231033325,0.035937536507844925,0.8844757080078125,1.61774480342865,0.05501309782266617,0.1259421557188034,0.7964569926261902,1.6388822793960571,0.40792280435562134,0.05376935750246048,0.8022861480712891,1.6192348003387451,-0.09314505755901337,0.05967743322253227,0.7490634322166443,1.643668532371521,0.2576355040073395,0.02657056599855423
0.7505236864089966,0.5668363571166992,-0.06672223657369614,0.999691367149353,0.7658094167709351,0.53437340259552,-0.09127771109342575,0.9994971752166748,0.7722198963165283,0.5316234827041626,-0.09136668592691422,0.999565601348877,0.7780167460441589,0.5282459855079651,-0.0914231613278389,0.9996081590652466,0.7510232329368591,0.5404579639434814,-0.04059910029172897,0.9996179342269897,0.748024046421051,0.5413423180580139,-0.040389277040958405,0.9995340704917908,0.7447967529296875,0.5424861311912537,-0.04069783166050911,0.9995850920677185,0.7983102202415466,0.5292795896530151,-0.10704853385686874,0.9997127056121826,0.756908118724823,0.5456470251083374,0.1264275461435318,0.9997080564498901,0.7657120227813721,0.5892360210418701,-0.06664223968982697,0.9990000128746033,0.7479416131973267,0.5911285281181335,0.0009717487846501172,0.9986978769302368,0.8561989665031433,0.6122397780418396,-0.22952648997306824,0.9965192675590515,0.7673925161361694,0.6611726880073547,0.28021371364593506,0.9958880543708801,0.7690756320953369,0.5156514644622803,-0.3835678696632385,0.9889909029006958,0.7403664588928223,0.8201045989990234,0.3232256770133972,0.5991707444190979,0.6256584525108337,0.5429655909538269,-0.0456443652510643,0.6373948454856873,0.7174319624900818,0.9521905183792114,0.15240642428398132,0.33328738808631897,0.5902595520019531,0.5450232625007629,-0.06620492041110992,0.42018041014671326,0.7073100805282593,1.0047327280044556,0.14138822257518768,0.2805500626564026,0.616685688495636,0.5697353482246399,-0.03218694403767586,0.4168016314506531,0.716623842716217,0.9966115355491638,0.10192982852458954,0.29774633049964905,0.6331120729446411,0.5784837007522583,-0.03364758938550949,0.43293115496635437,0.7203686237335205,0.9764841198921204,0.12629279494285583,0.3081900477409363,0.8594557642936707,1.0283396244049072,-0.14634957909584045,0.9322767853736877,0.7735146284103394,1.0498703718185425,0.147131085395813,0.9470728635787964,0.8483724594116211,1.3095484972000122,-0.10961180925369263,0.37147632241249084,0.766515851020813,1.3212536573410034,0.3041794002056122,0.19099539518356323,0.8683187365531921,1.565833568572998,0.10735386610031128,0.060812707990407944,0.786212682723999,1.587127685546875,0.4415459632873535,0.03280790150165558,0.8847864866256714,1.6136356592178345,0.1232709065079689,0.1150633692741394,0.7964893579483032,1.6324487924575806,0.4528183341026306,0.049773767590522766,0.8132280111312866,1.621630072593689,-0.04009413346648216,0.054578181356191635,0.7586208581924438,1.6480315923690796,0.2790336310863495,0.024422701448202133
0.7502888441085815,0.5666171312332153,-0.0984010249376297,0.9994217157363892,0.7650793194770813,0.5344317555427551,-0.12498103082180023,0.9991801977157593,0.7713860273361206,0.531772255897522,-0.12507395446300507,0.9992919564247131,0.7771841287612915,0.5286712050437927,-0.12517064809799194,0.9994096159934998,0.750933825969696,0.5402510166168213,-0.0759175717830658,0.9992814064025879,0.7480455636978149,0.5411651134490967,-0.07572321593761444,0.9990665912628174,0.7448475956916809,0.5423582792282104,-0.07601974904537201,0.9992232322692871,0.7979428768157959,0.5296600461006165,-0.15348295867443085,0.9995771646499634,0.757170557975769,0.5453600287437439,0.07670760154724121,0.9994409680366516,0.7654193043708801,0.5891261696815491,-0.10359989106655121,0.9985355138778687,0.7479825019836426,0.5910463929176331,-0.03761759772896767,0.9976071119308472,0.8561846613883972,0.6125618815422058,-0.257621705532074,0.9960360527038574,0.771031379699707,0.6545620560646057,0.2449479103088379,0.9953089356422424,0.7564613819122314,0.516880989074707,-0.36331573128700256,0.9882918000221252,0.7300030589103699,0.6316121816635132,0.41487258672714233,0.6094605326652527,0.6262608766555786,0.5422552227973938,0.03792249411344528,0.5950623750686646,0.7240487933158875,0.5890811681747437,0.556540310382843,0.3065406382083893,0.5924397110939026,0.5449859499931335,0.035288162529468536,0.3844928443431854,0.7233508825302124,0.5792025923728943,0.567914605140686,0.2571471631526947,0.617885947227478,0.5689813494682312,0.0709882527589798,0.38135474920272827,0.7272461652755737,0.5860230326652527,0.5753545761108398,0.2733737826347351,0.6330991387367249,0.5774078369140625,0.05558491870760918,0.3980506658554077,0.7280092835426331,0.5906953811645508,0.5512297749519348,0.28355345129966736,0.8627759218215942,1.0297412872314453,-0.15103277564048767,0.9227635860443115,0.7762147784233093,1.0406146049499512,0.15185624361038208,0.9384389519691467,0.8517473340034485,1.3021091222763062,-0.13690167665481567,0.33895933628082275,0.7671688795089722,1.315537691116333,0.3035893440246582,0.1775805652141571,0.8678314089775085,1.5599623918533325,0.032154567539691925,0.05525978282094002,0.7860891819000244,1.583673119544983,0.4274384379386902,0.030160201713442802,0.8848966360092163,1.6085113286972046,0.04230933263897896,0.10504508763551712,0.7962201833724976,1.6316447257995605,0.43538784980773926,0.04658638685941696,0.8152883648872375,1.6151995658874512,-0.12267521768808365,0.04969291388988495,0.7600235342979431,1.6403011083602905,0.26974058151245117,0.02265176922082901
0.7502115964889526,0.5670016407966614,-0.08517871797084808,0.9994487762451172,0.7650783658027649,0.5349847674369812,-0.1075640320777893,0.9992215037345886,0.7714353799819946,0.5322626829147339,-0.10763140767812729,0.9993256330490112,0.7773154377937317,0.5292791128158569,-0.10768342018127441,0.9994420409202576,0.7507878541946411,0.5406531095504761,-0.06035845726728439,0.9993171095848083,0.7478842735290527,0.5414952039718628,-0.0601402148604393,0.9991088509559631,0.7446735501289368,0.5426022410392761,-0.06043773144483566,0.9992581605911255,0.797558069229126,0.5297491550445557,-0.11353977769613266,0.9996025562286377,0.7571204304695129,0.5453507304191589,0.10622622072696686,0.9994634389877319,0.7652860283851624,0.5891191363334656,-0.08209303021430969,0.9986255168914795,0.7479425668716431,0.5913474559783936,-0.018933964893221855,0.9976999759674072,0.8555949926376343,0.6126343011856079,-0.23143582046031952,0.9963394999504089,0.7703094482421875,0.6509559154510498,0.26427024602890015,0.9956186413764954,0.7470307946205139,0.5173920392990112,-0.3872832953929901,0.9890512228012085,0.7378238439559937,0.6953107714653015,0.3111376464366913,0.6291767358779907,0.5909050703048706,0.5398820638656616,-0.03403870388865471,0.6043813228607178,0.7368806600570679,0.6926804184913635,0.3460155725479126,0.29578697681427,0.5509586334228516,0.5438273549079895,-0.04548393562436104,0.37501001358032227,0.7364128828048706,0.695689857006073,0.333422988653183,0.24542398750782013,0.5764589905738831,0.5684099793434143,0.004664282314479351,0.3712502121925354,0.7404612302780151,0.6919012665748596,0.5660378336906433,0.26119136810302734,0.5944485664367676,0.5761125683784485,-0.011495773680508137,0.3923768401145935,0.7420176267623901,0.6921874284744263,0.3770087659358978,0.2731076776981354,0.8627601861953735,1.0294612646102905,-0.1487625539302826,0.9263596534729004,0.7736145257949829,1.0347254276275635,0.14940211176872253,0.940783679485321,0.8511117100715637,1.298725962638855,-0.1259533315896988,0.3104022443294525,0.7658922672271729,1.313849925994873,0.3033413290977478,0.16451889276504517,0.8665525317192078,1.5594786405563354,0.032425735145807266,0.050067514181137085,0.7820094227790833,1.5794059038162231,0.4291144907474518,0.027465244755148888,0.8836067914962769,1.6073367595672607,0.04671541601419449,0.09539470076560974,0.7901736497879028,1.6277477741241455,0.4373386800289154,0.04276980459690094,0.814858615398407,1.6154875755310059,-0.11726025491952896,0.0450516901910305,0.7578377723693848,1.6382811069488525,0.2668231129646301,0.02072947844862938
0.7496692538261414,0.5668769478797913,-0.05168028548359871,0.9994682669639587,0.7644475102424622,0.5349022150039673,-0.08108122646808624,0.9992383718490601,0.770805299282074,0.5321957468986511,-0.08115939795970917,0.9993343949317932,0.7766817808151245,0.5292442440986633,-0.08111926913261414,0.9994508624076843,0.7503434419631958,0.5405787825584412,-0.02522420510649681,0.9993402361869812,0.7475676536560059,0.5414199829101562,-0.024994926527142525,0.9991354942321777,0.7444665431976318,0.5425220131874084,-0.025299811735749245,0.9992798566818237,0.7968904972076416,0.5299043655395508,-0.10212348401546478,0.9996100068092346,0.757097601890564,0.545332670211792,0.14174354076385498,0.9994731545448303,0.7646392583847046,0.5890257954597473,-0.054893530905246735,0.9986706376075745,0.747822642326355,0.5912306904792786,0.017278824001550674,0.9977560639381409,0.8539528846740723,0.6126556396484375,-0.21665017306804657,0.9965249300003052,0.7699996829032898,0.6514598727226257,0.2926582396030426,0.9958758354187012,0.7411667108535767,0.5122280716896057,-0.3753328323364258,0.9892476797103882,0.7403596639633179,0.733680784702301,0.31581246852874756,0.5956955552101135,0.5878681540489197,0.5392839312553406,-0.026846647262573242,0.5889312624931335,0.7215972542762756,0.8617733716964722,0.14095287024974823,0.27204373478889465,0.5468840599060059,0.5438233613967896,-0.04434853792190552,0.35381901264190674,0.7145736217498779,0.9116085171699524,0.12401019036769867,0.22740082442760468,0.5720647573471069,0.5676361918449402,0.007127304561436176,0.35067275166511536,0.722554087638855,0.8966429829597473,0.10917844623327255,0.24337033927440643,0.5906106233596802,0.575516939163208,-0.0037565226666629314,0.3732866048812866,0.7258791923522949,0.8776397705078125,0.12080506235361099,0.2554227113723755,0.8595281839370728,1.026443600654602,-0.1479022353887558,0.9270692467689514,0.7725918292999268,1.0345572233200073,0.14861226081848145,0.9419647455215454,0.8480143547058105,1.2982103824615479,-0.12494871765375137,0.2921976149082184,0.7656211853027344,1.3117547035217285,0.30320030450820923,0.153656467795372,0.8629889488220215,1.5573513507843018,0.03554048389196396,0.04597782716155052,0.7819710969924927,1.5773909091949463,0.4325128197669983,0.025192011147737503,0.8791167140007019,1.6049104928970337,0.049318112432956696,0.08819064497947693,0.7901109457015991,1.6245650053024292,0.4417455792427063,0.040177278220653534,0.8089486360549927,1.6141765117645264,-0.11121527850627899,0.0413726344704628,0.7564209699630737,1.6359145641326904,0.27741190791130066,0.01914181374013424
0.7496883273124695,0.5669971704483032,-0.0872308760881424,0.9994747042655945,0.7644798159599304,0.5349427461624146,-0.11124587059020996,0.9992411136627197,0.7708573937416077,0.5322704911231995,-0.11137702316045761,0.999333918094635,0.7767948508262634,0.5294424891471863,-0.11143757402896881,0.9994497299194336,0.7504690885543823,0.540513277053833,-0.059732746332883835,0.9993497133255005,0.7477501034736633,0.5413522720336914,-0.05953861027956009,0.9991461038589478,0.7447080612182617,0.5424553155899048,-0.05983395129442215,0.9992828965187073,0.7970617413520813,0.5301312804222107,-0.12081249058246613,0.9996192455291748,0.7576071619987488,0.5453084111213684,0.11425163596868515,0.9994762539863586,0.7647194862365723,0.5895281434059143,-0.08356035500764847,0.998718798160553,0.7478892803192139,0.59187251329422,-0.015257100574672222,0.9977914690971375,0.8545090556144714,0.6133126616477966,-0.24937574565410614,0.9967232942581177,0.7700818777084351,0.652016282081604,0.2828751504421234,0.9960850477218628,0.745055615901947,0.5111347436904907,-0.4018281400203705,0.9893752336502075,0.7411004304885864,0.768916130065918,0.2928622364997864,0.5607585906982422,0.5851878523826599,0.5378473997116089,-0.03953786939382553,0.5817386507987976,0.7220146059989929,0.9088141918182373,0.10075075924396515,0.25088444352149963,0.5408822298049927,0.5423473715782166,-0.06577218323945999,0.33800455927848816,0.7140771746635437,0.9564334750175476,0.0862046554684639,0.21128058433532715,0.5667189955711365,0.5657750964164734,-0.00042232181294821203,0.3362102508544922,0.7219595313072205,0.9448075890541077,0.0552641823887825,0.22740335762500763,0.5870053172111511,0.5736251473426819,-0.0048872074112296104,0.3597888648509979,0.7253955602645874,0.9264466166496277,0.07733891159296036,0.2394111156463623,0.859592080116272,1.0320059061050415,-0.1491917073726654,0.9295106530189514,0.7726153135299683,1.0374104976654053,0.1498509645462036,0.9435290694236755,0.8478648066520691,1.3060044050216675,-0.13346514105796814,0.27975061535835266,0.7659343481063843,1.320488691329956,0.30750712752342224,0.14538797736167908,0.8608185052871704,1.5639362335205078,0.04327810928225517,0.04292432218790054,0.7815422415733337,1.5840232372283936,0.444139301776886,0.023401912301778793,0.875601589679718,1.610770344734192,0.059041064232587814,0.08202563971281052,0.7893355488777161,1.629957914352417,0.4553678631782532,0.038060542196035385,0.8070032000541687,1.619960069656372,-0.10601586103439331,0.03858836367726326,0.7562844753265381,1.6410304307937622,0.2938886284828186,0.017939727753400803
0.7495872378349304,0.567735493183136,-0.10708179324865341,0.9994535446166992,0.7643945813179016,0.536033570766449,-0.1309153139591217,0.9992329478263855,0.7707275152206421,0.5334548354148865,-0.13099956512451172,0.9993324875831604,0.7765573263168335,0.5308640599250793,-0.13114359974861145,0.9994490742683411,0.7505175471305847,0.5410349369049072,-0.08378584682941437,0.9993383288383484,0.747793436050415,0.541675865650177,-0.08367657661437988,0.999136745929718,0.7448161840438843,0.5426036715507507,-0.083931565284729,0.9992663264274597,0.7964857816696167,0.5313330888748169,-0.13658873736858368,0.999627947807312,0.7582966685295105,0.5452674031257629,0.08164090663194656,0.9994747638702393,0.764471709728241,0.5900614857673645,-0.10115977376699448,0.9987241625785828,0.7479095458984375,0.5922731161117554,-0.03836781904101372,0.9977278113365173,0.8544856905937195,0.6133308410644531,-0.24613507091999054,0.9969090819358826,0.7732458114624023,0.65217524766922,0.25069209933280945,0.9961443543434143,0.7393450736999512,0.5115894079208374,-0.3983633518218994,0.9897994995117188,0.7405543327331543,0.7161075472831726,0.26642340421676636,0.5680286884307861,0.5760715007781982,0.53486168384552,-0.054168056696653366,0.5896831750869751,0.7392892241477966,0.7067446112632751,0.1723310947418213,0.24150332808494568,0.5330457091331482,0.5361313223838806,-0.076683409512043,0.3361377418041229,0.7413582801818848,0.6980046629905701,0.1643516570329666,0.20146267116069794,0.5573311448097229,0.5564191937446594,-0.019143184646964073,0.3347490131855011,0.7440243363380432,0.7000998258590698,0.19187167286872864,0.21684591472148895,0.5758684873580933,0.5645977258682251,-0.024375982582569122,0.35896944999694824,0.7457818388938904,0.7038980722427368,0.17598676681518555,0.22877201437950134,0.8601081967353821,1.03164541721344,-0.14869876205921173,0.9345911145210266,0.7765997648239136,1.0372681617736816,0.14946578443050385,0.9471490383148193,0.8475397825241089,1.2936911582946777,-0.06690569221973419,0.2741128206253052,0.7661918997764587,1.3065868616104126,0.3090437054634094,0.14086288213729858,0.8580151796340942,1.553831696510315,0.14872267842292786,0.040965765714645386,0.7810081243515015,1.5668615102767944,0.45766177773475647,0.022725656628608704,0.8742409944534302,1.603082299232483,0.16640985012054443,0.07920854538679123,0.7893317937850952,1.6119983196258545,0.46987205743789673,0.03704613819718361,0.8006370663642883,1.600315809249878,0.023859914392232895,0.03674688562750816,0.75055330991745,1.6198066473007202,0.3214724361896515,0.01735149882733822
0.7496029138565063,0.5677784085273743,-0.11160062253475189,0.9994373321533203,0.764423668384552,0.5359968543052673,-0.13829270005226135,0.9992178678512573,0.7707843780517578,0.5334317684173584,-0.13838917016983032,0.9993313550949097,0.7766417860984802,0.5308864712715149,-0.13853760063648224,0.9994434118270874,0.7508825063705444,0.5409898161888123,-0.08989636600017548,0.999316930770874,0.7483787536621094,0.5416306257247925,-0.08982692658901215,0.9991220235824585,0.7456239461898804,0.5424807071685791,-0.0900687724351883,0.9992451071739197,0.7965850234031677,0.5313454866409302,-0.16171646118164062,0.9996334910392761,0.7600547671318054,0.5444411635398865,0.06414759159088135,0.9994768500328064,0.7644885778427124,0.5902748703956604,-0.11218943446874619,0.9987192749977112,0.7482688426971436,0.5924293994903564,-0.04735715314745903,0.9976835250854492,0.8546280860900879,0.6137813925743103,-0.2651001214981079,0.9969802498817444,0.7768782377243042,0.6524399518966675,0.2397567331790924,0.9960307478904724,0.7318969964981079,0.5064102411270142,-0.39122939109802246,0.989808201789856,0.7392330765724182,0.6587690114974976,0.3808039724826813,0.5709812641143799,0.5774074792861938,0.5329458117485046,0.01770723983645439,0.5720942616462708,0.7375584244728088,0.6156784296035767,0.5225935578346252,0.22501374781131744,0.5367408990859985,0.533376157283783,0.0057325889356434345,0.31800466775894165,0.7425827980041504,0.5961810350418091,0.5317869186401367,0.18658483028411865,0.5617552399635315,0.5541940927505493,0.045482099056243896,0.31709882616996765,0.7407733201980591,0.6040449142456055,0.5406013131141663,0.2010519951581955,0.5794769525527954,0.5616146922111511,0.037358641624450684,0.34107914566993713,0.7410694360733032,0.6119882464408875,0.5187188982963562,0.21226754784584045,0.86085444688797,1.0356793403625488,-0.15055036544799805,0.9376576542854309,0.7832258343696594,1.0403224229812622,0.15113110840320587,0.9489860534667969,0.8471639752388,1.2863339185714722,-0.07427580654621124,0.27494028210639954,0.7696295976638794,1.3028876781463623,0.31816571950912476,0.142771378159523,0.8572986721992493,1.5496768951416016,0.13912317156791687,0.04214617609977722,0.781775951385498,1.5648199319839478,0.4756007790565491,0.025143709033727646,0.8743093609809875,1.6020910739898682,0.1566324084997177,0.08232876658439636,0.7908674478530884,1.6107141971588135,0.48817625641822815,0.04133940115571022,0.7981189489364624,1.591489315032959,0.021351857110857964,0.03717711195349693,0.7483305931091309,1.6171836853027344,0.3491559624671936,0.019037850201129913
0.7500849962234497,0.567920446395874,-0.09631995111703873,0.999409019947052,0.7647837996482849,0.5359656810760498,-0.1197439581155777,0.9991940855979919,0.7710179090499878,0.5334026217460632,-0.11984769999980927,0.9993236660957336,0.7768204212188721,0.5308687686920166,-0.11994453519582748,0.9994345307350159,0.7519596815109253,0.5409485697746277,-0.07137171924114227,0.9992876052856445,0.7496668696403503,0.5416074991226196,-0.07127273082733154,0.9990935325622559,0.7471299171447754,0.5424221158027649,-0.0715632513165474,0.9992149472236633,0.7971984148025513,0.5312829613685608,-0.13539743423461914,0.9996350407600403,0.7622898817062378,0.544063925743103,0.08342181891202927,0.9994716048240662,0.7647708654403687,0.5905295014381409,-0.0953071266412735,0.9986739158630371,0.7492204904556274,0.5926945209503174,-0.030769526958465576,0.9975742101669312,0.8548558354377747,0.6135608553886414,-0.2524816691875458,0.9969933032989502,0.7791142463684082,0.6523759365081787,0.25189119577407837,0.9956769347190857,0.7269343137741089,0.5038673281669617,-0.35466229915618896,0.9898077845573425,0.7374528646469116,0.6492334008216858,0.4047095775604248,0.5716626644134521,0.5713496208190918,0.5235665440559387,0.026242773979902267,0.5649600625038147,0.7323682904243469,0.5961408615112305,0.5397824645042419,0.21027158200740814,0.5302689075469971,0.5196745991706848,0.01491987518966198,0.30854082107543945,0.7367140054702759,0.5712241530418396,0.5484327077865601,0.17359326779842377,0.5562376379966736,0.5379918217658997,0.05380656197667122,0.3085550367832184,0.7350596189498901,0.5799912214279175,0.5611981153488159,0.187207892537117,0.5737159848213196,0.5471667051315308,0.04488731920719147,0.33214542269706726,0.7360446453094482,0.5897234082221985,0.5370419025421143,0.19758573174476624,0.8621715307235718,1.0352261066436768,-0.1501852124929428,0.9398529529571533,0.7895727753639221,1.0405936241149902,0.1508493572473526,0.9496738314628601,0.8461793661117554,1.2666308879852295,-0.10763315856456757,0.28477776050567627,0.7698560953140259,1.289084792137146,0.2824276089668274,0.1501007229089737,0.8503023386001587,1.5339055061340332,0.0587526373565197,0.045306988060474396,0.7798480987548828,1.5521166324615479,0.38682791590690613,0.028217632323503494,0.8688496351242065,1.5883556604385376,0.07280447334051132,0.0916973203420639,0.7895641922950745,1.5991991758346558,0.39359861612319946,0.046530961990356445,0.7863820791244507,1.5733333826065063,-0.036797896027565,0.039374448359012604,0.7382739782333374,1.6012333631515503,0.2691679894924164,0.020828813314437866
0.7503182291984558,0.5678891539573669,-0.0882623940706253,0.9993429183959961,0.7648068070411682,0.5359703302383423,-0.11102534830570221,0.9991210699081421,0.7710781097412109,0.5334367752075195,-0.1111316829919815,0.9992750287055969,0.7768567800521851,0.5309526324272156,-0.11125092208385468,0.9993910193443298,0.7524758577346802,0.5409165620803833,-0.0642765611410141,0.9992116689682007,0.7503414750099182,0.5415709614753723,-0.06419150531291962,0.998997151851654,0.7479220628738403,0.5423409342765808,-0.06446219980716705,0.999129056930542,0.7972466945648193,0.5313094854354858,-0.12662582099437714,0.999612033367157,0.7628896832466125,0.5439570546150208,0.08320800215005875,0.9994407892227173,0.7648072242736816,0.5905142426490784,-0.08725067973136902,0.9985240697860718,0.7498245239257812,0.5926780700683594,-0.02503298595547676,0.9973255395889282,0.8550723791122437,0.6133591532707214,-0.2476450502872467,0.9968981742858887,0.7794373035430908,0.6518237590789795,0.2520110011100769,0.9952679872512817,0.7249113321304321,0.500599205493927,-0.32382339239120483,0.9895009398460388,0.7368737459182739,0.6279067993164062,0.4377826750278473,0.5747349858283997,0.5767269134521484,0.5196757316589355,0.05262722820043564,0.5495567917823792,0.7299696207046509,0.5719427466392517,0.6122254133224487,0.1986711621284485,0.536056637763977,0.517225444316864,0.0434630811214447,0.2957325279712677,0.733332633972168,0.547633945941925,0.6231913566589355,0.1630590409040451,0.5610320568084717,0.534943163394928,0.07662634551525116,0.29656603932380676,0.7326341867446899,0.5580516457557678,0.6364864110946655,0.17609238624572754,0.5783563852310181,0.54364413022995,0.06898243725299835,0.31946101784706116,0.7341772317886353,0.5674079656600952,0.6101181507110596,0.1856144815683365,0.8632065057754517,1.0348591804504395,-0.15000295639038086,0.9394936561584473,0.7936063408851624,1.0406246185302734,0.1504831612110138,0.9486281871795654,0.8448427319526672,1.2425786256790161,-0.10780210793018341,0.29941117763519287,0.7711865305900574,1.2688981294631958,0.2760346233844757,0.16489817202091217,0.8483147621154785,1.5117064714431763,0.060920387506484985,0.05100405588746071,0.7798570394515991,1.5317679643630981,0.37840598821640015,0.03345359489321709,0.8678051829338074,1.5676134824752808,0.07333678752183914,0.10599486529827118,0.7898645997047424,1.5790088176727295,0.3855510354042053,0.05547869950532913,0.7835575938224792,1.5500338077545166,-0.0243663489818573,0.0436377115547657,0.7348257303237915,1.5804035663604736,0.26979464292526245,0.023919571191072464
0.7504168748855591,0.5685432553291321,-0.08424180746078491,0.9993502497673035,0.7648929357528687,0.5361782908439636,-0.10716518014669418,0.9991448521614075,0.7711026072502136,0.5336531400680542,-0.10727691650390625,0.9992964267730713,0.7769067883491516,0.5312291383743286,-0.1074235588312149,0.9994097352027893,0.7528795003890991,0.5410457849502563,-0.06082268804311752,0.9992349147796631,0.7508319616317749,0.5416854619979858,-0.060747940093278885,0.9990251064300537,0.7484585642814636,0.5424699783325195,-0.06100083142518997,0.9991507530212402,0.7972778081893921,0.5317070484161377,-0.12400014698505402,0.9996291995048523,0.7634034156799316,0.5441152453422546,0.08708597719669342,0.999463677406311,0.7648136615753174,0.5915549397468567,-0.08317280560731888,0.9985649585723877,0.7500969171524048,0.59400874376297,-0.021162455901503563,0.99737548828125,0.8550947308540344,0.6134825944900513,-0.24657301604747772,0.9970321655273438,0.7805047631263733,0.6550519466400146,0.25607916712760925,0.9952380061149597,0.7264196276664734,0.4992661476135254,-0.3302002549171448,0.9895287156105042,0.7409411668777466,0.6316775679588318,0.4136495590209961,0.5648401975631714,0.5760335326194763,0.5206066370010376,0.025235053151845932,0.5534720420837402,0.7367085218429565,0.646259605884552,0.45241862535476685,0.1878020167350769,0.5353966951370239,0.5179387927055359,0.01377823669463396,0.29700833559036255,0.7420488595962524,0.6340372562408447,0.45349520444869995,0.1541064828634262,0.5599756836891174,0.5348728895187378,0.05311272293329239,0.29915621876716614,0.7403507232666016,0.6370944976806641,0.4578266143798828,0.1666783094406128,0.577137291431427,0.5440062284469604,0.043815337121486664,0.32127758860588074,0.7415338754653931,0.6422178149223328,0.4447627067565918,0.1753067672252655,0.8630110025405884,1.035085916519165,-0.14922690391540527,0.9415693879127502,0.7939419746398926,1.0416396856307983,0.14959506690502167,0.9492009282112122,0.8408462405204773,1.2407622337341309,-0.1047535091638565,0.3165915310382843,0.7712182402610779,1.2673112154006958,0.279680460691452,0.16971126198768616,0.8449748158454895,1.5098274946212769,0.08130230754613876,0.0565696656703949,0.7798529863357544,1.5311509370803833,0.3885385990142822,0.03624977171421051,0.8651466369628906,1.565854549407959,0.09801501035690308,0.1177084669470787,0.7904345393180847,1.5788570642471313,0.39671194553375244,0.059504952281713486,0.778185248374939,1.5453708171844482,0.0016631139442324638,0.04819592460989952,0.7316631078720093,1.577890157699585,0.2758024334907532,0.02622595801949501
0.750421404838562,0.5691741108894348,-0.06672701984643936,0.9992027282714844,0.7648834586143494,0.536655068397522,-0.0879911258816719,0.9989599585533142,0.7709835767745972,0.5341598987579346,-0.0880705937743187,0.9991499781608582,0.7766062021255493,0.5318259596824646,-0.08824338018894196,0.9992977976799011,0.7528964281082153,0.5413821339607239,-0.045882511883974075,0.9990559816360474,0.7508605718612671,0.5419988036155701,-0.04585997015237808,0.9987755417823792,0.74852454662323,0.5427919626235962,-0.046149708330631256,0.9989482164382935,0.7963915467262268,0.5325670838356018,-0.11145663261413574,0.9995550513267517,0.7633477449417114,0.5447053909301758,0.0911632552742958,0.9993720650672913,0.7647979855537415,0.5922214388847351,-0.06995023787021637,0.9982696771621704,0.7502325177192688,0.5946210026741028,-0.013500233180820942,0.9969174861907959,0.8547681570053101,0.6139833927154541,-0.21133670210838318,0.9964914321899414,0.7805001139640808,0.6546680331230164,0.2502337694168091,0.9943704605102539,0.7290798425674438,0.5002134442329407,-0.27588942646980286,0.9890336990356445,0.7330687046051025,0.6201664805412292,0.4234769940376282,0.5795617699623108,0.587215006351471,0.5187255144119263,0.12349196523427963,0.5287177562713623,0.7356215119361877,0.5699588656425476,0.5960643887519836,0.1784592717885971,0.5474194288253784,0.5175921320915222,0.12443171441555023,0.279695063829422,0.740331768989563,0.5495490431785583,0.6078692078590393,0.14522957801818848,0.5728816986083984,0.5342012047767639,0.15666043758392334,0.28205522894859314,0.7402997612953186,0.5604845285415649,0.6270569562911987,0.1572750210762024,0.5891433358192444,0.5423648953437805,0.14050883054733276,0.30388540029525757,0.7417336106300354,0.5686196088790894,0.5964745283126831,0.1652746945619583,0.8629501461982727,1.035002589225769,-0.14515504240989685,0.9405848979949951,0.7927972078323364,1.0417128801345825,0.1453782171010971,0.9479780793190002,0.8410487174987793,1.2431508302688599,-0.14070653915405273,0.32239213585853577,0.7725219130516052,1.2677894830703735,0.27312934398651123,0.1733877807855606,0.8451277613639832,1.5100222826004028,-0.0143393874168396,0.056728869676589966,0.7836392521858215,1.5308172702789307,0.365438848733902,0.0369553342461586,0.865981936454773,1.564436674118042,-0.0039521739818155766,0.12161675095558167,0.7950078248977661,1.5777385234832764,0.3714333772659302,0.06124541535973549,0.778738796710968,1.5508439540863037,-0.11001817137002945,0.04822658747434616,0.7362068891525269,1.58076012134552,0.26251137256622314,0.026531396433711052
0.7528126835823059,0.5694639086723328,-0.10201568901538849,0.9991306066513062,0.7671852111816406,0.5368704199790955,-0.12481632083654404,0.9988848567008972,0.7732826471328735,0.5343560576438904,-0.1248965635895729,0.9990851283073425,0.7789950966835022,0.5319870710372925,-0.12499471753835678,0.9992491006851196,0.7550941705703735,0.5414569973945618,-0.07999812066555023,0.9989795684814453,0.7529780864715576,0.5420399904251099,-0.07993924617767334,0.9986725449562073,0.7504693269729614,0.5428157448768616,-0.08023358881473541,0.9988643527030945,0.799397885799408,0.5323236584663391,-0.14245173335075378,0.9995200634002686,0.7651109099388123,0.5446524024009705,0.06940747797489166,0.9993239045143127,0.7671935558319092,0.5925740599632263,-0.10241807997226715,0.9981768727302551,0.7529074549674988,0.5946009159088135,-0.04228049889206886,0.9967163801193237,0.8583253026008606,0.6135380268096924,-0.24638602137565613,0.9965329766273499,0.7802022695541382,0.6537885069847107,0.24370858073234558,0.9943270683288574,0.7367139458656311,0.5013973712921143,-0.34602442383766174,0.9894264936447144,0.7263139486312866,0.6411107778549194,0.4295739531517029,0.6003844738006592,0.5898783206939697,0.5189915895462036,0.05474488064646721,0.5345557332038879,0.7334423661231995,0.6022586822509766,0.5974031090736389,0.17254401743412018,0.5495463609695435,0.5184733867645264,0.04877721518278122,0.27697819471359253,0.7376273274421692,0.5886324644088745,0.6092492341995239,0.137817844748497,0.5747275352478027,0.5354158282279968,0.07426844537258148,0.2786578834056854,0.7390609383583069,0.5961238741874695,0.6232903003692627,0.1493091583251953,0.5919116735458374,0.5434717535972595,0.06944920867681503,0.3016672730445862,0.7399786710739136,0.6015798449516296,0.5957905054092407,0.15746523439884186,0.8709132075309753,1.0348929166793823,-0.14600969851016998,0.9430227875709534,0.7925642728805542,1.0413094758987427,0.14637954533100128,0.9496987462043762,0.8549257516860962,1.270601749420166,-0.13523806631565094,0.30041947960853577,0.7771466970443726,1.2867352962493896,0.28068068623542786,0.16473962366580963,0.8609944581985474,1.5315155982971191,0.015068250708281994,0.05207270756363869,0.7870984673500061,1.5464420318603516,0.42047151923179626,0.03445250913500786,0.8797078132629395,1.5806375741958618,0.030530694872140884,0.11158913373947144,0.7967754006385803,1.5903781652450562,0.4309733510017395,0.05738084763288498,0.8051131963729858,1.582650899887085,-0.09675244987010956,0.044375691562891006,0.7529900074005127,1.6037770509719849,0.27644214034080505,0.024928178638219833
0.7544873952865601,0.5686696171760559,-0.10023142397403717,0.9989560842514038,0.7684572339057922,0.5367282032966614,-0.12466398626565933,0.9987260103225708,0.7743679881095886,0.5342566967010498,-0.12475957721471786,0.9989701509475708,0.7800785303115845,0.5318982601165771,-0.12490147352218628,0.9991464614868164,0.7569490671157837,0.540943443775177,-0.07920466363430023,0.9988113045692444,0.7549866437911987,0.5413886308670044,-0.07916344702243805,0.9984563589096069,0.75257408618927,0.5420325994491577,-0.07942914217710495,0.9986630082130432,0.8015475273132324,0.531829297542572,-0.15293817222118378,0.9994630217552185,0.7672058343887329,0.543592631816864,0.06002379208803177,0.9992378354072571,0.7685350179672241,0.5915834903717041,-0.10340176522731781,0.9979104399681091,0.754872739315033,0.5928888320922852,-0.0426495298743248,0.9962343573570251,0.8607643246650696,0.6125468611717224,-0.25807908177375793,0.9964745044708252,0.7799885272979736,0.6521603465080261,0.23791258037090302,0.9939723610877991,0.7372561097145081,0.5039685964584351,-0.3606643080711365,0.9894441366195679,0.7229865789413452,0.6178255677223206,0.45417723059654236,0.605201780796051,0.5944682359695435,0.5195026993751526,0.03183639794588089,0.5303819179534912,0.7332926988601685,0.565040647983551,0.6486964821815491,0.16504448652267456,0.55431067943573,0.5188143253326416,0.03262918069958687,0.2713567614555359,0.7358832955360413,0.5460343956947327,0.6658486127853394,0.13068890571594238,0.5793516039848328,0.5360459089279175,0.044867947697639465,0.2734166085720062,0.737162172794342,0.5568059682846069,0.6807469725608826,0.14180220663547516,0.5969281792640686,0.5443055033683777,0.04377876594662666,0.29627665877342224,0.738513171672821,0.5638256669044495,0.648507297039032,0.1497216522693634,0.8737258911132812,1.0341222286224365,-0.146174818277359,0.9451106786727905,0.7971543073654175,1.0395629405975342,0.14653770625591278,0.9515684843063354,0.8540275692939758,1.2702381610870361,-0.13047906756401062,0.2887592911720276,0.7803512811660767,1.283827304840088,0.26800981163978577,0.16223059594631195,0.8604038953781128,1.5300852060317993,0.030918216332793236,0.049028027802705765,0.7876951694488525,1.5442148447036743,0.38699397444725037,0.0332799106836319,0.8791168928146362,1.5792685747146606,0.04507124423980713,0.10618587583303452,0.797264039516449,1.588966965675354,0.3944355845451355,0.05560828745365143,0.803789496421814,1.5801199674606323,-0.09211106598377228,0.04202093929052353,0.7518085241317749,1.5985995531082153,0.2580721974372864,0.02393685281276703
0.7545615434646606,0.5715370178222656,-0.09961141645908356,0.998991072177887,0.7684764862060547,0.5400362610816956,-0.12369861453771591,0.9987691640853882,0.7743927240371704,0.5373706817626953,-0.12385869026184082,0.9990092515945435,0.7801386117935181,0.5347300171852112,-0.12401778995990753,0.9991775751113892,0.7569408416748047,0.5441669225692749,-0.07637254893779755,0.9988492131233215,0.7549505829811096,0.5445714592933655,-0.07633648812770844,0.9985118508338928,0.7525259852409363,0.5450848937034607,-0.07659740746021271,0.9987079501152039,0.8017288446426392,0.5331509709358215,-0.1494169533252716,0.9994853734970093,0.7670781016349792,0.5457590818405151,0.0684623047709465,0.9992690682411194,0.7687303423881531,0.5934914946556091,-0.10292528569698334,0.9979874491691589,0.755118727684021,0.5946598649024963,-0.03969021141529083,0.9963582754135132,0.8612993955612183,0.6125637888908386,-0.25533467531204224,0.9966464042663574,0.7803999185562134,0.6522095203399658,0.24233898520469666,0.9941476583480835,0.7393906712532043,0.5097182393074036,-0.3518703281879425,0.9899033308029175,0.7239267826080322,0.6352714896202087,0.4337922930717468,0.6234027147293091,0.5940084457397461,0.5210493803024292,0.028650661930441856,0.5392823219299316,0.7425936460494995,0.5868049263954163,0.6125528216362,0.16268762946128845,0.5533506870269775,0.5209717750549316,0.022328466176986694,0.272329181432724,0.7506719827651978,0.5693172812461853,0.6267296671867371,0.12632884085178375,0.5783661603927612,0.5373238921165466,0.05060841515660286,0.2740868330001831,0.7513893842697144,0.577877938747406,0.6436991691589355,0.1370183229446411,0.5962618589401245,0.5450221300125122,0.044653527438640594,0.29788926243782043,0.7508069276809692,0.584847092628479,0.6129088997840881,0.14484813809394836,0.8742772936820984,1.0342456102371216,-0.1461019068956375,0.9478989243507385,0.7961687445640564,1.0397095680236816,0.1464867740869522,0.95368492603302,0.8546468615531921,1.2758110761642456,-0.12710510194301605,0.27780792117118835,0.780722439289093,1.2893586158752441,0.27116116881370544,0.15621308982372284,0.8609994649887085,1.5368562936782837,0.036003272980451584,0.045949745923280716,0.7878710627555847,1.549944519996643,0.39004915952682495,0.03170568868517876,0.8802621960639954,1.587391972541809,0.04853219911456108,0.10030391812324524,0.7974165081977844,1.5954489707946777,0.3977186977863312,0.05316904932260513,0.8030508756637573,1.5858381986618042,-0.09084771573543549,0.03945378586649895,0.7514039278030396,1.6051621437072754,0.25838664174079895,0.022904163226485252
0.7555704712867737,0.5701931118965149,-0.09770269691944122,0.9989278316497803,0.7691977024078369,0.5394431352615356,-0.11990813165903091,0.9987244606018066,0.7749956846237183,0.5367406010627747,-0.12004430592060089,0.9989814162254333,0.7806987762451172,0.534066915512085,-0.12018021196126938,0.999146580696106,0.758051872253418,0.5435477495193481,-0.07268337160348892,0.998790979385376,0.7562230229377747,0.5439161062240601,-0.0726228877902031,0.9984421133995056,0.7540056109428406,0.544371485710144,-0.072902612388134,0.998639702796936,0.8030129671096802,0.532052218914032,-0.14554062485694885,0.9994620680809021,0.7688683867454529,0.5447436571121216,0.0641389787197113,0.9992414712905884,0.7695310115814209,0.5913829803466797,-0.09745682775974274,0.9978763461112976,0.756618082523346,0.5924988985061646,-0.03530047833919525,0.9961438179016113,0.861993134021759,0.6110676527023315,-0.25001704692840576,0.9966880083084106,0.7833384275436401,0.6499390006065369,0.23611946403980255,0.9938962459564209,0.742952287197113,0.5512117743492126,-0.3513513207435608,0.9898813366889954,0.7241655588150024,0.6206467747688293,0.45771098136901855,0.617435097694397,0.5969491600990295,0.5213475227355957,0.004248048644512892,0.541397750377655,0.7314229607582092,0.5612200498580933,0.6460951566696167,0.15784423053264618,0.5573205351829529,0.5212517976760864,3.014933827216737e-05,0.27422499656677246,0.7360290288925171,0.5379045009613037,0.6631521582603455,0.12226876616477966,0.5817371606826782,0.5370683670043945,0.02351304329931736,0.27669408917427063,0.7385222315788269,0.5470419526100159,0.6760873794555664,0.132817804813385,0.5991605520248413,0.5448718667030334,0.018804941326379776,0.29978686571121216,0.7393606901168823,0.5553587079048157,0.6455020904541016,0.14007650315761566,0.8771597743034363,1.0314583778381348,-0.14411647617816925,0.9498936533927917,0.8056343197822571,1.0358227491378784,0.1443578451871872,0.9552037119865417,0.8540541529655457,1.2401055097579956,-0.12275338172912598,0.27599313855171204,0.783532440662384,1.2551686763763428,0.2567916810512543,0.15960028767585754,0.8606627583503723,1.5019867420196533,0.050056297332048416,0.04573383554816246,0.7877158522605896,1.5145262479782104,0.36027467250823975,0.03246384114027023,0.8799833059310913,1.5527451038360596,0.06676562130451202,0.10145934671163559,0.7974393367767334,1.5602627992630005,0.3662761151790619,0.054790519177913666,0.799934446811676,1.5473309755325317,-0.03638821095228195,0.03989391773939133,0.7477392554283142,1.565613031387329,0.2504742443561554,0.02333061583340168
0.7556864619255066,0.5701281428337097,-0.09677913784980774,0.998911440372467,0.7692583799362183,0.5393559336662292,-0.11826463788747787,0.9987266659736633,0.7750411033630371,0.5365879535675049,-0.11836470663547516,0.998988926410675,0.7807498574256897,0.5338609218597412,-0.11846224218606949,0.9991475939750671,0.7581884860992432,0.5435060858726501,-0.0707603320479393,0.9987820386886597,0.7563985586166382,0.5438554286956787,-0.07067732512950897,0.9984320402145386,0.7541996240615845,0.544298529624939,-0.07099071145057678,0.9986240267753601,0.8035863637924194,0.531711220741272,-0.14299516379833221,0.999465823173523,0.768962025642395,0.5446678996086121,0.0639890804886818,0.9992478489875793,0.7697139978408813,0.5913190245628357,-0.0949680507183075,0.9978761672973633,0.7569606900215149,0.5923306941986084,-0.03289450705051422,0.9960831999778748,0.8623196482658386,0.6106144785881042,-0.24712033569812775,0.9968289732933044,0.7867578268051147,0.6497213244438171,0.23307481408119202,0.9937530755996704,0.7421212792396545,0.5343968868255615,-0.3437665104866028,0.9900603890419006,0.726324737071991,0.6286600232124329,0.47049593925476074,0.6044782996177673,0.5982764959335327,0.5213950276374817,-0.00345161696895957,0.5502376556396484,0.7287951707839966,0.5759299993515015,0.6613978743553162,0.1520775705575943,0.5589516162872314,0.521393358707428,-0.009496966376900673,0.2833525538444519,0.7345603704452515,0.5524581670761108,0.6806756258010864,0.11804953217506409,0.5825985670089722,0.5361912250518799,0.016062911599874496,0.28671717643737793,0.7360378503799438,0.5589720606803894,0.6898247003555298,0.12835846841335297,0.5997115969657898,0.5442675352096558,0.010969096794724464,0.3088738024234772,0.7364374995231628,0.5673577785491943,0.6596983671188354,0.13519978523254395,0.8770331144332886,1.0312286615371704,-0.1425272822380066,0.9518372416496277,0.8098931312561035,1.0358766317367554,0.14267900586128235,0.9563102722167969,0.8509796261787415,1.2115843296051025,-0.11396385729312897,0.28703773021698,0.783063530921936,1.2341238260269165,0.23262420296669006,0.16970254480838776,0.8546854257583618,1.4741088151931763,0.08779668807983398,0.05115838721394539,0.7868627309799194,1.489589810371399,0.317379891872406,0.03616732358932495,0.875930905342102,1.5255606174468994,0.10838470607995987,0.11276518553495407,0.7973755598068237,1.5359160900115967,0.3226696252822876,0.06178015470504761,0.7880756855010986,1.515989899635315,0.02627575770020485,0.04449214041233063,0.7356672883033752,1.5356649160385132,0.22080770134925842,0.02596198208630085
0.7562413215637207,0.5698404312133789,-0.0706334039568901,0.9988614916801453,0.7697089910507202,0.5392496585845947,-0.09124160557985306,0.9986950755119324,0.7754099369049072,0.5365009903907776,-0.0913352221250534,0.998954713344574,0.7810554504394531,0.5337900519371033,-0.09154422581195831,0.9991268515586853,0.7584970593452454,0.543412446975708,-0.048001788556575775,0.998742938041687,0.7565984725952148,0.5437948107719421,-0.04796444624662399,0.9983611106872559,0.75428706407547,0.5442808270454407,-0.0482126921415329,0.998579204082489,0.8035616874694824,0.5317206978797913,-0.11465461552143097,0.9994510412216187,0.7689264416694641,0.5447909832000732,0.08204136043787003,0.9992261528968811,0.7699779272079468,0.5909889340400696,-0.07155825197696686,0.99781733751297,0.7570561170578003,0.5922631621360779,-0.01406211219727993,0.9959601759910583,0.8622533082962036,0.6106290221214294,-0.20662422478199005,0.9967339038848877,0.7861806154251099,0.6493575572967529,0.24400600790977478,0.9934794306755066,0.75035560131073,0.5320242643356323,-0.30278488993644714,0.9900157451629639,0.7245073914527893,0.6243505477905273,0.4603002667427063,0.6108872890472412,0.6121984720230103,0.5254316926002502,0.04055790230631828,0.5454747080802917,0.7194178104400635,0.5709421038627625,0.6177527904510498,0.1503380686044693,0.5715435743331909,0.5264384150505066,0.03795924410223961,0.2784070372581482,0.7187532186508179,0.5502513647079468,0.6293092966079712,0.11585419625043869,0.5943607091903687,0.5388546586036682,0.06846431642770767,0.28235894441604614,0.721706748008728,0.5582740902900696,0.6418553590774536,0.12624356150627136,0.6113932728767395,0.5463048815727234,0.05684484913945198,0.30441388487815857,0.7251680493354797,0.5656282305717468,0.6156322360038757,0.13255131244659424,0.873929500579834,1.029377818107605,-0.13959142565727234,0.9517562985420227,0.8084778785705566,1.0333081483840942,0.13962861895561218,0.9563115835189819,0.8477416038513184,1.2183082103729248,-0.11918549239635468,0.2927538752555847,0.779538094997406,1.2404495477676392,0.23064811527729034,0.17713861167430878,0.8503033518791199,1.4814685583114624,0.05306418985128403,0.05208738520741463,0.7809712290763855,1.4994356632232666,0.3058116137981415,0.03769461065530777,0.8704487085342407,1.5329195261001587,0.06972319632768631,0.11651026457548141,0.7922860383987427,1.5457605123519897,0.3093913495540619,0.06369924545288086,0.7862503528594971,1.525227665901184,-0.011904580518603325,0.04559992253780365,0.730401337146759,1.5479750633239746,0.19756141304969788,0.026688216254115105
0.7562564611434937,0.5700199007987976,-0.08021693676710129,0.9988019466400146,0.7697197198867798,0.5392910242080688,-0.10360207408666611,0.9986461400985718,0.775415301322937,0.5365812182426453,-0.10369850695133209,0.9989187121391296,0.7810534834861755,0.5339171886444092,-0.1039339080452919,0.9990934133529663,0.7584936022758484,0.5434103012084961,-0.06006098911166191,0.9986780285835266,0.7565840482711792,0.5437897443771362,-0.05999276041984558,0.9982752799987793,0.7542603611946106,0.5442867875099182,-0.060201238840818405,0.9985069632530212,0.8035162091255188,0.5319036245346069,-0.13296304643154144,0.9994342923164368,0.7688066959381104,0.5448241829872131,0.06890083849430084,0.9992085695266724,0.7699984312057495,0.5913163423538208,-0.0829673558473587,0.9977417588233948,0.7570326924324036,0.5926428437232971,-0.024829868227243423,0.9958028197288513,0.8622852563858032,0.6105829477310181,-0.21534879505634308,0.9967919588088989,0.7858558893203735,0.6489331126213074,0.2272816002368927,0.9934215545654297,0.7510882616043091,0.5224908590316772,-0.3107221722602844,0.9899133443832397,0.7248086333274841,0.6163275241851807,0.4565226435661316,0.6133000254631042,0.6137191653251648,0.5255503058433533,0.03769739717245102,0.5335573554039001,0.7302058935165405,0.5657522082328796,0.669068455696106,0.14645719528198242,0.5732762813568115,0.5269144773483276,0.028856664896011353,0.269359290599823,0.7345712780952454,0.5460346937179565,0.6862704157829285,0.11215166747570038,0.5968749523162842,0.539596676826477,0.0654204934835434,0.2737879455089569,0.7377163171768188,0.5542372465133667,0.7032274007797241,0.12246186286211014,0.6137237548828125,0.5466156601905823,0.05598750710487366,0.2954719364643097,0.7388247847557068,0.5615310668945312,0.6704325675964355,0.12822912633419037,0.8736526370048523,1.0292811393737793,-0.1390152871608734,0.9529272317886353,0.8070296049118042,1.032958745956421,0.13905353844165802,0.9573851227760315,0.8477492332458496,1.219203233718872,-0.07065308094024658,0.291999876499176,0.7794623374938965,1.2388195991516113,0.23458340764045715,0.18193286657333374,0.8503259420394897,1.4792715311050415,0.15261028707027435,0.051688674837350845,0.7806128859519958,1.4957777261734009,0.34940454363822937,0.03867919743061066,0.8702428936958313,1.5297175645828247,0.17511120438575745,0.11763988435268402,0.7920799255371094,1.5413306951522827,0.35826319456100464,0.06575867533683777,0.7867742776870728,1.524733304977417,0.07929343730211258,0.04555901139974594,0.7309380173683167,1.546242594718933,0.25364261865615845,0.027102695778012276
0.7562583684921265,0.5693787336349487,-0.07932855933904648,0.9987437725067139,0.7697619199752808,0.5387285351753235,-0.10229101032018661,0.9985816478729248,0.7754460573196411,0.536057710647583,-0.10238580405712128,0.9988678693771362,0.7810760140419006,0.5332454442977905,-0.10261540114879608,0.9990529417991638,0.7585457563400269,0.5428072810173035,-0.05938701704144478,0.998613715171814,0.7566264867782593,0.5431858897209167,-0.05932515859603882,0.9981984496116638,0.754284143447876,0.543728232383728,-0.059548310935497284,0.9984433650970459,0.8034974336624146,0.5317772030830383,-0.12577174603939056,0.9994010925292969,0.7687146663665771,0.5446115732192993,0.07127665728330612,0.9991660118103027,0.7699912190437317,0.5905538201332092,-0.08058784902095795,0.9976038336753845,0.757013201713562,0.5923708081245422,-0.023345012217760086,0.9955453872680664,0.8622426986694336,0.6105933785438538,-0.20831696689128876,0.996616542339325,0.7856838703155518,0.6489716172218323,0.23108966648578644,0.9929892420768738,0.7509399652481079,0.5213561654090881,-0.31011202931404114,0.9896500110626221,0.7263533473014832,0.6191979646682739,0.43058234453201294,0.6165618896484375,0.6123837232589722,0.5271033644676208,0.036992840468883514,0.5228258371353149,0.7318589687347412,0.5728327035903931,0.6130882501602173,0.14229920506477356,0.5721471905708313,0.5285770297050476,0.030440563336014748,0.26014435291290283,0.7361451387405396,0.5558942556381226,0.6249890327453613,0.10813580453395844,0.5952495336532593,0.5419301390647888,0.06691686809062958,0.2647091746330261,0.7379320859909058,0.5634382367134094,0.6423024535179138,0.11826560646295547,0.6123112440109253,0.5486413836479187,0.05515183135867119,0.2865191102027893,0.7390510439872742,0.5698137283325195,0.6146773099899292,0.12373046576976776,0.8722490072250366,1.02851140499115,-0.13735228776931763,0.9537740349769592,0.8017807006835938,1.0329982042312622,0.13743378221988678,0.9577318429946899,0.8475850820541382,1.2273081541061401,-0.08098931610584259,0.29382795095443726,0.7782559394836426,1.2492505311965942,0.24820049107074738,0.18172316253185272,0.8504435420036316,1.486695647239685,0.12369849532842636,0.051490213721990585,0.7795037627220154,1.5060299634933472,0.37509313225746155,0.0391974076628685,0.8701800107955933,1.5369826555252075,0.14430639147758484,0.11796446889638901,0.7907150387763977,1.5513415336608887,0.38451892137527466,0.06595595926046371,0.787132740020752,1.532222032546997,0.051885925233364105,0.04543941095471382,0.7317129373550415,1.555873990058899,0.26477161049842834,0.027313070371747017
0.7564337253570557,0.569377601146698,-0.07631438225507736,0.9986711740493774,0.7698462605476379,0.5387580990791321,-0.100181445479393,0.9985174536705017,0.7755008935928345,0.5361077785491943,-0.10027462244033813,0.9988176822662354,0.7810989618301392,0.5333395600318909,-0.10050119459629059,0.9990132451057434,0.7587323784828186,0.5427914261817932,-0.057378798723220825,0.9985396265983582,0.7568572759628296,0.5431596040725708,-0.0573217049241066,0.9980993866920471,0.7545680403709412,0.5437013506889343,-0.0575464591383934,0.9983673095703125,0.8034642338752747,0.5318490862846375,-0.1261134147644043,0.9993691444396973,0.7691819071769714,0.5446041226387024,0.07205662876367569,0.9991313219070435,0.7702279686927795,0.5905881524085999,-0.07922190427780151,0.9974497556686401,0.7573288679122925,0.5923883318901062,-0.022051429376006126,0.9952707290649414,0.862213134765625,0.6107839941978455,-0.21169225871562958,0.996494710445404,0.786044180393219,0.6492481231689453,0.2315969467163086,0.9925205111503601,0.7489503026008606,0.5162875056266785,-0.31401172280311584,0.9890332818031311,0.7266327142715454,0.6239050626754761,0.4367620348930359,0.6123540997505188,0.611141562461853,0.5270830392837524,0.032699137926101685,0.510372519493103,0.7334979772567749,0.5775323510169983,0.625329852104187,0.13802039623260498,0.5721743106842041,0.5280106663703918,0.02733578160405159,0.2525273561477661,0.7386490702629089,0.558156430721283,0.640900731086731,0.10482436418533325,0.5956793427467346,0.5419300198554993,0.06264208257198334,0.2574247121810913,0.7407703399658203,0.5665109753608704,0.6579679846763611,0.11490867286920547,0.6119469404220581,0.5487053394317627,0.05035476014018059,0.2789369225502014,0.7414294481277466,0.5734459757804871,0.6262360215187073,0.11974932998418808,0.8720276951789856,1.0289517641067505,-0.13688956201076508,0.9528824687004089,0.8012450933456421,1.0335164070129395,0.1369793564081192,0.956376850605011,0.8470919728279114,1.2295974493026733,-0.08466657251119614,0.2942613959312439,0.7772420644760132,1.2512675523757935,0.24674181640148163,0.18219277262687683,0.8477158546447754,1.4899425506591797,0.11132428795099258,0.051414307206869125,0.7756633162498474,1.5085370540618896,0.35322684049606323,0.039475880563259125,0.8671774864196777,1.5406544208526611,0.12997612357139587,0.11889030784368515,0.7867834568023682,1.5540331602096558,0.36035916209220886,0.06606631726026535,0.7847250699996948,1.5340819358825684,0.029601532965898514,0.045792292803525925,0.7284715175628662,1.5577679872512817,0.24688057601451874,0.02763889543712139
0.7562025785446167,0.5700823068618774,-0.07845234125852585,0.9985840916633606,0.7698156833648682,0.5391729474067688,-0.10304298251867294,0.9984321594238281,0.7754870653152466,0.5365265607833862,-0.10314767062664032,0.9987512826919556,0.7810922861099243,0.5338276028633118,-0.10336901992559433,0.9989584684371948,0.7586904168128967,0.5432754755020142,-0.059805043041706085,0.9984501600265503,0.7568227648735046,0.5436626672744751,-0.059732455760240555,0.9979925751686096,0.7545381188392639,0.544254720211029,-0.059971392154693604,0.9982733130455017,0.8034431338310242,0.532291054725647,-0.12807126343250275,0.9993282556533813,0.7692171335220337,0.5450384020805359,0.07233957946300507,0.9990738034248352,0.7700310945510864,0.5913432836532593,-0.08040080964565277,0.9972586631774902,0.7571845650672913,0.5931110978126526,-0.02282283827662468,0.9949045777320862,0.8621865510940552,0.6114426851272583,-0.2156704217195511,0.9964116215705872,0.785869300365448,0.6502266526222229,0.2329409122467041,0.9921006560325623,0.747363805770874,0.5167161226272583,-0.3311079144477844,0.9886858463287354,0.7321826219558716,0.6392595171928406,0.4188304841518402,0.6090089678764343,0.5996732115745544,0.5273409485816956,-0.002856317674741149,0.506884753704071,0.733424723148346,0.5947652459144592,0.5710675716400146,0.13585253059864044,0.5586580038070679,0.5280383229255676,-0.013038774020969868,0.2491668164730072,0.738021731376648,0.5759723782539368,0.5812970995903015,0.1028977558016777,0.5828388929367065,0.5419961214065552,0.024436166509985924,0.2543039619922638,0.7401902079582214,0.5834172368049622,0.592328667640686,0.11299847066402435,0.5996133685112,0.5488511323928833,0.015704257413744926,0.27559927105903625,0.7408954501152039,0.5903497934341431,0.5691081285476685,0.11753857880830765,0.8700793385505676,1.0300053358078003,-0.13714389503002167,0.9544021487236023,0.7987619638442993,1.0347858667373657,0.13722345232963562,0.9574486613273621,0.8468036651611328,1.2373734712600708,-0.0639638751745224,0.29482749104499817,0.7769011855125427,1.2569619417190552,0.27747732400894165,0.18290312588214874,0.8479374051094055,1.496504306793213,0.14565984904766083,0.050721973180770874,0.7757614254951477,1.513784408569336,0.4121703505516052,0.03994627296924591,0.8673645257949829,1.546142339706421,0.16497811675071716,0.117951400578022,0.786832332611084,1.559049129486084,0.42282456159591675,0.06648751348257065,0.7851899862289429,1.5425763130187988,0.050607770681381226,0.04539131745696068,0.7292898297309875,1.5642846822738647,0.2995796799659729,0.027805140241980553
0.756083607673645,0.5702211260795593,-0.052101314067840576,0.9985563158988953,0.7695060968399048,0.5393796563148499,-0.07790771871805191,0.9984131455421448,0.7751738429069519,0.5367206335067749,-0.07799793779850006,0.9987348914146423,0.7807493209838867,0.5340459942817688,-0.07820397615432739,0.9989476203918457,0.7585784196853638,0.5434683561325073,-0.03394391015172005,0.9984138607978821,0.7567852735519409,0.54381263256073,-0.03386209160089493,0.9979515075683594,0.754520058631897,0.5443660616874695,-0.034103043377399445,0.9982555508613586,0.8031794428825378,0.5323927998542786,-0.11360549926757812,0.9993076324462891,0.7694119215011597,0.545033872127533,0.0912977084517479,0.9990535378456116,0.7699190974235535,0.5913538336753845,-0.05825183540582657,0.99714195728302,0.7571717500686646,0.5932444334030151,0.0006321651744656265,0.9946944713592529,0.8616750836372375,0.611461341381073,-0.20851333439350128,0.9962475895881653,0.7859809994697571,0.6502434611320496,0.2423543930053711,0.9915314316749573,0.7359031438827515,0.5129320621490479,-0.3153587877750397,0.9880567789077759,0.7321979999542236,0.6339027881622314,0.43090835213661194,0.6099584698677063,0.5926091074943542,0.5261581540107727,0.023890607059001923,0.49784228205680847,0.7333675622940063,0.5760980248451233,0.6160534024238586,0.13528744876384735,0.5538829565048218,0.5258283615112305,0.01533434260636568,0.24352768063545227,0.7377711534500122,0.5515323281288147,0.6310537457466125,0.10204187035560608,0.5787163376808167,0.5410553216934204,0.05184585601091385,0.24882400035858154,0.7401336431503296,0.5614847540855408,0.6440848112106323,0.11224981397390366,0.5943309664726257,0.5481461882591248,0.04155914857983589,0.2701289653778076,0.7406647801399231,0.5697706937789917,0.6152621507644653,0.11633973568677902,0.8664627075195312,1.029935598373413,-0.13735955953598022,0.9547833204269409,0.7973908185958862,1.0349599123001099,0.13742461800575256,0.9576424956321716,0.8457081913948059,1.2402397394180298,-0.07236693799495697,0.29528188705444336,0.7761611342430115,1.2607738971710205,0.26346325874328613,0.18171706795692444,0.8476384878158569,1.501807689666748,0.12927421927452087,0.04956582188606262,0.7752095460891724,1.51937997341156,0.37665635347366333,0.03984534740447998,0.8670355081558228,1.5517901182174683,0.1480177491903305,0.11591754853725433,0.7862301468849182,1.5650969743728638,0.38470324873924255,0.06592938303947449,0.7851279973983765,1.5471575260162354,0.034493930637836456,0.044509124010801315,0.7295870184898376,1.5692198276519775,0.25722187757492065,0.0277081448584795
0.7564041018486023,0.5700926184654236,-0.04590967670083046,0.9983948469161987,0.7701610326766968,0.5393702387809753,-0.06744768470525742,0.9982345104217529,0.7759696245193481,0.5367133021354675,-0.06755082309246063,0.998591959476471,0.7817118167877197,0.5340683460235596,-0.06777530908584595,0.9988407492637634,0.758961021900177,0.5434101819992065,-0.026826933026313782,0.9982194304466248,0.7570925354957581,0.543743371963501,-0.026732295751571655,0.997704803943634,0.754767656326294,0.5442876815795898,-0.026979034766554832,0.9980732202529907,0.8040196299552917,0.532756507396698,-0.08771400153636932,0.9992232918739319,0.7695127725601196,0.5450296998023987,0.1013609766960144,0.9989297986030579,0.7702728509902954,0.5913564562797546,-0.04706904664635658,0.996766984462738,0.7572805285453796,0.5931622982025146,0.007678450085222721,0.9939887523651123,0.8618775606155396,0.6120919585227966,-0.17786946892738342,0.9958561658859253,0.7858394384384155,0.6504552960395813,0.24661433696746826,0.9903769493103027,0.7365726828575134,0.513316810131073,-0.2759771943092346,0.986940324306488,0.7348824739456177,0.6328687071800232,0.41604775190353394,0.6055895090103149,0.5931829810142517,0.529264509677887,0.07318663597106934,0.4789467453956604,0.7386523485183716,0.575065553188324,0.5879729390144348,0.12987743318080902,0.5543056726455688,0.5277765393257141,0.07076086103916168,0.23209863901138306,0.744539201259613,0.5499661564826965,0.6006078720092773,0.09777054190635681,0.578967273235321,0.5433010458946228,0.1107516661286354,0.2375401109457016,0.7441027760505676,0.5605593919754028,0.619257390499115,0.10766790062189102,0.5947937965393066,0.5512396693229675,0.0923595204949379,0.25845324993133545,0.7445602416992188,0.5695841908454895,0.5890859365463257,0.11137058585882187,0.8652520179748535,1.0299742221832275,-0.13446003198623657,0.9527461528778076,0.7969298362731934,1.0356223583221436,0.13453176617622375,0.9549782276153564,0.8445693254470825,1.2388747930526733,-0.07516036927700043,0.3074393570423126,0.774120032787323,1.2604631185531616,0.24796023964881897,0.1882777065038681,0.8460677862167358,1.5007812976837158,0.11159976571798325,0.05228588730096817,0.7746277451515198,1.5189393758773804,0.34014958143234253,0.042048484086990356,0.865201473236084,1.551401138305664,0.12816737592220306,0.12237082421779633,0.7858461141586304,1.564697027206421,0.3462834060192108,0.06916049122810364,0.7840219736099243,1.545220971107483,0.031580276787281036,0.046367987990379333,0.7294052839279175,1.5687607526779175,0.22935299575328827,0.028996389359235764
0.756395697593689,0.5698865652084351,-0.038602180778980255,0.9983577132225037,0.7700972557067871,0.5393521785736084,-0.06242074444890022,0.998190701007843,0.7759101390838623,0.5367044806480408,-0.06252659112215042,0.9985599517822266,0.7816718220710754,0.5340639352798462,-0.06273961812257767,0.9988145232200623,0.7589550614356995,0.543326735496521,-0.018971560522913933,0.9981796145439148,0.7570827603340149,0.5436274409294128,-0.018875479698181152,0.9976595640182495,0.7547616958618164,0.5441361665725708,-0.01912550814449787,0.9980406165122986,0.8041669726371765,0.532749354839325,-0.09034738689661026,0.9992128610610962,0.7697265148162842,0.5448823571205139,0.1105002760887146,0.9989174008369446,0.7702721357345581,0.591240644454956,-0.042328428477048874,0.9966656565666199,0.7573274374008179,0.5929610729217529,0.015759775415062904,0.9937909841537476,0.8623506426811218,0.6121460795402527,-0.18434396386146545,0.9956316351890564,0.785765528678894,0.6511598825454712,0.26014208793640137,0.9899473786354065,0.7370092272758484,0.5103114247322083,-0.27718666195869446,0.986304759979248,0.7347952127456665,0.6325939893722534,0.4213622212409973,0.5952900648117065,0.5939375758171082,0.5292555093765259,0.08700363337993622,0.4620407223701477,0.738335371017456,0.5761650204658508,0.5786503553390503,0.12355963885784149,0.5556177496910095,0.527736246585846,0.08436060696840286,0.22215482592582703,0.7440016865730286,0.5536171197891235,0.5897260904312134,0.09320694208145142,0.5809159874916077,0.5434740781784058,0.12265187501907349,0.2278515100479126,0.7438098788261414,0.5641294717788696,0.6037164330482483,0.10289017856121063,0.5963667631149292,0.5514504313468933,0.10577218234539032,0.24868400394916534,0.7441939115524292,0.5725823640823364,0.5776196718215942,0.10638131201267242,0.8650829195976257,1.030124306678772,-0.1360698640346527,0.9496164917945862,0.7968791127204895,1.0359948873519897,0.13619151711463928,0.9515764713287354,0.8423355221748352,1.2384830713272095,-0.11639545857906342,0.31471216678619385,0.7723926305770874,1.2604796886444092,0.24324500560760498,0.1904052346944809,0.844275176525116,1.5008556842803955,0.03935260698199272,0.05382837727665901,0.7743948698043823,1.5192084312438965,0.31527194380760193,0.042688075453042984,0.8640569448471069,1.5530552864074707,0.05272386223077774,0.12763972580432892,0.7858213186264038,1.5656259059906006,0.3189665675163269,0.0709143653512001,0.7799171805381775,1.5450178384780884,-0.049292199313640594,0.04736053943634033,0.7267419099807739,1.569006323814392,0.2057206630706787,0.029433317482471466
0.756189227104187,0.5697548389434814,-0.0542251393198967,0.9983652830123901,0.7693213820457458,0.5392623543739319,-0.08465789258480072,0.998191773891449,0.7749548554420471,0.5366276502609253,-0.0847574770450592,0.9985637068748474,0.7806083559989929,0.5340129733085632,-0.084909588098526,0.9988090991973877,0.7588133215904236,0.543170690536499,-0.035565994679927826,0.9981764554977417,0.7570400238037109,0.5434260964393616,-0.03549778461456299,0.9976664185523987,0.7547527551651001,0.5439097285270691,-0.03571847826242447,0.9980457425117493,0.8041418790817261,0.5327135324478149,-0.13269320130348206,0.9992169141769409,0.7703388929367065,0.544403076171875,0.09137095510959625,0.9989343881607056,0.7701511979103088,0.5912097096443176,-0.06565330177545547,0.9966291785240173,0.7574008107185364,0.5929418802261353,-0.0005211841780692339,0.9937547445297241,0.8623582124710083,0.6127731204032898,-0.23901793360710144,0.9955925345420837,0.7860996127128601,0.6532391905784607,0.258811354637146,0.9899843335151672,0.731701135635376,0.5043283104896545,-0.32847946882247925,0.9857296943664551,0.7331141233444214,0.6216739416122437,0.4485858976840973,0.5895616412162781,0.5928251147270203,0.5287686586380005,0.029508713632822037,0.4537295401096344,0.7137436866760254,0.5696771740913391,0.6062303781509399,0.12374526262283325,0.5552765727043152,0.5277040004730225,0.014836430549621582,0.218076691031456,0.7107521891593933,0.5471552610397339,0.6169251203536987,0.09407133609056473,0.5801966786384583,0.5439012050628662,0.046039365231990814,0.22440102696418762,0.712783694267273,0.5587591528892517,0.6211984157562256,0.1044323518872261,0.5955947041511536,0.551611065864563,0.04381958395242691,0.24512261152267456,0.7162240743637085,0.56662917137146,0.5996752381324768,0.10773930698633194,0.8651196360588074,1.0355684757232666,-0.14475350081920624,0.946809709072113,0.7975349426269531,1.0409958362579346,0.14499324560165405,0.9495161771774292,0.8416406512260437,1.2386515140533447,-0.11238286644220352,0.3087007701396942,0.7728429436683655,1.2605078220367432,0.25303593277931213,0.18914711475372314,0.8445029258728027,1.5043729543685913,0.05616083741188049,0.05261140689253807,0.774545431137085,1.5218415260314941,0.3184351325035095,0.042222317308187485,0.8641582727432251,1.5582047700881958,0.07303294539451599,0.12529338896274567,0.7859827280044556,1.5689778327941895,0.31961992383003235,0.07047846913337708,0.77961266040802,1.5459080934524536,-0.026125064119696617,0.04658571630716324,0.7264127135276794,1.5715136528015137,0.21986186504364014,0.029286880046129227
0.7561654448509216,0.5683863759040833,-0.06495768576860428,0.9982248544692993,0.769037127494812,0.5381911993026733,-0.09863288700580597,0.9980695247650146,0.7745534777641296,0.5356188416481018,-0.09875619411468506,0.9984686970710754,0.780155599117279,0.533110499382019,-0.09891872853040695,0.9987246990203857,0.7588165998458862,0.5417620539665222,-0.046913836151361465,0.9980391263961792,0.7571386694908142,0.5418188571929932,-0.046880219131708145,0.9974876642227173,0.7550395131111145,0.5421485900878906,-0.04707486927509308,0.9979070425033569,0.8043891787528992,0.5319065451622009,-0.1615501046180725,0.9991601705551147,0.7719806432723999,0.5427959561347961,0.07170219719409943,0.9988842606544495,0.7700783610343933,0.5903895497322083,-0.08253712952136993,0.996396541595459,0.7576669454574585,0.5916334390640259,-0.0144722331315279,0.9933162927627563,0.8629399538040161,0.6127731204032898,-0.2725001573562622,0.9955546259880066,0.7883344888687134,0.6539468169212341,0.2541136145591736,0.9900095462799072,0.7302121520042419,0.5006014108657837,-0.35491156578063965,0.9853113889694214,0.7301002740859985,0.6062649488449097,0.4944841265678406,0.5830042958259583,0.5954437255859375,0.5270830392837524,0.009881704114377499,0.4488394558429718,0.7058203220367432,0.5580430626869202,0.678391695022583,0.1235254630446434,0.5596726536750793,0.5268600583076477,0.00038127650623209774,0.21641603112220764,0.7021644711494446,0.5370547771453857,0.6962408423423767,0.0942380428314209,0.5838201642036438,0.5437980890274048,0.028654899448156357,0.22275103628635406,0.7069854140281677,0.5482883453369141,0.701992392539978,0.10488174110651016,0.599251925945282,0.5511646270751953,0.024649394676089287,0.2430838793516159,0.7100066542625427,0.5550397038459778,0.6737844347953796,0.10818842798471451,0.8675974011421204,1.0369075536727905,-0.1489771455526352,0.9473021030426025,0.8055383563041687,1.0416308641433716,0.1490747332572937,0.9507534503936768,0.8416873812675476,1.2230063676834106,-0.10725126415491104,0.2994197607040405,0.7758587598800659,1.2397304773330688,0.2467288076877594,0.19129161536693573,0.8452286720275879,1.487762689590454,0.11650893837213516,0.051078006625175476,0.7788921594619751,1.5017653703689575,0.33211004734039307,0.04204631596803665,0.8655862808227539,1.5405352115631104,0.13804733753204346,0.12221828103065491,0.7907536625862122,1.5481278896331787,0.3356935679912567,0.07117299735546112,0.7804034948348999,1.5280920267105103,0.04956734552979469,0.0456431582570076,0.7279678583145142,1.5515515804290771,0.23011045157909393,0.029341772198677063
0.7562318444252014,0.5673925876617432,-0.05297783762216568,0.9982031583786011,0.76887047290802,0.5376248955726624,-0.08853049576282501,0.9980666637420654,0.7742761373519897,0.5350047945976257,-0.08865799009799957,0.9984599351882935,0.7798190116882324,0.532470166683197,-0.0888044685125351,0.9987219572067261,0.7588812112808228,0.5411643385887146,-0.03547831252217293,0.9980218410491943,0.7573652863502502,0.5411451458930969,-0.035459138453006744,0.9974483847618103,0.7555152177810669,0.5414136052131653,-0.03564365953207016,0.9978979229927063,0.8046013712882996,0.5310868620872498,-0.15368442237377167,0.9991568326950073,0.7739076018333435,0.5416731238365173,0.07298381626605988,0.9988939166069031,0.7702294588088989,0.5897711515426636,-0.07578136026859283,0.9963399171829224,0.7587321400642395,0.5909475684165955,-0.005201128777116537,0.9932544827461243,0.862481415271759,0.6128671169281006,-0.26338300108909607,0.9955487847328186,0.792917013168335,0.654105544090271,0.25893232226371765,0.9900879859924316,0.7250779271125793,0.49086761474609375,-0.34833860397338867,0.9842463135719299,0.729051411151886,0.5946458578109741,0.5117006301879883,0.5682859420776367,0.5989302396774292,0.5222250819206238,0.013210552744567394,0.43943873047828674,0.7047764658927917,0.5493544340133667,0.6903436183929443,0.12017644196748734,0.5674053430557251,0.5210402607917786,0.0046964120119810104,0.21347858011722565,0.7024908661842346,0.5287877321243286,0.7092075943946838,0.09260725229978561,0.5910137891769409,0.5415322184562683,0.0348551981151104,0.21999245882034302,0.7076175212860107,0.5403270125389099,0.7143875360488892,0.10357670485973358,0.6049125790596008,0.5488353371620178,0.02854916825890541,0.24011598527431488,0.7093196511268616,0.5466405749320984,0.6853777170181274,0.10669312626123428,0.8683604001998901,1.0381200313568115,-0.15008676052093506,0.9464719295501709,0.8105098009109497,1.0426572561264038,0.150196835398674,0.9508526921272278,0.8422060012817383,1.224151611328125,-0.11629940569400787,0.28407081961631775,0.7787555456161499,1.242540717124939,0.21893100440502167,0.18507027626037598,0.8453515768051147,1.4898358583450317,0.10702769458293915,0.04777635633945465,0.7784786820411682,1.5045790672302246,0.29494571685791016,0.039919719099998474,0.8656508326530457,1.542325735092163,0.13066366314888,0.11510489881038666,0.7898095846176147,1.5506958961486816,0.2984863817691803,0.06800765544176102,0.780706524848938,1.5292928218841553,0.038621075451374054,0.04333914443850517,0.7271142601966858,1.5540415048599243,0.18631932139396667,0.028318217024207115
0.7564030289649963,0.5662227272987366,-0.053626108914613724,0.9980451464653015,0.7688215970993042,0.5367581844329834,-0.08774212002754211,0.9979510307312012,0.7741473317146301,0.5341097712516785,-0.08786934614181519,0.9983683824539185,0.7796075940132141,0.5315644145011902,-0.08800813555717468,0.9986479878425598,0.7590780854225159,0.5402769446372986,-0.035138655453920364,0.9978846907615662,0.7577719688415527,0.5402165055274963,-0.0351201593875885,0.9972492456436157,0.7561823725700378,0.5404509902000427,-0.035324566066265106,0.9977436661720276,0.8046395182609558,0.5301785469055176,-0.15128394961357117,0.9991081953048706,0.7752314805984497,0.5404530167579651,0.07349381595849991,0.9988245368003845,0.7703679800033569,0.5890416502952576,-0.07529734820127487,0.9960561990737915,0.7597241997718811,0.5903729200363159,-0.0052140881307423115,0.9927895665168762,0.8625327944755554,0.6127495169639587,-0.2674708366394043,0.9954398274421692,0.7935165166854858,0.6549459099769592,0.26186317205429077,0.9899920225143433,0.720648467540741,0.48881497979164124,-0.36153721809387207,0.9841271042823792,0.705203115940094,0.6003029346466064,0.5100752711296082,0.5648109316825867,0.5989641547203064,0.51519775390625,0.0032598464749753475,0.43754467368125916,0.7034540176391602,0.5546830296516418,0.6834233403205872,0.11810102313756943,0.5674103498458862,0.5134516954421997,-0.004640144295990467,0.2131979763507843,0.7017567157745361,0.5345380306243896,0.7031258344650269,0.0912218689918518,0.5912419557571411,0.5361675024032593,0.023957474157214165,0.21951521933078766,0.7073580026626587,0.545626699924469,0.7093334197998047,0.10223590582609177,0.6051514148712158,0.5440801382064819,0.018364906311035156,0.23992332816123962,0.709196150302887,0.5521021485328674,0.6789312362670898,0.10554653406143188,0.8706046342849731,1.038452386856079,-0.1519024521112442,0.9463610053062439,0.8108289837837219,1.0435855388641357,0.15204796195030212,0.9512476325035095,0.8464571833610535,1.239694356918335,-0.14633861184120178,0.27233535051345825,0.7821000218391418,1.2583587169647217,0.202914759516716,0.1817529797554016,0.8506630063056946,1.508317232131958,0.02422294020652771,0.045157525688409805,0.7836382985115051,1.5252078771591187,0.2571870684623718,0.03818437457084656,0.8711284399032593,1.5613421201705933,0.038478247821331024,0.11011125892400742,0.7943788766860962,1.5721365213394165,0.2581992745399475,0.06578319519758224,0.7879136204719543,1.5478984117507935,-0.07204713672399521,0.04124204069375992,0.7357853651046753,1.573904275894165,0.13776734471321106,0.02718866616487503
0.756393313407898,0.5646256804466248,-0.05325465649366379,0.9980789422988892,0.7687023878097534,0.5350258350372314,-0.08691374212503433,0.9980050325393677,0.7740347981452942,0.5323054790496826,-0.08703989535570145,0.9984131455421448,0.779534101486206,0.5297725200653076,-0.0871841162443161,0.9986834526062012,0.7590786218643188,0.5385779738426208,-0.03380788117647171,0.9979271292686462,0.7578016519546509,0.5384441018104553,-0.033778317272663116,0.9972953796386719,0.756269097328186,0.538652777671814,-0.03398808464407921,0.9977833032608032,0.8050632476806641,0.5286839008331299,-0.15088628232479095,0.9991384744644165,0.7758491635322571,0.5389214158058167,0.07947524636983871,0.9988565444946289,0.7703913450241089,0.587932288646698,-0.07518486678600311,0.9961470365524292,0.7599890232086182,0.5890437960624695,-0.0038191534113138914,0.9929179549217224,0.8628954887390137,0.6126314997673035,-0.26703256368637085,0.9954496622085571,0.7942565679550171,0.6556529998779297,0.26391929388046265,0.9900525808334351,0.721871018409729,0.4867759346961975,-0.3537633717060089,0.9837655425071716,0.7063707709312439,0.5933147668838501,0.506354570388794,0.5509139895439148,0.6063452959060669,0.5150869488716125,0.04049309715628624,0.4252890646457672,0.7059695720672607,0.5468324422836304,0.6780790090560913,0.11382219940423965,0.5756365656852722,0.5141006112098694,0.035783376544713974,0.20670698583126068,0.7051078081130981,0.5275242924690247,0.6945034265518188,0.08843257278203964,0.5993790626525879,0.5364230275154114,0.06131897494196892,0.21319565176963806,0.7095804810523987,0.5387535095214844,0.7021169662475586,0.09946656227111816,0.6133915185928345,0.5442377328872681,0.05509248375892639,0.23356947302818298,0.7115278840065002,0.5452505350112915,0.6737513542175293,0.1028071865439415,0.8715044856071472,1.0391780138015747,-0.156208336353302,0.9442973732948303,0.8127424120903015,1.044114112854004,0.15630657970905304,0.9504379034042358,0.8464360237121582,1.2364237308502197,-0.13944710791110992,0.2699650526046753,0.7836015224456787,1.2562580108642578,0.21229681372642517,0.18236416578292847,0.850990891456604,1.5066574811935425,0.04560740292072296,0.04474762827157974,0.7849527597427368,1.5238182544708252,0.280709445476532,0.03792143613100052,0.872088611125946,1.5612826347351074,0.061635542660951614,0.11037589609622955,0.7960953712463379,1.571982979774475,0.28375643491744995,0.06671378761529922,0.7875293493270874,1.5433926582336426,-0.047046639025211334,0.04122294485569,0.7347034811973572,1.5699301958084106,0.17094343900680542,0.027365513145923615
0.7563471794128418,0.5646429061889648,-0.05245061591267586,0.9980252385139465,0.768558919429779,0.5350119471549988,-0.08533307164907455,0.9979619979858398,0.7738286852836609,0.5322978496551514,-0.08545173704624176,0.9983742833137512,0.7792531251907349,0.5297722816467285,-0.085591621696949,0.9986582398414612,0.7590945959091187,0.5385695695877075,-0.032400697469711304,0.9978630542755127,0.7578926682472229,0.5384447574615479,-0.032362841069698334,0.9971888661384583,0.7564569711685181,0.5386627316474915,-0.032589830458164215,0.997704029083252,0.805007815361023,0.5287163853645325,-0.14914849400520325,0.9991257786750793,0.7759434580802917,0.5389407277107239,0.08285735547542572,0.9988080263137817,0.7703213095664978,0.587929368019104,-0.07482366263866425,0.9960201978683472,0.7600641846656799,0.5890571475028992,-0.003192643169313669,0.9926314949989319,0.8626840710639954,0.6127802729606628,-0.2616703510284424,0.9951186180114746,0.7939466834068298,0.6577364206314087,0.2633855640888214,0.989395022392273,0.7329357862472534,0.4859679937362671,-0.3436494469642639,0.9818969964981079,0.7071998119354248,0.5972232222557068,0.5028578042984009,0.5335426926612854,0.6385254263877869,0.5155551433563232,0.07177303731441498,0.4008347690105438,0.7065145373344421,0.5510437488555908,0.6722344160079956,0.10732296109199524,0.6126142144203186,0.5147522687911987,0.07340772449970245,0.19383545219898224,0.7063277959823608,0.5293594002723694,0.6898882389068604,0.08402816206216812,0.6347783207893372,0.540217936038971,0.09810106456279755,0.20015637576580048,0.7106573581695557,0.5409642457962036,0.6984030604362488,0.09494572877883911,0.6470128297805786,0.5471472144126892,0.08615926653146744,0.22035618126392365,0.7122722268104553,0.5486382842063904,0.6681475043296814,0.09826096892356873,0.8714685440063477,1.040135145187378,-0.1557822972536087,0.9366181492805481,0.8120797872543335,1.0456582307815552,0.15591290593147278,0.9454614520072937,0.8465687036514282,1.2453144788742065,-0.13619689643383026,0.2608811557292938,0.7829102277755737,1.2693631649017334,0.21711866557598114,0.17856568098068237,0.8509944081306458,1.5146772861480713,0.04997052997350693,0.04260362312197685,0.7845820784568787,1.5374603271484375,0.27644163370132446,0.03645949810743332,0.8720241785049438,1.569602131843567,0.06593920290470123,0.1059521958231926,0.7955230474472046,1.5858523845672607,0.27720367908477783,0.06437831372022629,0.7882447838783264,1.553133487701416,-0.04133320599794388,0.039685796946287155,0.7345762848854065,1.584783911705017,0.16046138107776642,0.026452606543898582
0.7557946443557739,0.5647003054618835,-0.019542399793863297,0.9981535077095032,0.767217755317688,0.5351104736328125,-0.0543689951300621,0.9981058835983276,0.7722408771514893,0.532364010810852,-0.05448273569345474,0.9984870553016663,0.7774691581726074,0.5298159718513489,-0.05464596301317215,0.9987519383430481,0.7585386037826538,0.5387343168258667,-0.0011417053174227476,0.998009204864502,0.7575401067733765,0.5386132001876831,-0.0010790020460262895,0.9973716139793396,0.7562597990036011,0.5388270616531372,-0.001275794580578804,0.9978557229042053,0.8041611909866333,0.5287308692932129,-0.13764654099941254,0.9991884231567383,0.7758809328079224,0.5389718413352966,0.10458558797836304,0.9988909363746643,0.7697874307632446,0.5878341794013977,-0.04502794146537781,0.9962960481643677,0.7600551843643188,0.5890661478042603,0.025657501071691513,0.9931243062019348,0.8624032735824585,0.6125156283378601,-0.25370776653289795,0.9953401684761047,0.7959453463554382,0.6564178466796875,0.2781524062156677,0.9896854758262634,0.73293137550354,0.48576754331588745,-0.3060363233089447,0.9820510149002075,0.715305745601654,0.5990212559700012,0.5473800301551819,0.5157687664031982,0.6362807750701904,0.5158475041389465,0.10808081924915314,0.3982170820236206,0.7077980637550354,0.5536579489707947,0.7292708158493042,0.10355474054813385,0.6087924242019653,0.515366792678833,0.11230043321847916,0.19377930462360382,0.7069705724716187,0.5392512679100037,0.7542873024940491,0.0822179839015007,0.6297764778137207,0.5404966473579407,0.1363292932510376,0.20044343173503876,0.7119427919387817,0.546766459941864,0.7571275234222412,0.0932985246181488,0.6426326036453247,0.5472255349159241,0.1232958436012268,0.22126027941703796,0.7135558128356934,0.5517961382865906,0.7246488332748413,0.09671784937381744,0.8713094592094421,1.0364657640457153,-0.15553784370422363,0.9363914132118225,0.813288688659668,1.043348789215088,0.1556699275970459,0.9453732967376709,0.8456896543502808,1.2357516288757324,-0.1397746056318283,0.2653867304325104,0.7838536500930786,1.2644292116165161,0.19727016985416412,0.1790771335363388,0.8492840528488159,1.507110834121704,0.028161119669675827,0.042386557906866074,0.784574031829834,1.5320128202438354,0.24132387340068817,0.03568302467465401,0.8708974123001099,1.563200831413269,0.04264675825834274,0.10637174546718597,0.7957859635353088,1.5823975801467896,0.24131670594215393,0.06388363242149353,0.7840589284896851,1.5454246997833252,-0.04576023668050766,0.03960243985056877,0.7321307063102722,1.575222134590149,0.13879258930683136,0.026039090007543564
0.755794882774353,0.5639840960502625,-0.017764734104275703,0.9982926845550537,0.7672141194343567,0.5349703431129456,-0.05082203075289726,0.9982543587684631,0.7722460031509399,0.5322355628013611,-0.05090119317173958,0.9986042976379395,0.7774794101715088,0.5296815633773804,-0.05101452395319939,0.9988501667976379,0.758520245552063,0.5385831594467163,0.002645047614350915,0.9981629848480225,0.7575191855430603,0.538467288017273,0.0027338138315826654,0.9975687861442566,0.7562320232391357,0.538674533367157,0.0025044563226401806,0.9980173110961914,0.8041807413101196,0.528540849685669,-0.1267857700586319,0.999253511428833,0.7757915258407593,0.5388984680175781,0.1209278255701065,0.9989739060401917,0.7697829008102417,0.586612343788147,-0.04041939228773117,0.9965699911117554,0.76005619764328,0.5877832770347595,0.030416732653975487,0.9936314225196838,0.861810028553009,0.6125026345252991,-0.247545525431633,0.995476245880127,0.7944858074188232,0.6557623147964478,0.29156002402305603,0.9900076985359192,0.7318902015686035,0.48807334899902344,-0.30136728286743164,0.9821135401725769,0.7242500185966492,0.6001347303390503,0.5373877286911011,0.5055828094482422,0.6331977844238281,0.5168976187705994,0.12237127870321274,0.3923704922199249,0.711799681186676,0.5570988059043884,0.7012609243392944,0.0982806384563446,0.6061000823974609,0.5177212357521057,0.12212824821472168,0.18943925201892853,0.7100409269332886,0.5489833950996399,0.721723198890686,0.07890219986438751,0.6280324459075928,0.5431479811668396,0.14609447121620178,0.19602183997631073,0.7150391936302185,0.5539125204086304,0.7255471348762512,0.08991073071956635,0.6404919624328613,0.5492574572563171,0.1368677318096161,0.2183731645345688,0.7160384654998779,0.556608259677887,0.6960423588752747,0.09362851828336716,0.8707321286201477,1.033487319946289,-0.1563221961259842,0.9356882572174072,0.8098727464675903,1.04150390625,0.15667320787906647,0.9447501301765442,0.8455682992935181,1.2601500749588013,-0.17309987545013428,0.2540483772754669,0.7795678377151489,1.2862998247146606,0.20992226898670197,0.16969169676303864,0.8487474322319031,1.53028404712677,-0.05858103185892105,0.039219096302986145,0.7828918695449829,1.5557861328125,0.26529523730278015,0.032948557287454605,0.8692619204521179,1.5847233533859253,-0.05134546756744385,0.09944751858711243,0.7930704355239868,1.604341983795166,0.2667018175125122,0.05922004207968712,0.7852136492729187,1.5736926794052124,-0.17459866404533386,0.0368083119392395,0.733424723148346,1.6057815551757812,0.14732620120048523,0.024116626009345055
0.7564625144004822,0.5639733672142029,0.029692742973566055,0.9983187317848206,0.7671927809715271,0.534973680973053,-0.014681532979011536,0.9983181357383728,0.7720796465873718,0.5322401523590088,-0.014794902876019478,0.9986408352851868,0.7770166397094727,0.529687762260437,-0.014940199442207813,0.9988923668861389,0.7589648962020874,0.5385831594467163,0.04618246108293533,0.9982107281684875,0.7582815885543823,0.5384690165519714,0.04622652381658554,0.9975824356079102,0.7573655247688293,0.5386761426925659,0.04604186862707138,0.9980593323707581,0.8034101724624634,0.5284958481788635,-0.1270211637020111,0.9992771148681641,0.777046263217926,0.5389174222946167,0.14808979630470276,0.9989943504333496,0.7702442407608032,0.5866208672523499,-0.0074891806580126286,0.9966176748275757,0.761823832988739,0.5878358483314514,0.07318959385156631,0.9938189387321472,0.8606055378913879,0.6128784418106079,-0.2609815001487732,0.9957282543182373,0.814714252948761,0.6556395888328552,0.348190575838089,0.9904003739356995,0.7306902408599854,0.49367985129356384,-0.3045803904533386,0.9823394417762756,0.7322997450828552,0.5987560153007507,0.665165364742279,0.48825913667678833,0.6890820860862732,0.5235019326210022,0.1023092269897461,0.4071757197380066,0.7118859887123108,0.5633673071861267,0.902501106262207,0.09679963439702988,0.6811204552650452,0.5225550532341003,0.10271922498941422,0.20455151796340942,0.7104585766792297,0.5572195649147034,0.9505285024642944,0.07900650054216385,0.6955803632736206,0.5488372445106506,0.12412551790475845,0.2111452966928482,0.7154268026351929,0.564488410949707,0.9513413310050964,0.090337835252285,0.7002038955688477,0.5559608936309814,0.11643397808074951,0.23393790423870087,0.7163313031196594,0.5670521855354309,0.8985663652420044,0.09496676176786423,0.8707083463668823,1.0340306758880615,-0.17550013959407806,0.9341886639595032,0.8245865702629089,1.0458186864852905,0.17571339011192322,0.945149302482605,0.8449548482894897,1.255703091621399,-0.1645773947238922,0.2596810460090637,0.7923898696899414,1.2842499017715454,0.25621917843818665,0.16742564737796783,0.8514631986618042,1.5157222747802734,0.036287855356931686,0.03898867219686508,0.7995464205741882,1.5443462133407593,0.3488413691520691,0.031724486500024796,0.8727730512619019,1.564369797706604,0.05688518285751343,0.10004249215126038,0.8118365406990051,1.5925029516220093,0.35515832901000977,0.05852416902780533,0.7885962724685669,1.5668596029281616,0.008593199774622917,0.03750050812959671,0.7434911131858826,1.5850807428359985,0.2823139429092407,0.023524247109889984
0.7570770978927612,0.5632871389389038,0.03181110695004463,0.9984275698661804,0.7676554918289185,0.5348117351531982,-0.01125977374613285,0.9984226226806641,0.7725814580917358,0.5321454405784607,-0.011461522430181503,0.9987209439277649,0.7777385711669922,0.5296159386634827,-0.011544181033968925,0.9989640712738037,0.759469747543335,0.5382700562477112,0.05145487189292908,0.9983159303665161,0.7586666345596313,0.5382016897201538,0.05155274271965027,0.9977052211761475,0.757649838924408,0.5384414196014404,0.051245518028736115,0.9981645345687866,0.8047491312026978,0.5283591747283936,-0.12309758365154266,0.9993181824684143,0.777505099773407,0.5389086008071899,0.1685735136270523,0.9990327954292297,0.7709852457046509,0.5865091681480408,-0.005209471099078655,0.9968200922012329,0.7621768116950989,0.5875300168991089,0.07812125235795975,0.994174599647522,0.8606203198432922,0.6129382252693176,-0.2663961350917816,0.995743989944458,0.8100266456604004,0.6568001508712769,0.36595815420150757,0.990373969078064,0.7308297753334045,0.4989863932132721,-0.32595399022102356,0.9814618825912476,0.7353798151016235,0.6489208936691284,0.6392139196395874,0.48182573914527893,0.678953230381012,0.5261939764022827,0.0917099267244339,0.4021608233451843,0.6926044821739197,0.6241008639335632,0.8072353601455688,0.09131043404340744,0.6663705110549927,0.5247414708137512,0.09143288433551788,0.20017117261886597,0.6809424161911011,0.620688796043396,0.8461503982543945,0.07539212703704834,0.6856245994567871,0.5513185262680054,0.11491217464208603,0.20579127967357635,0.6837496161460876,0.6188333630561829,0.8398228883743286,0.08639917522668839,0.69194495677948,0.5591613054275513,0.10620561987161636,0.2291976660490036,0.6883970499038696,0.6205390691757202,0.7986389398574829,0.09145649522542953,0.8704718351364136,1.036360502243042,-0.1875549554824829,0.92282634973526,0.8170310854911804,1.0499083995819092,0.18823882937431335,0.935204267501831,0.8429697155952454,1.274207353591919,-0.23962607979774475,0.2535231113433838,0.7843443751335144,1.29607355594635,0.3312988579273224,0.16266784071922302,0.8516181707382202,1.540473222732544,-0.14190523326396942,0.037621550261974335,0.7972214818000793,1.5690175294876099,0.425443172454834,0.030377864837646484,0.8726708292961121,1.5910435914993286,-0.13854411244392395,0.09617647528648376,0.8097848892211914,1.6176426410675049,0.4295843243598938,0.05745692923665047,0.7932563424110413,1.588565707206726,-0.2634248435497284,0.03704778105020523,0.7457450032234192,1.6190059185028076,0.3197581171989441,0.023593245074152946
0.7570492029190063,0.563011109828949,0.01237837877124548,0.9985207915306091,0.7676223516464233,0.5347034931182861,-0.02585526742041111,0.9985247254371643,0.7725447416305542,0.5320925712585449,-0.02603318728506565,0.9987893104553223,0.7777333855628967,0.5295884609222412,-0.02610177919268608,0.9990302920341492,0.759477436542511,0.5379725694656372,0.03482513874769211,0.9984244108200073,0.758676290512085,0.5378916263580322,0.03495050221681595,0.997833788394928,0.757659912109375,0.5381125807762146,0.03463565185666084,0.9982845187187195,0.8050874471664429,0.5283419489860535,-0.1225462406873703,0.9993507266044617,0.7781568765640259,0.5386943221092224,0.17154233157634735,0.9990721940994263,0.7709499597549438,0.5865034461021423,-0.017507564276456833,0.9970170259475708,0.7621292471885681,0.5874196290969849,0.06251444667577744,0.994483470916748,0.8614590764045715,0.6134668588638306,-0.2683849334716797,0.9958671927452087,0.7979251146316528,0.6580906510353088,0.35812532901763916,0.9909538626670837,0.7364173531532288,0.5063765048980713,-0.3903884291648865,0.9816699624061584,0.7307884693145752,0.7067817449569702,0.6077600717544556,0.5023873448371887,0.671493411064148,0.5399674773216248,-0.03605886176228523,0.42177560925483704,0.6528693437576294,0.698377251625061,0.7317945957183838,0.09954822808504105,0.655299186706543,0.5444307327270508,-0.049711644649505615,0.2082538604736328,0.632057249546051,0.6996885538101196,0.7701906561851501,0.082021065056324,0.6789692640304565,0.5682661533355713,-0.015130924992263317,0.21210210025310516,0.6062625646591187,0.6741867661476135,0.7328706979751587,0.09423834085464478,0.6869125366210938,0.5746600031852722,-0.019746100530028343,0.2372300624847412,0.6061301827430725,0.6716576814651489,0.7093329429626465,0.10195659846067429,0.8723379969596863,1.036763310432434,-0.18176153302192688,0.9190195798873901,0.8045597076416016,1.0496692657470703,0.18249304592609406,0.9331625699996948,0.8538756370544434,1.2927544116973877,-0.24004241824150085,0.2352585345506668,0.7830432057380676,1.30263090133667,0.3205544948577881,0.15600110590457916,0.8629182577133179,1.5536363124847412,-0.12852875888347626,0.03454188257455826,0.7958477139472961,1.5783724784851074,0.42637473344802856,0.028153449296951294,0.8775011897087097,1.5978928804397583,-0.12597498297691345,0.08798454701900482,0.8075634241104126,1.6241061687469482,0.4318467974662781,0.05394682288169861,0.8257902264595032,1.6118066310882568,-0.29340729117393494,0.03427135944366455,0.7631369233131409,1.640510082244873,0.2884828448295593,0.022410962730646133
0.7571350336074829,0.5629977583885193,0.026295742020010948,0.9986347556114197,0.7677158713340759,0.5345077514648438,-0.010821166448295116,0.9986463785171509,0.7726970911026001,0.5318767428398132,-0.01098887249827385,0.9988842606544495,0.7780541181564331,0.5293331742286682,-0.01103880349546671,0.999110221862793,0.7595924139022827,0.5377587080001831,0.05074384808540344,0.998554527759552,0.7587546110153198,0.537681519985199,0.05087960883975029,0.9980037212371826,0.7576937079429626,0.5379098653793335,0.05059249326586723,0.9984245896339417,0.8069701194763184,0.5279242396354675,-0.10383637249469757,0.999401330947876,0.7787243127822876,0.5383989214897156,0.18377305567264557,0.9991424679756165,0.7712394595146179,0.5865917801856995,-0.00355140445753932,0.9972389936447144,0.7621749639511108,0.5874899625778198,0.07790139317512512,0.9948824048042297,0.863080620765686,0.6136361360549927,-0.2616805136203766,0.9960456490516663,0.7965450286865234,0.6590347290039062,0.3780518174171448,0.9915180206298828,0.7352443337440491,0.5225096344947815,-0.36318206787109375,0.9815482497215271,0.7306999564170837,0.6944984793663025,0.6516093611717224,0.5026744604110718,0.6666868925094604,0.5529943704605103,0.025205735117197037,0.4404885172843933,0.6435419321060181,0.6901176571846008,0.7911400198936462,0.10416880995035172,0.654082179069519,0.5558090209960938,0.011294057592749596,0.22119350731372833,0.6196941137313843,0.6908517479896545,0.8295297622680664,0.08734498172998428,0.6697419285774231,0.5774368643760681,0.04138452559709549,0.22440040111541748,0.6217366456985474,0.6845971345901489,0.8015626072883606,0.10086686909198761,0.6759410500526428,0.5840336680412292,0.04193887859582901,0.2513231933116913,0.6294437050819397,0.683749794960022,0.7737894058227539,0.11020869761705399,0.8719877004623413,1.034323811531067,-0.17917239665985107,0.9175530672073364,0.8035009503364563,1.0475174188613892,0.1799214631319046,0.9333974123001099,0.8516111373901367,1.2829991579055786,-0.21880149841308594,0.22133837640285492,0.7774213552474976,1.2969982624053955,0.3052133619785309,0.14892883598804474,0.8618761301040649,1.5457046031951904,-0.09157140552997589,0.03170012682676315,0.7956772446632385,1.569791316986084,0.4115689694881439,0.02599306032061577,0.8751288652420044,1.5926234722137451,-0.08558054268360138,0.0809306874871254,0.8067008256912231,1.6164366006851196,0.4167206287384033,0.049987971782684326,0.8173865079879761,1.5983397960662842,-0.2233315259218216,0.031721215695142746,0.7599665522575378,1.627455234527588,0.28678518533706665,0.02091771923005581
0.7576091289520264,0.5618991255760193,0.040587134659290314,0.9986991286277771,0.7681326270103455,0.5338655710220337,0.0063780369237065315,0.9987281560897827,0.7731958031654358,0.5312628149986267,0.0062032476998865604,0.9989433884620667,0.7787381410598755,0.5287178158760071,0.006110150832682848,0.9991651773452759,0.7600706219673157,0.5370893478393555,0.0658830925822258,0.9986459016799927,0.7591972947120667,0.5370815992355347,0.06597435474395752,0.9981117248535156,0.7580912709236145,0.5373588800430298,0.0656602680683136,0.9985170364379883,0.8083306550979614,0.527385950088501,-0.07618722319602966,0.9994334578514099,0.779935896396637,0.5376993417739868,0.19974420964717865,0.999186098575592,0.7717939615249634,0.5860798358917236,0.013595476746559143,0.997378408908844,0.762534499168396,0.5870196223258972,0.0925939604640007,0.9951202273368835,0.8634771108627319,0.6145306825637817,-0.2329835146665573,0.9961535334587097,0.7928608655929565,0.6600834727287292,0.38222137093544006,0.991951584815979,0.7318800091743469,0.5280287861824036,-0.3227475881576538,0.9821266531944275,0.7288558483123779,0.7085285186767578,0.6322841048240662,0.5142536759376526,0.6409483551979065,0.5565586090087891,0.048248909413814545,0.46447575092315674,0.649138867855072,0.709886908531189,0.7673367261886597,0.11599290370941162,0.617185115814209,0.5599748492240906,0.033373914659023285,0.24035923182964325,0.6276842951774597,0.7109258770942688,0.8001359701156616,0.09628519415855408,0.6334630846977234,0.5793008804321289,0.05972012132406235,0.24252206087112427,0.6347086429595947,0.7073095440864563,0.7975963950157166,0.1105099767446518,0.6434072256088257,0.5857152342796326,0.0645979717373848,0.27100810408592224,0.6434978246688843,0.7060117721557617,0.7565497159957886,0.1219019889831543,0.8718077540397644,1.0305500030517578,-0.1774648129940033,0.9223747849464417,0.8035222291946411,1.0474368333816528,0.17816224694252014,0.9377419352531433,0.8512979745864868,1.2778866291046143,-0.21072158217430115,0.2256070077419281,0.7773967981338501,1.2938499450683594,0.2956814467906952,0.15374593436717987,0.862469494342804,1.5416953563690186,-0.0991036668419838,0.029969096183776855,0.7996730208396912,1.565309762954712,0.3974139988422394,0.024731554090976715,0.877480685710907,1.5902388095855713,-0.0940445214509964,0.07680807262659073,0.8127492666244507,1.6123905181884766,0.40224313735961914,0.0473209023475647,0.8164496421813965,1.5919312238693237,-0.22831089794635773,0.02986134961247444,0.7590324878692627,1.6206680536270142,0.27865564823150635,0.01973567344248295
0.7578676342964172,0.5610576272010803,0.027157817035913467,0.9987549185752869,0.7684414386749268,0.5334416627883911,-0.007138983812183142,0.9988006949424744,0.7736173868179321,0.5308253169059753,-0.007299373857676983,0.9989980459213257,0.7794196009635925,0.52820885181427,-0.007393686566501856,0.9992154240608215,0.7603419423103333,0.5366251468658447,0.0505182221531868,0.9987248778343201,0.7594363689422607,0.5366030335426331,0.050609420984983444,0.9982100129127502,0.7583019137382507,0.5368505716323853,0.050318144261837006,0.9986001253128052,0.8099396824836731,0.5266249179840088,-0.0789923146367073,0.9994627237319946,0.7804880142211914,0.5369858145713806,0.18126973509788513,0.9992220997810364,0.7719115018844604,0.5850655436515808,0.0013180009555071592,0.9974894523620605,0.7626116275787354,0.5865302681922913,0.07824809849262238,0.9952731728553772,0.8636239171028137,0.6144911646842957,-0.22843000292778015,0.9963597059249878,0.7902833223342896,0.6608680486679077,0.3654569983482361,0.9922141432762146,0.7348532676696777,0.5656133890151978,-0.33678266406059265,0.9832882881164551,0.7307215929031372,0.7123567461967468,0.6159066557884216,0.5196479558944702,0.6114101409912109,0.5552111268043518,0.003806180087849498,0.49978265166282654,0.6571558713912964,0.696902871131897,0.7667752504348755,0.12329186499118805,0.577823281288147,0.5591298341751099,-0.013375654816627502,0.2711878716945648,0.6387441158294678,0.6912041306495667,0.7901475429534912,0.10256515443325043,0.5962127447128296,0.5776309967041016,0.018659615889191628,0.2720993161201477,0.6438181400299072,0.6900473237037659,0.7708141207695007,0.11726143956184387,0.6108962893486023,0.5840359926223755,0.020557263866066933,0.30147960782051086,0.6519938111305237,0.6908640265464783,0.7482393383979797,0.1298055797815323,0.8717672228813171,1.0300824642181396,-0.1676616370677948,0.9279437065124512,0.8035256266593933,1.0468515157699585,0.16843241453170776,0.9419153928756714,0.854537308216095,1.2783406972885132,-0.20259559154510498,0.2133415788412094,0.7797669172286987,1.29422128200531,0.2651958763599396,0.14835429191589355,0.8654621243476868,1.5406548976898193,-0.08523595333099365,0.02749686874449253,0.8028114438056946,1.5629929304122925,0.34420618414878845,0.022903190925717354,0.8810958862304688,1.5885155200958252,-0.08016995340585709,0.07085056602954865,0.8148886561393738,1.6099432706832886,0.3469013571739197,0.043895088136196136,0.8202825784683228,1.5907973051071167,-0.21840259432792664,0.027532339096069336,0.7657490372657776,1.617358922958374,0.21429629623889923,0.018310679122805595
0.7555021643638611,0.5638246536254883,0.020927879959344864,0.9988244771957397,0.76608806848526,0.5352627038955688,-0.012511092238128185,0.998874843120575,0.7711625099182129,0.5325828194618225,-0.012680004350841045,0.9990564584732056,0.7767776250839233,0.5299156904220581,-0.012772193178534508,0.9992635846138,0.7579015493392944,0.5386282801628113,0.04463854804635048,0.9988040328025818,0.7571041584014893,0.5385512113571167,0.044725798070430756,0.9983159303665161,0.7560921907424927,0.5387514233589172,0.044441502541303635,0.9986815452575684,0.8084718585014343,0.5272257924079895,-0.08660998940467834,0.9994938969612122,0.7803035378456116,0.5374457240104675,0.1756059229373932,0.9992629885673523,0.7697855830192566,0.5872571468353271,-0.0037191775627434254,0.9976196885108948,0.7611429691314697,0.5889398455619812,0.07246105372905731,0.9954658150672913,0.8634074330329895,0.6144665479660034,-0.23477327823638916,0.996644914150238,0.789773166179657,0.6607621312141418,0.36324119567871094,0.9926096796989441,0.7400778532028198,0.582535445690155,-0.3913561999797821,0.9846139550209045,0.7321184277534485,0.7269113063812256,0.6207347512245178,0.5285519361495972,0.6030569672584534,0.5578527450561523,-0.09795539081096649,0.5438745617866516,0.651438295841217,0.7032857537269592,0.7610235810279846,0.14649145305156708,0.5654982924461365,0.5629237294197083,-0.12462524324655533,0.32377752661705017,0.6177262663841248,0.68507319688797,0.7879014015197754,0.12181975692510605,0.5769075155258179,0.5806137323379517,-0.08934266120195389,0.32383912801742554,0.6222776174545288,0.688740074634552,0.7676010131835938,0.13755561411380768,0.5849637985229492,0.5842258930206299,-0.08054225146770477,0.35088223218917847,0.6444852948188782,0.6934403777122498,0.7448013424873352,0.1515558958053589,0.868841826915741,1.0293810367584229,-0.16770318150520325,0.9338904023170471,0.8003714680671692,1.046139121055603,0.1684785932302475,0.9463036060333252,0.8538405299186707,1.2766664028167725,-0.19817128777503967,0.201531320810318,0.7799211740493774,1.2928049564361572,0.3017311692237854,0.14054885506629944,0.8659487962722778,1.5392425060272217,-0.07182978093624115,0.02520878240466118,0.8021140098571777,1.5627652406692505,0.4366590976715088,0.021152185276150703,0.8831170201301575,1.588273525238037,-0.06483761966228485,0.06523127108812332,0.8141738772392273,1.608293056488037,0.44550958275794983,0.04052828624844551,0.8184593915939331,1.5884850025177002,-0.1997789591550827,0.0253977682441473,0.7637289762496948,1.616653323173523,0.31364694237709045,0.016962969675660133
0.7555213570594788,0.564990758895874,0.01764155924320221,0.9989033937454224,0.7661224603652954,0.5362140536308289,-0.014762213453650475,0.9989588260650635,0.7711778879165649,0.5335196256637573,-0.014912573620676994,0.9991246461868286,0.7767627239227295,0.530803382396698,-0.015002389438450336,0.9993183612823486,0.7579177618026733,0.5396631360054016,0.04115543141961098,0.9988918304443359,0.7571665048599243,0.539614737033844,0.04124186933040619,0.9984357953071594,0.7562013864517212,0.5398415923118591,0.04096191003918648,0.9987759590148926,0.8083416223526001,0.5274487137794495,-0.08230012655258179,0.9995304942131042,0.7803891897201538,0.5377604365348816,0.1711777150630951,0.9993135333061218,0.7697693705558777,0.587796151638031,-0.006068801041692495,0.9977824091911316,0.7612494826316833,0.5899108648300171,0.0692138746380806,0.9957659244537354,0.8627802133560181,0.6144670844078064,-0.22779874503612518,0.9969012141227722,0.7892707586288452,0.6606813073158264,0.3618427515029907,0.9930192232131958,0.7364017963409424,0.5784406661987305,-0.3756328821182251,0.9857941269874573,0.7321470975875854,0.7108960747718811,0.6199004650115967,0.5380197167396545,0.5946367383003235,0.5565828680992126,-0.053251057863235474,0.5806601643562317,0.644062876701355,0.6878178715705872,0.7419033050537109,0.16223964095115662,0.5571504831314087,0.5611602663993835,-0.07398442924022675,0.3654712438583374,0.609593391418457,0.6734344363212585,0.7639865279197693,0.1347426027059555,0.573207437992096,0.5786650776863098,-0.04368896409869194,0.36497342586517334,0.6122533679008484,0.6762045621871948,0.7397018671035767,0.15147221088409424,0.5873759388923645,0.5827534198760986,-0.037606801837682724,0.3897448182106018,0.6157753467559814,0.6792900562286377,0.7241668701171875,0.16629274189472198,0.8688490986824036,1.027610421180725,-0.15825462341308594,0.9392444491386414,0.8004435300827026,1.0430195331573486,0.15886160731315613,0.9502720236778259,0.8534844517707825,1.2750575542449951,-0.1979002058506012,0.19425836205482483,0.7802072763442993,1.292428731918335,0.24392585456371307,0.1360953003168106,0.8655015826225281,1.5385303497314453,-0.08281990885734558,0.02343619056046009,0.8016535043716431,1.5581709146499634,0.31227949261665344,0.01979309879243374,0.88285893201828,1.5864773988723755,-0.07827310264110565,0.061152201145887375,0.8129355311393738,1.6016963720321655,0.31401151418685913,0.03796488419175148,0.8169133067131042,1.5871080160140991,-0.21310162544250488,0.02367331273853779,0.761781632900238,1.6118777990341187,0.1839449554681778,0.01582087017595768
0.7555466890335083,0.5659356713294983,0.016073055565357208,0.9989778399467468,0.7661360502243042,0.5370209217071533,-0.014608999714255333,0.9990370869636536,0.7711591720581055,0.5343180894851685,-0.014747696928679943,0.9991884231567383,0.7767020463943481,0.5315722227096558,-0.0148365693166852,0.9993693828582764,0.7579448223114014,0.5405174493789673,0.03992883116006851,0.9989737868309021,0.7572010159492493,0.5404832363128662,0.04000493139028549,0.9985480308532715,0.7562769651412964,0.54072105884552,0.039731331169605255,0.9988643527030945,0.8081374168395996,0.5276881456375122,-0.07989455759525299,0.9995649456977844,0.7804368734359741,0.5380890369415283,0.16880030930042267,0.999361515045166,0.7697343826293945,0.5883369445800781,-0.006170423235744238,0.9979357719421387,0.7613196969032288,0.5907291769981384,0.06724283844232559,0.9960495829582214,0.8621127009391785,0.6144489645957947,-0.22490759193897247,0.9971381425857544,0.7889832258224487,0.6606665253639221,0.35778409242630005,0.9934022426605225,0.7340903282165527,0.5773051381111145,-0.3680422008037567,0.9868620038032532,0.7322096228599548,0.7046887874603271,0.614066481590271,0.5462483167648315,0.5921832919120789,0.5558593273162842,-0.044223882257938385,0.6143072247505188,0.6418849229812622,0.681490957736969,0.7392941117286682,0.1774090677499771,0.5549722909927368,0.5601634979248047,-0.06468723714351654,0.4044288694858551,0.6079533100128174,0.6680506467819214,0.761001467704773,0.14728222787380219,0.5719987154006958,0.5773771405220032,-0.03493288531899452,0.4034852683544159,0.610275387763977,0.6710389256477356,0.7374380826950073,0.16498273611068726,0.5875548124313354,0.5817766189575195,-0.02880721352994442,0.42601677775382996,0.6110000014305115,0.6729267239570618,0.7215473651885986,0.1804502308368683,0.868829607963562,1.026503324508667,-0.15470977127552032,0.9441161751747131,0.8004938960075378,1.0412276983261108,0.15524974465370178,0.9539103507995605,0.8532394170761108,1.2734204530715942,-0.19715282320976257,0.18841734528541565,0.7805441617965698,1.2920584678649902,0.23192600905895233,0.13247504830360413,0.8650153279304504,1.5376278162002563,-0.08401814848184586,0.021874353289604187,0.8014386296272278,1.5556548833847046,0.2949088513851166,0.018604015931487083,0.8824701309204102,1.5848928689956665,-0.07955967634916306,0.05754784122109413,0.81260746717453,1.598507046699524,0.29625028371810913,0.03567527234554291,0.8157867193222046,1.5856786966323853,-0.2130308449268341,0.02216571383178234,0.7605730295181274,1.6089683771133423,0.1675620675086975,0.014820841141045094
0.7538031339645386,0.5670501589775085,-0.021854694932699203,0.9990647435188293,0.7643159031867981,0.5381162166595459,-0.052191197872161865,0.9991188645362854,0.7694897651672363,0.53505939245224,-0.05231169983744621,0.9992572665214539,0.7751265168190002,0.5320318937301636,-0.05238140746951103,0.9994223713874817,0.7552565932273865,0.5427623987197876,0.0023073344491422176,0.9990601539611816,0.7540706992149353,0.5432020425796509,0.0023743549827486277,0.998670220375061,0.7527170181274414,0.5438899993896484,0.0021953661926090717,0.998957633972168,0.8071715235710144,0.527692973613739,-0.11656659841537476,0.9996026754379272,0.7791014313697815,0.5389246344566345,0.13571682572364807,0.9994154572486877,0.7689251899719238,0.5883318781852722,-0.039969149976968765,0.99811190366745,0.7603280544281006,0.5912163853645325,0.03306768089532852,0.9963791966438293,0.8614600300788879,0.615041196346283,-0.26715368032455444,0.9974027872085571,0.7895106077194214,0.6646190881729126,0.3515194058418274,0.9939120411872864,0.7341369390487671,0.5636264085769653,-0.42839789390563965,0.9880350232124329,0.721268355846405,0.6785009503364563,0.6072522401809692,0.5662429332733154,0.5861865282058716,0.5627228617668152,-0.19073031842708588,0.6515297889709473,0.6335656642913818,0.6652224659919739,0.7338839769363403,0.2209666669368744,0.5477986335754395,0.5636298060417175,-0.22634005546569824,0.45865729451179504,0.5965814590454102,0.6522234678268433,0.7547293305397034,0.18236005306243896,0.5626705288887024,0.5803274512290955,-0.19320416450500488,0.45758694410324097,0.594201922416687,0.6505616903305054,0.7353558540344238,0.2009357362985611,0.5726632475852966,0.5850794315338135,-0.17505046725273132,0.47721990942955017,0.6012164354324341,0.6575447916984558,0.7168415188789368,0.21793505549430847,0.8688980340957642,1.0333577394485474,-0.1567140519618988,0.9487779140472412,0.8028812408447266,1.045597791671753,0.1572798639535904,0.9576106667518616,0.8478075265884399,1.2723808288574219,-0.11968153715133667,0.18813930451869965,0.7805449962615967,1.291964054107666,0.262861043214798,0.13296180963516235,0.8578675985336304,1.5368558168411255,0.08748484402894974,0.021224986761808395,0.7926479578018188,1.5552724599838257,0.37441498041152954,0.018285872414708138,0.878200888633728,1.5841339826583862,0.10381360352039337,0.05537991598248482,0.8051367998123169,1.5985127687454224,0.38147637248039246,0.034527964890003204,0.8000665903091431,1.5789960622787476,-0.01242971234023571,0.021523835137486458,0.7455959320068359,1.6086522340774536,0.26246732473373413,0.014502196572721004
0.7527869343757629,0.5677229762077332,-0.02465556561946869,0.9991412162780762,0.7634315490722656,0.538702130317688,-0.05456522852182388,0.9991917610168457,0.7687152028083801,0.5355158448219299,-0.05468148738145828,0.9993181228637695,0.7744156122207642,0.5323866605758667,-0.05474049970507622,0.9994693398475647,0.7538448572158813,0.5437148809432983,-0.0006402124417945743,0.9991374015808105,0.7524248361587524,0.544261634349823,-0.0005853156908415258,0.9987786412239075,0.7508602738380432,0.5450655221939087,-0.0007709214696660638,0.9990403652191162,0.8059791326522827,0.5278590321540833,-0.11831516027450562,0.9996363520622253,0.7782372236251831,0.539486289024353,0.13203662633895874,0.9994633197784424,0.7683422565460205,0.5883266925811768,-0.04230024293065071,0.9982655048370361,0.7593752145767212,0.5914055705070496,0.02984931692481041,0.9966670274734497,0.8599939346313477,0.6159698963165283,-0.26512229442596436,0.9976322650909424,0.7897514700889587,0.6649185419082642,0.34640318155288696,0.9943298101425171,0.7342405915260315,0.5576618909835815,-0.41587701439857483,0.9890782237052917,0.7186580896377563,0.6660839915275574,0.5930781364440918,0.5799311399459839,0.5880058407783508,0.5651549696922302,-0.17289608716964722,0.6846904158592224,0.6329718828201294,0.6512554883956909,0.7114752531051636,0.25315383076667786,0.5504631996154785,0.5653776526451111,-0.20749136805534363,0.5060470104217529,0.5925658941268921,0.6384096741676331,0.7323025465011597,0.20848874747753143,0.562795877456665,0.5840535759925842,-0.1742245852947235,0.5048282146453857,0.5892819762229919,0.638977587223053,0.7123935222625732,0.22771833837032318,0.5712651610374451,0.5885096788406372,-0.1573551893234253,0.5221035480499268,0.5971564054489136,0.6458587646484375,0.6943393349647522,0.24659191071987152,0.865945041179657,1.0338407754898071,-0.1568695306777954,0.9530731439590454,0.8025230169296265,1.0459614992141724,0.15738943219184875,0.9609227776527405,0.843166172504425,1.2717338800430298,-0.13885259628295898,0.182778462767601,0.7787050008773804,1.2927110195159912,0.2895800471305847,0.12776021659374237,0.8525468707084656,1.5362778902053833,0.02842789888381958,0.01991254650056362,0.7863457798957825,1.555154800415039,0.41043585538864136,0.017133215442299843,0.8738833665847778,1.583654761314392,0.040474046021699905,0.05223291739821434,0.7990562915802002,1.5986309051513672,0.4181233048439026,0.032254863530397415,0.7927766442298889,1.577955722808838,-0.08175327628850937,0.020320599898695946,0.7392890453338623,1.608384370803833,0.29813915491104126,0.01362675055861473
0.7506460547447205,0.5683857202529907,-0.021316345781087875,0.9992172122001648,0.7616539597511292,0.5391412973403931,-0.051719922572374344,0.9992637634277344,0.7668625712394714,0.535853385925293,-0.051817238330841064,0.999378502368927,0.7723861932754517,0.5326464772224426,-0.0518781952559948,0.9995162487030029,0.7520327568054199,0.5443710684776306,0.0025149513967335224,0.9992138147354126,0.7506858706474304,0.5449301600456238,0.0025872320402413607,0.998886227607727,0.7492430806159973,0.5457322597503662,0.0025076575111597776,0.9991240501403809,0.8038140535354614,0.5278612971305847,-0.11690404266119003,0.9996688961982727,0.7778416872024536,0.5394803285598755,0.13398578763008118,0.9995108246803284,0.7667334675788879,0.5883064866065979,-0.03929338976740837,0.9984183311462402,0.7577222585678101,0.5915796756744385,0.03323861211538315,0.996955394744873,0.8600042462348938,0.6156179904937744,-0.26164162158966064,0.9978534579277039,0.7897295355796814,0.6646188497543335,0.34657102823257446,0.9947894215583801,0.7357014417648315,0.5544911623001099,-0.40535464882850647,0.9900746941566467,0.7156974077224731,0.6638818979263306,0.5935154557228088,0.6031054854393005,0.5911081433296204,0.5640498399734497,-0.1702858954668045,0.715328574180603,0.6279906034469604,0.6456034183502197,0.7152602076530457,0.3011942207813263,0.5514935255050659,0.5782292485237122,-0.20437169075012207,0.5517711639404297,0.5899927020072937,0.6333549618721008,0.7377334237098694,0.24919100105762482,0.5637947916984558,0.5845203399658203,-0.17182204127311707,0.5504288077354431,0.5846590399742126,0.63260418176651,0.7192641496658325,0.2683570384979248,0.5713071227073669,0.5899502038955688,-0.15444472432136536,0.5655533671379089,0.5907924771308899,0.6390676498413086,0.6993630528450012,0.28828364610671997,0.8653126955032349,1.0338013172149658,-0.15726584196090698,0.9573817253112793,0.8038254976272583,1.0457432270050049,0.1577979028224945,0.964410662651062,0.8413764238357544,1.2662204504013062,-0.13378044962882996,0.19122689962387085,0.7792105674743652,1.2905786037445068,0.28939276933670044,0.13217467069625854,0.8505793809890747,1.5272562503814697,0.035426314920186996,0.019777812063694,0.7862818837165833,1.548033595085144,0.4010259509086609,0.016978416591882706,0.8728117942810059,1.5755939483642578,0.048664648085832596,0.05162253975868225,0.7991310954093933,1.5918370485305786,0.40795841813087463,0.03163217008113861,0.7887049317359924,1.5654537677764893,-0.05930538848042488,0.020141247659921646,0.7372132539749146,1.5949276685714722,0.2981337010860443,0.013394788838922977
0.7506939172744751,0.5672731399536133,-0.0303342305123806,0.9992811679840088,0.761690616607666,0.5387767553329468,-0.05963156744837761,0.9993239641189575,0.766922652721405,0.5355262756347656,-0.059729523956775665,0.9994285702705383,0.7725842595100403,0.5323567986488342,-0.05982222408056259,0.9995543956756592,0.7522220611572266,0.5439687371253967,-0.00943242758512497,0.9992777109146118,0.7509275078773499,0.5445595979690552,-0.009356468915939331,0.9989765286445618,0.7495101094245911,0.5454099178314209,-0.009473484009504318,0.9991928935050964,0.8039935827255249,0.527776837348938,-0.11683185398578644,0.9996963143348694,0.7776352167129517,0.5394116640090942,0.11665534973144531,0.9995510578155518,0.7668032646179199,0.586615264415741,-0.04394858703017235,0.998548686504364,0.7577667832374573,0.5905086398124695,0.02319922484457493,0.9972055554389954,0.8594630360603333,0.6156986951828003,-0.26093313097953796,0.9980352520942688,0.7891932129859924,0.6630090475082397,0.314466655254364,0.9951810836791992,0.7343968152999878,0.5677726864814758,-0.40141981840133667,0.9908899664878845,0.7119530439376831,0.6578341126441956,0.5384079813957214,0.6218136548995972,0.5897434949874878,0.5732907652854919,-0.16465020179748535,0.7424147725105286,0.626567542552948,0.6386963129043579,0.6536771059036255,0.34437304735183716,0.5521004796028137,0.5780763030052185,-0.1973089724779129,0.5917367935180664,0.5873548984527588,0.6305068135261536,0.6714168190956116,0.28615331649780273,0.5624697208404541,0.5872067213058472,-0.1685335338115692,0.5902655124664307,0.5818402171134949,0.6294095516204834,0.6509473919868469,0.3048340082168579,0.5705980062484741,0.5923345685005188,-0.15029402077198029,0.6035290360450745,0.5886101722717285,0.6347380876541138,0.6370912790298462,0.32638707756996155,0.8652826547622681,1.03257417678833,-0.15107886493206024,0.960758626461029,0.8062208294868469,1.0424002408981323,0.1515071988105774,0.9670940041542053,0.83814936876297,1.2606173753738403,-0.1168256625533104,0.19730344414710999,0.7778343558311462,1.2868260145187378,0.2439616620540619,0.1380292922258377,0.8402332067489624,1.5203664302825928,0.05359240621328354,0.019686035811901093,0.7784745097160339,1.5427343845367432,0.30325406789779663,0.016934575513005257,0.8613057136535645,1.5693787336349487,0.06702934205532074,0.05126572772860527,0.7917340397834778,1.5871244668960571,0.30494242906570435,0.031221307814121246,0.7795988321304321,1.5568677186965942,-0.035287536680698395,0.019825495779514313,0.7270940542221069,1.5871230363845825,0.1966182440519333,0.013131176121532917
0.753071665763855,0.5643258690834045,-0.055475927889347076,0.9993403553962708,0.7636448740959167,0.5368707776069641,-0.07980801165103912,0.9993786215782166,0.7695008516311646,0.5337151885032654,-0.07991218566894531,0.9994745254516602,0.7761102914810181,0.530633807182312,-0.08001848310232162,0.9995890259742737,0.7535148859024048,0.5416951775550842,-0.033531226217746735,0.999336838722229,0.7518239617347717,0.5422342419624329,-0.03346967697143555,0.9990604519844055,0.7500593662261963,0.5430976748466492,-0.03360971063375473,0.9992560148239136,0.8073061108589172,0.5272097587585449,-0.11632183939218521,0.9997214674949646,0.7773932814598083,0.539097011089325,0.10250518471002579,0.9995874166488647,0.7696188688278198,0.5840122699737549,-0.06040545552968979,0.9986697435379028,0.759006917476654,0.5881286263465881,0.0013463788200169802,0.9974391460418701,0.8596000671386719,0.6157024502754211,-0.25933143496513367,0.9981959462165833,0.7888290882110596,0.6597073078155518,0.30165454745292664,0.9955334067344666,0.7350627779960632,0.5739586353302002,-0.3955717086791992,0.9915952682495117,0.7078449130058289,0.6532708406448364,0.5166603326797485,0.6380444169044495,0.5899720191955566,0.5799826383590698,-0.15511879324913025,0.7663874626159668,0.625802755355835,0.6312333941459656,0.6217013597488403,0.38094255328178406,0.5520569682121277,0.582696795463562,-0.18484336137771606,0.6261357069015503,0.5854109525680542,0.6281262636184692,0.6354753375053406,0.31766247749328613,0.5611979365348816,0.5917367339134216,-0.1595170497894287,0.6246040463447571,0.5785015225410461,0.6242254376411438,0.615399956703186,0.33631643652915955,0.5694778561592102,0.5967784523963928,-0.14172090590000153,0.6361996531486511,0.5864962339401245,0.6316384673118591,0.604899525642395,0.3597121834754944,0.865771472454071,1.0111373662948608,-0.1474735289812088,0.9635639786720276,0.8118435740470886,1.0382933616638184,0.14787760376930237,0.9693487286567688,0.8403170704841614,1.2578970193862915,-0.12006447464227676,0.20259989798069,0.7808127403259277,1.281263828277588,0.22527877986431122,0.14381875097751617,0.8430895805358887,1.5153203010559082,0.03603161871433258,0.019746243953704834,0.7787080407142639,1.5349724292755127,0.27406343817710876,0.016956733539700508,0.8656161427497864,1.5654568672180176,0.04780329763889313,0.051227763295173645,0.7919303774833679,1.5799623727798462,0.27443668246269226,0.03083796240389347,0.781638503074646,1.5514233112335205,-0.06311681866645813,0.01959243416786194,0.7297741770744324,1.578713297843933,0.15998178720474243,0.01291695237159729
0.753454327583313,0.5636978149414062,-0.0463886596262455,0.9993937611579895,0.7637633085250854,0.5365934371948242,-0.07365856319665909,0.9994267225265503,0.7696410417556763,0.5334847569465637,-0.07375995069742203,0.9995149374008179,0.7763339281082153,0.5304384827613831,-0.07382766902446747,0.9996195435523987,0.7536534070968628,0.5412285923957825,-0.023442542180418968,0.9993880391120911,0.751952052116394,0.5416640639305115,-0.023372430354356766,0.9991340041160583,0.7502115964889526,0.5424438714981079,-0.023536236956715584,0.9993119239807129,0.8077572584152222,0.5271534323692322,-0.11934499442577362,0.9997429251670837,0.7774643301963806,0.538818895816803,0.11200909316539764,0.999617338180542,0.7701715230941772,0.5833837389945984,-0.05691024661064148,0.9987722635269165,0.7595580220222473,0.5875692963600159,0.009713840670883656,0.9976383447647095,0.8594655990600586,0.615674614906311,-0.26359447836875916,0.9983364343643188,0.7888977527618408,0.657888650894165,0.30916276574134827,0.9958541393280029,0.7350533604621887,0.6054496169090271,-0.3978521525859833,0.9922047853469849,0.704691469669342,0.6552098989486694,0.4905422329902649,0.6566826105117798,0.5840882658958435,0.5907658934593201,-0.1710187792778015,0.7878866195678711,0.6221575736999512,0.6335305571556091,0.5419971942901611,0.4153852164745331,0.5470943450927734,0.5918188691139221,-0.20583908259868622,0.6567109823226929,0.5856637954711914,0.6290712356567383,0.5506945848464966,0.3453592360019684,0.559519350528717,0.5974798202514648,-0.17641183733940125,0.6549963355064392,0.5794464349746704,0.625846266746521,0.5285053253173828,0.36431968212127686,0.5680773258209229,0.6032388210296631,-0.1566544473171234,0.6649888753890991,0.5835335850715637,0.6325690746307373,0.5227591395378113,0.38900235295295715,0.8751932978630066,1.0132554769515991,-0.14822249114513397,0.9657613635063171,0.8152223825454712,1.0371235609054565,0.1486726850271225,0.9712696671485901,0.8496222496032715,1.2606974840164185,-0.12190566956996918,0.1998034566640854,0.7868830561637878,1.2846394777297974,0.22510579228401184,0.14383259415626526,0.8537425994873047,1.5169422626495361,0.039345599710941315,0.019029969349503517,0.7829869985580444,1.5389708280563354,0.28179848194122314,0.016703397035598755,0.8747240304946899,1.5669211149215698,0.05043844133615494,0.049040116369724274,0.7947340607643127,1.5833392143249512,0.2824377417564392,0.02995518408715725,0.796117901802063,1.5529481172561646,-0.07348231971263885,0.018831660971045494,0.7394862174987793,1.5817835330963135,0.15428012609481812,0.012632391415536404
0.7537450790405273,0.5620223879814148,-0.052627354860305786,0.9994305372238159,0.7640303373336792,0.5355768203735352,-0.08074609190225601,0.9994608163833618,0.7699576616287231,0.5326562523841858,-0.08084798604249954,0.9995424747467041,0.7767834067344666,0.5297549962997437,-0.08092252910137177,0.9996398687362671,0.7540662884712219,0.5397684574127197,-0.030798638239502907,0.9994252920150757,0.7523851990699768,0.5401162505149841,-0.030753586441278458,0.9991864562034607,0.7506356835365295,0.54087233543396,-0.030942535027861595,0.9993500709533691,0.808618426322937,0.5269988775253296,-0.12478741258382797,0.9997578263282776,0.7774840593338013,0.5386086106300354,0.10585248470306396,0.9996386766433716,0.7704693078994751,0.5826440453529358,-0.06258601695299149,0.9988433122634888,0.7598326206207275,0.5864419937133789,0.003705794457346201,0.9977874755859375,0.8582520484924316,0.6161825060844421,-0.26492971181869507,0.998413622379303,0.7888838052749634,0.6559625267982483,0.3022133708000183,0.9961004853248596,0.7165991067886353,0.5922977924346924,-0.39235299825668335,0.9926162958145142,0.7016304731369019,0.6554396152496338,0.4962695240974426,0.6654316782951355,0.5793437957763672,0.5881299376487732,-0.1468055695295334,0.805273711681366,0.6064351797103882,0.6341148614883423,0.5815365314483643,0.43329057097435,0.5440604090690613,0.5890579223632812,-0.18313029408454895,0.6787379384040833,0.5852758884429932,0.6327530145645142,0.5962681174278259,0.3582473397254944,0.5562595129013062,0.6021589636802673,-0.1653311401605606,0.6767593026161194,0.5794675946235657,0.6265546679496765,0.5729256868362427,0.37740910053253174,0.5632619261741638,0.6100038886070251,-0.13559997081756592,0.6859616041183472,0.5874660611152649,0.6332216858863831,0.5633307695388794,0.40484148263931274,0.8753822445869446,1.0149656534194946,-0.14808647334575653,0.9676162004470825,0.814654529094696,1.0362403392791748,0.1485465168952942,0.9728403687477112,0.8509791493415833,1.2613707780838013,-0.12635399401187897,0.19069500267505646,0.7865274548530579,1.2850288152694702,0.2279079705476761,0.13798125088214874,0.85699862241745,1.5171377658843994,0.030914008617401123,0.01785060204565525,0.7869693636894226,1.539185881614685,0.2942482531070709,0.015773694962263107,0.8770779371261597,1.5672715902328491,0.04208333045244217,0.04602007195353508,0.7980867624282837,1.5839201211929321,0.29718393087387085,0.02814771980047226,0.8028400540351868,1.5534647703170776,-0.07636859267950058,0.01765287108719349,0.7500211000442505,1.5836570262908936,0.16145701706409454,0.011899111792445183
0.7540665864944458,0.5611788630485535,-0.05263975262641907,0.9994620084762573,0.7642980813980103,0.5350620746612549,-0.081072136759758,0.999489963054657,0.7702454328536987,0.5322607159614563,-0.08117373287677765,0.9995660185813904,0.7771483659744263,0.5294539332389832,-0.08125018328428268,0.9996567964553833,0.7545088529586792,0.5389530062675476,-0.031121036037802696,0.9994566440582275,0.7528724074363708,0.539231538772583,-0.031076759099960327,0.9992314577102661,0.7511424422264099,0.5399566292762756,-0.03126776963472366,0.9993824362754822,0.8092042207717896,0.5269402861595154,-0.12652674317359924,0.9997702836990356,0.7775554656982422,0.5384942889213562,0.1039225310087204,0.9996562004089355,0.7707760334014893,0.5823696255683899,-0.06323801726102829,0.9989033937454224,0.7601732611656189,0.5858970284461975,0.0030223820358514786,0.997913658618927,0.857699990272522,0.6165336966514587,-0.2642851769924164,0.9984748959541321,0.7888614535331726,0.6544761657714844,0.2962740659713745,0.9962942600250244,0.712887704372406,0.586682140827179,-0.3916049599647522,0.9929562211036682,0.7000373601913452,0.654001772403717,0.48675069212913513,0.6727633476257324,0.5779827237129211,0.5878198742866516,-0.13706007599830627,0.8206728100776672,0.6022714376449585,0.6348865628242493,0.5669371485710144,0.4487820267677307,0.5433278679847717,0.5883647799491882,-0.1689506322145462,0.6979925632476807,0.5845483541488647,0.6347808837890625,0.5807980895042419,0.36941009759902954,0.5550544261932373,0.6044771075248718,-0.14509114623069763,0.6957703828811646,0.5788171291351318,0.6270161271095276,0.5560663938522339,0.3888305723667145,0.561761736869812,0.6130436658859253,-0.12410634756088257,0.7041267156600952,0.5815315246582031,0.633463978767395,0.5481969118118286,0.4184653162956238,0.8757200241088867,1.0161488056182861,-0.14693930745124817,0.969161868095398,0.8142827153205872,1.0354082584381104,0.14738032221794128,0.9741080403327942,0.8514383435249329,1.261796236038208,-0.12835891544818878,0.1845083087682724,0.7862650156021118,1.2852206230163574,0.2310318946838379,0.1341523975133896,0.8579095005989075,1.5172260999679565,0.026891157031059265,0.01703132875263691,0.7884052991867065,1.5393933057785034,0.2978028655052185,0.01514462660998106,0.877623438835144,1.5675166845321655,0.038407646119594574,0.04386691749095917,0.7993022203445435,1.5843300819396973,0.29988402128219604,0.0268316138535738,0.8048809170722961,1.5538699626922607,-0.08347439765930176,0.016803594306111336,0.7532087564468384,1.584436297416687,0.1703518033027649,0.011376067996025085
0.7538819909095764,0.5613630414009094,-0.05131661146879196,0.9994986653327942,0.7641924619674683,0.5351501703262329,-0.07935918867588043,0.9995249509811401,0.7700740098953247,0.5323621034622192,-0.0794878751039505,0.9995952248573303,0.7769412994384766,0.5295924544334412,-0.07952616363763809,0.9996790289878845,0.7544790506362915,0.5390822887420654,-0.027302732691168785,0.9994931221008301,0.7528785467147827,0.5393955111503601,-0.02727217599749565,0.9992825388908386,0.7511715888977051,0.540175199508667,-0.027489781379699707,0.9994215965270996,0.8090599179267883,0.5271478891372681,-0.12507674098014832,0.9997864365577698,0.7769359946250916,0.5389124751091003,0.10836408287286758,0.999678909778595,0.7704876661300659,0.5826258063316345,-0.06155883148312569,0.9989785552024841,0.7600051164627075,0.5862827301025391,0.005064935423433781,0.9980596899986267,0.8559783101081848,0.6169267296791077,-0.2571325898170471,0.9985641241073608,0.7888106107711792,0.6550034284591675,0.2992803454399109,0.9964909553527832,0.7109377384185791,0.5833825469017029,-0.3732321262359619,0.9932959079742432,0.700922429561615,0.654532253742218,0.5043132901191711,0.6730243563652039,0.5759309530258179,0.5908733010292053,-0.10248233377933502,0.8339003324508667,0.6032757759094238,0.6394291520118713,0.6069787740707397,0.4534972310066223,0.5411320924758911,0.5920204520225525,-0.12785661220550537,0.7137012481689453,0.5858908295631409,0.6363813281059265,0.6214350461959839,0.37212204933166504,0.5539833903312683,0.6063112616539001,-0.10415098816156387,0.711399495601654,0.5803389549255371,0.627197265625,0.5960729718208313,0.3919113874435425,0.5620467066764832,0.6136331558227539,-0.08940768986940384,0.7186381220817566,0.5858391523361206,0.6358395218849182,0.5896885991096497,0.42311543226242065,0.8744209408760071,1.018848180770874,-0.14551414549350739,0.970241367816925,0.8141279220581055,1.0355048179626465,0.1459258794784546,0.9749440550804138,0.8470988273620605,1.2611902952194214,-0.11854169517755508,0.18852855265140533,0.7844045758247375,1.2838473320007324,0.21150465309619904,0.1400764435529709,0.8532567024230957,1.517616629600525,0.038754597306251526,0.017512178048491478,0.7868577241897583,1.5397487878799438,0.26076534390449524,0.015775101259350777,0.8729317784309387,1.5676524639129639,0.05009663850069046,0.04489080607891083,0.7985107898712158,1.584519863128662,0.26111844182014465,0.027629833668470383,0.7985555529594421,1.5550181865692139,-0.06581495702266693,0.016990579664707184,0.7479534149169922,1.5851153135299683,0.1408434808254242,0.011583952233195305
0.7521535754203796,0.5614495873451233,-0.038611434400081635,0.9995355606079102,0.7629972100257874,0.5353320240974426,-0.06877657026052475,0.9995607733726501,0.7688714265823364,0.5325727462768555,-0.06887137144804001,0.9996256232261658,0.7757210731506348,0.5298718810081482,-0.06894098222255707,0.9997028112411499,0.7530166506767273,0.5392943024635315,-0.015373237431049347,0.9995300769805908,0.7514653205871582,0.5396192669868469,-0.015295751392841339,0.9993346929550171,0.7497605085372925,0.5404425263404846,-0.015490720048546791,0.9994627237319946,0.8085600733757019,0.5272853374481201,-0.1242622509598732,0.9998027682304382,0.7751568555831909,0.5393133163452148,0.11320813745260239,0.9997021555900574,0.7690740823745728,0.5827819108963013,-0.05538441613316536,0.999055802822113,0.7586228847503662,0.5864032506942749,0.013829344883561134,0.9982043504714966,0.8559266328811646,0.6170552968978882,-0.25653091073036194,0.9986593127250671,0.787887692451477,0.656657338142395,0.3018749952316284,0.9966899752616882,0.7117408514022827,0.5958586931228638,-0.365682989358902,0.9936822652816772,0.6961830854415894,0.6555477976799011,0.5373084545135498,0.6772764921188354,0.5750745534896851,0.5893298983573914,-0.05122118070721626,0.8451195359230042,0.6009758710861206,0.6475101113319397,0.6861699819564819,0.45119333267211914,0.5398268699645996,0.5912405848503113,-0.06953976303339005,0.7244296073913574,0.5852621793746948,0.6420702338218689,0.7077314257621765,0.36808061599731445,0.5541397929191589,0.6057978272438049,-0.04230049252510071,0.7218400239944458,0.5807275772094727,0.635574221611023,0.6903353333473206,0.38816773891448975,0.5612701177597046,0.6135572195053101,-0.036198463290929794,0.7285283803939819,0.5827440023422241,0.6418928503990173,0.6720015406608582,0.4204186201095581,0.8740469813346863,1.0190399885177612,-0.14479821920394897,0.9719766974449158,0.8105252385139465,1.0355055332183838,0.14521202445030212,0.9763738512992859,0.8484067916870117,1.2602635622024536,-0.11788152158260345,0.18902713060379028,0.7843636274337769,1.2835897207260132,0.20373943448066711,0.14392858743667603,0.855949878692627,1.5177843570709229,0.039722833782434464,0.01738836243748665,0.7875986695289612,1.5400466918945312,0.251166969537735,0.01600356213748455,0.8757719993591309,1.567656397819519,0.051023680716753006,0.04477391764521599,0.7993046045303345,1.584781527519226,0.2514588236808777,0.027849843725562096,0.8005475997924805,1.5555591583251953,-0.06694822013378143,0.016793804243206978,0.7488027811050415,1.5858091115951538,0.12922722101211548,0.011597076430916786
0.7515136003494263,0.5616686344146729,-0.037627022713422775,0.9995648264884949,0.7623220682144165,0.5355434417724609,-0.06783425062894821,0.999589204788208,0.7681601047515869,0.5327722430229187,-0.06793071329593658,0.9996493458747864,0.7749646902084351,0.5300859808921814,-0.06800808757543564,0.999721109867096,0.7522292137145996,0.5396066308021545,-0.014755180105566978,0.9995597004890442,0.7506747841835022,0.5399664044380188,-0.01467871479690075,0.9993758201599121,0.7489652037620544,0.5408607125282288,-0.014871297404170036,0.9994943737983704,0.8080471754074097,0.5273334980010986,-0.1254086047410965,0.9998159408569336,0.7735980749130249,0.5400809645652771,0.11437292397022247,0.9997203946113586,0.7685762643814087,0.5831069946289062,-0.05403344705700874,0.9991161227226257,0.7582080960273743,0.5867406129837036,0.015157809481024742,0.998319149017334,0.8554690480232239,0.6173787713050842,-0.2598924934864044,0.998730480670929,0.7878450155258179,0.6566925644874573,0.30357423424720764,0.9968617558479309,0.7109593749046326,0.5844058394432068,-0.3658702075481415,0.994038999080658,0.6956022381782532,0.6560314297676086,0.5546862483024597,0.681138277053833,0.5746289491653442,0.5879539847373962,-0.04551222175359726,0.8561833500862122,0.6016240119934082,0.6482459902763367,0.7078709602355957,0.4543186128139496,0.5391119718551636,0.5899425745010376,-0.06440114229917526,0.7369443774223328,0.5851239562034607,0.6430450081825256,0.7303214073181152,0.36915910243988037,0.5527001619338989,0.6052864789962769,-0.03873739391565323,0.7342063188552856,0.5806713104248047,0.6357759833335876,0.7123721837997437,0.3897545039653778,0.5610533952713013,0.6133297085762024,-0.030667057260870934,0.7403197288513184,0.5850390195846558,0.642644464969635,0.6932281255722046,0.4234256446361542,0.8739579916000366,1.0207607746124268,-0.14523255825042725,0.9734206795692444,0.8096212148666382,1.0355720520019531,0.14565616846084595,0.9776402115821838,0.8489718437194824,1.2608439922332764,-0.11082524061203003,0.1895044595003128,0.784381091594696,1.2832475900650024,0.2125566005706787,0.14646106958389282,0.8584405183792114,1.5179803371429443,0.05815645307302475,0.0172120314091444,0.791557252407074,1.5402657985687256,0.29017603397369385,0.016133025288581848,0.8783272504806519,1.567504644393921,0.07091093808412552,0.04425410181283951,0.8039175868034363,1.5849699974060059,0.2938694357872009,0.02780155837535858,0.8038111925125122,1.5574918985366821,-0.04433853179216385,0.016573702916502953,0.7521871328353882,1.5865129232406616,0.1809072643518448,0.01158191915601492
0.750834584236145,0.5620495080947876,-0.03333894908428192,0.9995902180671692,0.7615128755569458,0.5359832048416138,-0.06474264711141586,0.9996145963668823,0.7672977447509766,0.533191442489624,-0.06482641398906708,0.9996706247329712,0.7739818096160889,0.5305110812187195,-0.06488119065761566,0.9997380375862122,0.7513419389724731,0.5401685237884521,-0.009573103860020638,0.9995858073234558,0.749763548374176,0.5405824780464172,-0.009468602016568184,0.9994116425514221,0.7480035424232483,0.5415475964546204,-0.009667271748185158,0.9995220899581909,0.8073366284370422,0.5273777842521667,-0.1248130351305008,0.9998275637626648,0.7716710567474365,0.5409591794013977,0.12234459817409515,0.9997353553771973,0.7679744362831116,0.5834579467773438,-0.052669644355773926,0.9991684556007385,0.7576523423194885,0.5872078537940979,0.01973508670926094,0.9984148740768433,0.8555005788803101,0.6174440383911133,-0.2655527889728546,0.9988120198249817,0.7872229814529419,0.6568148136138916,0.3159313499927521,0.9970524907112122,0.7118990421295166,0.6043490767478943,-0.3712989389896393,0.994415819644928,0.694555401802063,0.656191885471344,0.5661281943321228,0.690373420715332,0.5736950635910034,0.5869683027267456,-0.05925858020782471,0.8667154908180237,0.601845383644104,0.6509944200515747,0.7058893442153931,0.45970356464385986,0.5377230644226074,0.5889641642570496,-0.080471470952034,0.74904465675354,0.5856162309646606,0.6455919146537781,0.7289478182792664,0.37112903594970703,0.5521520376205444,0.6050785779953003,-0.053084563463926315,0.745857834815979,0.5814851522445679,0.6398504376411438,0.7109659910202026,0.39190158247947693,0.5614644885063171,0.613793134689331,-0.04400146007537842,0.7516303062438965,0.5860546827316284,0.645663321018219,0.6910605430603027,0.4271116852760315,0.8748773336410522,1.021053433418274,-0.14591474831104279,0.9750862717628479,0.8087788820266724,1.0354114770889282,0.14644263684749603,0.9790857434272766,0.8570718765258789,1.2688243389129639,-0.12895947694778442,0.1797359436750412,0.7863110899925232,1.2872918844223022,0.21871399879455566,0.141412153840065,0.8703020215034485,1.5248031616210938,0.022506531327962875,0.01596326380968094,0.7998860478401184,1.5449703931808472,0.2926782965660095,0.015102745033800602,0.8894799947738647,1.5720754861831665,0.03207980468869209,0.041318897157907486,0.8114594221115112,1.5882952213287354,0.29615336656570435,0.026097990572452545,0.8204517364501953,1.5701062679290771,-0.10671423375606537,0.015429421328008175,0.7664059400558472,1.5962189435958862,0.17551229894161224,0.01084019523113966
0.7502321004867554,0.5632781386375427,-0.022806387394666672,0.999614953994751,0.7607896327972412,0.5371355414390564,-0.05705777928233147,0.9996396899223328,0.7664753198623657,0.5343431234359741,-0.05713170766830444,0.9996916055679321,0.7729758024215698,0.5317038893699646,-0.057193029671907425,0.9997548460960388,0.7508155107498169,0.5414052605628967,5.2212119044270366e-05,0.9996113181114197,0.7493067383766174,0.541886031627655,0.0001609276223462075,0.99944669008255,0.7476155161857605,0.5429006814956665,-2.5749002816155553e-05,0.9995497465133667,0.80635005235672,0.5279728174209595,-0.12537559866905212,0.9998388290405273,0.7710387110710144,0.5421820282936096,0.12824320793151855,0.9997506141662598,0.7675350904464722,0.5844414234161377,-0.04647667706012726,0.9992223381996155,0.7574105262756348,0.5882516503334045,0.028886828571558,0.9985113143920898,0.855516254901886,0.6175086498260498,-0.27000465989112854,0.9988898038864136,0.7868335247039795,0.6568288207054138,0.3250768780708313,0.9972397685050964,0.7131035327911377,0.6088737845420837,-0.3631773591041565,0.9947547912597656,0.6939743757247925,0.6565481424331665,0.5751873254776001,0.7046807408332825,0.5735964179039001,0.5872129797935486,-0.02097294107079506,0.8764442205429077,0.6004647016525269,0.6516401767730713,0.7049939632415771,0.4787938892841339,0.5374041795730591,0.5900787711143494,-0.039542388170957565,0.7611075043678284,0.5821564793586731,0.64646977186203,0.7293483018875122,0.38616469502449036,0.5518003702163696,0.605768620967865,-0.011308638378977776,0.7575845718383789,0.581160306930542,0.641649067401886,0.7099441289901733,0.4072188436985016,0.5614885091781616,0.6138148903846741,-0.004258877132087946,0.7631857991218567,0.5832592844963074,0.6464346051216125,0.6898714303970337,0.44291433691978455,0.8747243881225586,1.0213934183120728,-0.14993815124034882,0.9768229722976685,0.8082284927368164,1.0349773168563843,0.15050926804542542,0.9805319309234619,0.857349693775177,1.2695221900939941,-0.13598382472991943,0.17055748403072357,0.7857272028923035,1.2884935140609741,0.2672799229621887,0.13498058915138245,0.871444821357727,1.5259838104248047,0.015827929601073265,0.01474884431809187,0.8008990287780762,1.5453604459762573,0.37421414256095886,0.013987292535603046,0.8907791376113892,1.5728243589401245,0.025657981634140015,0.03829967603087425,0.8124504089355469,1.5882530212402344,0.38027235865592957,0.024171197786927223,0.8210893869400024,1.5718634128570557,-0.11106256395578384,0.014303840696811676,0.769194483757019,1.5991573333740234,0.25469258427619934,0.01004006713628769
0.7499850392341614,0.5637322068214417,-0.03211810439825058,0.9996388554573059,0.7604159116744995,0.5374650359153748,-0.06405174732208252,0.9996614456176758,0.7660603523254395,0.5346395969390869,-0.06413092464208603,0.9997102618217468,0.7724781036376953,0.5319865345954895,-0.06419329345226288,0.9997690320014954,0.75041264295578,0.5418922305107117,-0.008053011260926723,0.9996344447135925,0.7488738894462585,0.5424449443817139,-0.007983586750924587,0.9994798898696899,0.7471356987953186,0.5435600876808167,-0.008166950196027756,0.9995754361152649,0.8057022094726562,0.5280420780181885,-0.12685051560401917,0.9998492002487183,0.7700055837631226,0.5429078340530396,0.12713122367858887,0.999765932559967,0.7673364281654358,0.5847489237785339,-0.051303643733263016,0.999270498752594,0.7572102546691895,0.5888152718544006,0.023015610873699188,0.9986032843589783,0.8546003103256226,0.6178809404373169,-0.2699296772480011,0.9989556670188904,0.7868611216545105,0.6575208306312561,0.3242639899253845,0.9973766803741455,0.7154525518417358,0.6097787022590637,-0.3804088532924652,0.9950345158576965,0.6942551732063293,0.6590185761451721,0.5701944828033447,0.7081112861633301,0.5732647776603699,0.5882790684700012,-0.06032557040452957,0.8847959041595459,0.5986729264259338,0.6534712314605713,0.6958327889442444,0.4791927635669708,0.5364429950714111,0.5909940004348755,-0.08335040509700775,0.7706820964813232,0.5794026851654053,0.6474164724349976,0.7184423208236694,0.38458549976348877,0.5508666038513184,0.605350136756897,-0.05461964011192322,0.7671540379524231,0.5799061059951782,0.6428990960121155,0.6991686820983887,0.4062330722808838,0.56072598695755,0.6133490800857544,-0.04488648101687431,0.7718983292579651,0.5809763073921204,0.647225558757782,0.6805100440979004,0.44276294112205505,0.8746274709701538,1.025612235069275,-0.1507139801979065,0.9773343801498413,0.808271586894989,1.0370965003967285,0.15126515924930573,0.9809429049491882,0.8519474267959595,1.2683907747268677,-0.12535832822322845,0.17108914256095886,0.7846112251281738,1.2878257036209106,0.26064643263816833,0.13757069408893585,0.8667677044868469,1.5258448123931885,0.04570227861404419,0.014937751926481724,0.7974541187286377,1.545048475265503,0.3598685562610626,0.01429422665387392,0.887714684009552,1.5731139183044434,0.05818113684654236,0.03858174383640289,0.8096791505813599,1.5882130861282349,0.3643531799316406,0.024576636031270027,0.8105372190475464,1.5681185722351074,-0.06294532865285873,0.01446535438299179,0.7593078017234802,1.5974979400634766,0.2327161729335785,0.010226352140307426
0.7495914697647095,0.56394362449646,-0.034295454621315,0.9996613264083862,0.7602024674415588,0.5376823544502258,-0.06515462696552277,0.9996823072433472,0.7658767700195312,0.5348647832870483,-0.0652373731136322,0.9997279644012451,0.7723240256309509,0.5322242379188538,-0.06530075520277023,0.9997828602790833,0.7500500082969666,0.542206346988678,-0.009986499324440956,0.9996567368507385,0.7484298944473267,0.5428444743156433,-0.00993126817047596,0.9995115399360657,0.7465947866439819,0.5440558195114136,-0.01011836901307106,0.9996001720428467,0.8054026365280151,0.52830970287323,-0.12641802430152893,0.9998587965965271,0.7692762613296509,0.5437581539154053,0.12674693763256073,0.9997798800468445,0.7668967247009277,0.585014283657074,-0.05217202752828598,0.9993172287940979,0.756512463092804,0.5891948938369751,0.02097661979496479,0.9986913800239563,0.854039192199707,0.6185023188591003,-0.26957613229751587,0.9990018010139465,0.7866269946098328,0.65789395570755,0.3237769603729248,0.997491180896759,0.7151818871498108,0.5804663300514221,-0.3733441233634949,0.9952236413955688,0.7013451457023621,0.6637868285179138,0.5662564635276794,0.7124848961830139,0.5737748146057129,0.5880924463272095,-0.04183304309844971,0.8908312320709229,0.5960685014724731,0.6502469182014465,0.6925796270370483,0.4767027795314789,0.537103533744812,0.5907034277915955,-0.06151493638753891,0.7749995589256287,0.5768800973892212,0.6463537216186523,0.7141140699386597,0.38099125027656555,0.5510298013687134,0.6049926280975342,-0.034475017338991165,0.7714855670928955,0.57745760679245,0.6399654746055603,0.6955168843269348,0.4031994938850403,0.5611229538917542,0.6132729053497314,-0.026798266917467117,0.776121199131012,0.5780486464500427,0.6444299817085266,0.6772063970565796,0.44071218371391296,0.8745234608650208,1.0265763998031616,-0.15060624480247498,0.9776185154914856,0.8074283599853516,1.0377230644226074,0.15115563571453094,0.9811812043190002,0.8509854078292847,1.2681947946548462,-0.12917916476726532,0.16448117792606354,0.7826873064041138,1.2878013849258423,0.2567012906074524,0.13364623486995697,0.8661324381828308,1.5258095264434814,0.03221563249826431,0.014177589677274227,0.7966009378433228,1.5450550317764282,0.34383946657180786,0.013586834073066711,0.8871146440505981,1.5732042789459229,0.043480731546878815,0.03681206330657005,0.8083899617195129,1.588215947151184,0.3467598557472229,0.0233916025608778,0.809873104095459,1.5682655572891235,-0.08303682506084442,0.013785025104880333,0.7588034272193909,1.5976825952529907,0.21575510501861572,0.009745854884386063
0.7494379281997681,0.5640491247177124,-0.03717280179262161,0.9996823072433472,0.7601311802864075,0.5377963185310364,-0.06656025350093842,0.9997016191482544,0.7658289670944214,0.5349903702735901,-0.06664647907018661,0.9997444748878479,0.7723020911216736,0.5323621034622192,-0.06670957058668137,0.9997958540916443,0.7498384714126587,0.5423840880393982,-0.012561028823256493,0.9996774792671204,0.7481308579444885,0.5430873036384583,-0.012510036118328571,0.9995408058166504,0.7461892366409302,0.5443769693374634,-0.012700296938419342,0.9996228814125061,0.8052617311477661,0.5285429358482361,-0.12592792510986328,0.9998677372932434,0.7687034010887146,0.544430673122406,0.125901460647583,0.999792754650116,0.7666991949081421,0.5852536559104919,-0.05336873605847359,0.9993606209754944,0.7561038732528687,0.5895087122917175,0.018274085596203804,0.998771607875824,0.8536063432693481,0.6192283034324646,-0.26726266741752625,0.9990479350090027,0.7864434123039246,0.6587268114089966,0.32343000173568726,0.99759441614151,0.7155590653419495,0.570362389087677,-0.36949604749679565,0.9954217672348022,0.704831063747406,0.6691831946372986,0.5649317502975464,0.7176067233085632,0.5741367936134338,0.5878326296806335,-0.04382381588220596,0.8970103859901428,0.595366358757019,0.6489115357398987,0.6908436417579651,0.4773836135864258,0.5375118851661682,0.5905225276947021,-0.0643862932920456,0.7807686924934387,0.575981855392456,0.6459034085273743,0.7104085683822632,0.38007721304893494,0.5512740015983582,0.6044681668281555,-0.037303630262613297,0.7772740125656128,0.5763909816741943,0.6386255025863647,0.6929405927658081,0.4027465283870697,0.5613101720809937,0.6129214763641357,-0.029024844989180565,0.7819282412528992,0.5770729780197144,0.6432377099990845,0.675251305103302,0.44136589765548706,0.8744527101516724,1.0270811319351196,-0.14998528361320496,0.9780214428901672,0.8063666224479675,1.0382704734802246,0.15055152773857117,0.9814435243606567,0.8508173227310181,1.2680566310882568,-0.13286957144737244,0.1572718322277069,0.7810786962509155,1.2877334356307983,0.2543157935142517,0.1288118213415146,0.8658669590950012,1.5257716178894043,0.02085064724087715,0.013313011266291142,0.7960153222084045,1.545051097869873,0.3373033404350281,0.012773124501109123,0.8867101669311523,1.5732084512710571,0.03126688674092293,0.034744758158922195,0.8075373768806458,1.5881332159042358,0.3401600420475006,0.022007135674357414,0.8097109794616699,1.568539023399353,-0.09883677214384079,0.012983409687876701,0.7586256861686707,1.597946286201477,0.21272750198841095,0.009183221496641636
0.7494595646858215,0.5640649795532227,-0.037508923560380936,0.9997068643569946,0.7602054476737976,0.5378034114837646,-0.0672444999217987,0.9997246265411377,0.76593017578125,0.5350167751312256,-0.06733257323503494,0.9997638463973999,0.7724558711051941,0.532417893409729,-0.06739300489425659,0.9998112916946411,0.7498542070388794,0.5423809289932251,-0.013011230155825615,0.9997024536132812,0.7481667995452881,0.5430833697319031,-0.01296142302453518,0.9995757937431335,0.7462409734725952,0.5443742871284485,-0.013151888735592365,0.9996512532234192,0.8052598237991333,0.5288649797439575,-0.1257467269897461,0.9998782277107239,0.7687010169029236,0.5446987152099609,0.12614554166793823,0.9998085498809814,0.7666915059089661,0.5854237079620361,-0.05348483845591545,0.9994113445281982,0.756079375743866,0.589542031288147,0.018323663622140884,0.998868465423584,0.853622555732727,0.6204277873039246,-0.26685672998428345,0.999091625213623,0.7861634492874146,0.6588956117630005,0.3285549581050873,0.997734546661377,0.7130407094955444,0.5654935836791992,-0.3591821491718292,0.9956023097038269,0.7081237435340881,0.6685771346092224,0.5829995274543762,0.7252887487411499,0.5724355578422546,0.5850558876991272,-9.1576534032356e-05,0.9021692872047424,0.5865639448165894,0.6458012461662292,0.718776524066925,0.47804489731788635,0.5352650880813599,0.587346076965332,-0.01723560132086277,0.7845025658607483,0.5746265649795532,0.6421893835067749,0.7419205904006958,0.37975773215293884,0.5509531497955322,0.6027278304100037,0.01007167249917984,0.7809293270111084,0.5719918012619019,0.6342456936836243,0.7209612131118774,0.40312543511390686,0.5600354671478271,0.6094273924827576,0.0156907606869936,0.7858371734619141,0.575395941734314,0.6395332217216492,0.7022145986557007,0.44283685088157654,0.8733876347541809,1.0292956829071045,-0.1514241248369217,0.9787313938140869,0.8047910928726196,1.040199875831604,0.15197880566120148,0.9821562767028809,0.8486822843551636,1.2710317373275757,-0.13792911171913147,0.15597350895404816,0.7789005637168884,1.2913343906402588,0.26070791482925415,0.12893426418304443,0.863895058631897,1.5285165309906006,0.013235470280051231,0.01305584330111742,0.7952921390533447,1.552013874053955,0.34672391414642334,0.012563819997012615,0.8838693499565125,1.5755513906478882,0.023289429023861885,0.03412583842873573,0.806655764579773,1.5950661897659302,0.35032200813293457,0.021627482026815414,0.8090783357620239,1.5755500793457031,-0.10778655111789703,0.01275846641510725,0.7583886981010437,1.6080318689346313,0.22426266968250275,0.00902638304978609
0.7495095133781433,0.5642706751823425,-0.045680589973926544,0.9997225403785706,0.7602220177650452,0.5381103754043579,-0.0729297325015068,0.9997396469116211,0.7659395337104797,0.5353387594223022,-0.07302792370319366,0.9997764229774475,0.7724918723106384,0.5327007174491882,-0.07312234491109848,0.9998211860656738,0.7498611211776733,0.5425745844841003,-0.021650969982147217,0.999718964099884,0.7481359243392944,0.5432450175285339,-0.02160128764808178,0.9995982646942139,0.7461629509925842,0.5445002317428589,-0.021790742874145508,0.999668300151825,0.8052293658256531,0.5289091467857361,-0.12333709001541138,0.9998854994773865,0.7674567103385925,0.5450528264045715,0.12104487419128418,0.9998189210891724,0.7666926383972168,0.5859106183052063,-0.05663231015205383,0.9994468688964844,0.7560451626777649,0.5897402167320251,0.011803044937551022,0.9989358186721802,0.85340416431427,0.6210891008377075,-0.2600764036178589,0.999122679233551,0.7850633263587952,0.658906877040863,0.32319319248199463,0.99781733751297,0.7131263613700867,0.5653032660484314,-0.35731929540634155,0.99575275182724,0.7110746502876282,0.6682509779930115,0.5779697299003601,0.7262428998947144,0.5724268555641174,0.5853049159049988,-0.02062949165701866,0.9066286087036133,0.6092385649681091,0.6458479166030884,0.7094506025314331,0.4756266474723816,0.535114049911499,0.5881062746047974,-0.04034432768821716,0.7878602147102356,0.5751919746398926,0.6401494145393372,0.7316268682479858,0.37758123874664307,0.5501588582992554,0.6018657684326172,-0.012980850413441658,0.7844294905662537,0.5723016858100891,0.6336972713470459,0.7123251557350159,0.4011901915073395,0.559494137763977,0.6088961958885193,-0.005326815415173769,0.7893639802932739,0.5764535069465637,0.6391371488571167,0.6933950185775757,0.4419664144515991,0.873324990272522,1.0286612510681152,-0.15049432218074799,0.9791334271430969,0.8047550916671753,1.0394790172576904,0.15100975334644318,0.9823981523513794,0.8487675786018372,1.2689476013183594,-0.1392061859369278,0.15403054654598236,0.7792277932167053,1.2883050441741943,0.25799593329429626,0.12765872478485107,0.8647146224975586,1.5259146690368652,0.0029711206443607807,0.0127699701115489,0.7970362305641174,1.548115611076355,0.34113645553588867,0.012228061445057392,0.8848698735237122,1.573108434677124,0.012508692219853401,0.03362250700592995,0.8087123036384583,1.5908771753311157,0.3445824980735779,0.021080832928419113,0.8106317520141602,1.5733850002288818,-0.11553370952606201,0.012427275069057941,0.7609601616859436,1.6046510934829712,0.22019675374031067,0.008754453621804714
0.7495267391204834,0.5646435022354126,-0.04457540065050125,0.9997143745422363,0.7602300047874451,0.5385363698005676,-0.0727711021900177,0.9997283816337585,0.7659550905227661,0.5358206629753113,-0.07284435629844666,0.9997684955596924,0.7725396752357483,0.5331851243972778,-0.07292831689119339,0.9998152256011963,0.749885618686676,0.5429155230522156,-0.02058243378996849,0.9997080564498901,0.7481592893600464,0.543593168258667,-0.02052946388721466,0.9995846152305603,0.7461854219436646,0.544837236404419,-0.0207184087485075,0.9996544122695923,0.805121123790741,0.5293970704078674,-0.11362483352422714,0.9998824596405029,0.7674222588539124,0.5456607937812805,0.12184388935565948,0.999808132648468,0.7665944695472717,0.5867494940757751,-0.05639008432626724,0.999433159828186,0.7558090090751648,0.590651273727417,0.012446790933609009,0.9988890886306763,0.8533916473388672,0.622176468372345,-0.25019553303718567,0.9991292357444763,0.7846377491950989,0.6645495295524597,0.3224641680717468,0.9977190494537354,0.7157263159751892,0.5643234848976135,-0.3631838262081146,0.9957053065299988,0.7142413854598999,0.7194593548774719,0.5436960458755493,0.7136456370353699,0.5817996859550476,0.6028305292129517,-0.06508222222328186,0.9052718877792358,0.62278151512146,0.7058273553848267,0.6474343538284302,0.4546600878238678,0.5406844019889832,0.6028691530227661,-0.08911044150590897,0.7778537273406982,0.5849289298057556,0.6810568571090698,0.6669861674308777,0.36059674620628357,0.5564723014831543,0.6172245144844055,-0.054022081196308136,0.7745197415351868,0.5897369980812073,0.6995221972465515,0.6442152261734009,0.3840925097465515,0.5711215734481812,0.6243455410003662,-0.04910539090633392,0.7798478007316589,0.5901974439620972,0.6974674463272095,0.6301753520965576,0.4243137836456299,0.8726471662521362,1.0311485528945923,-0.14847710728645325,0.9773765802383423,0.8010894060134888,1.0420986413955688,0.1490444540977478,0.9801338911056519,0.8472719192504883,1.2759968042373657,-0.142464280128479,0.1546173393726349,0.7789530754089355,1.2940367460250854,0.23667903244495392,0.12975861132144928,0.8612129092216492,1.5349814891815186,-0.009120192378759384,0.01310029998421669,0.7968813180923462,1.5565310716629028,0.2943045496940613,0.012393521144986153,0.8808308839797974,1.5828592777252197,-0.0014806868275627494,0.03442095220088959,0.808393120765686,1.600820541381836,0.2953731417655945,0.021377751603722572,0.8075548410415649,1.5812389850616455,-0.13595689833164215,0.012697766534984112,0.7607842683792114,1.6114572286605835,0.16097760200500488,0.008839872665703297
0.7495920062065125,0.5646582245826721,-0.04381845146417618,0.999699592590332,0.76023930311203,0.5385673642158508,-0.07197850197553635,0.9997182488441467,0.7659713625907898,0.5358715653419495,-0.07210181653499603,0.9997597336769104,0.7725961804389954,0.5332384705543518,-0.07219627499580383,0.9998101592063904,0.749902606010437,0.5429179668426514,-0.020075369626283646,0.9996973872184753,0.7481600642204285,0.5435903668403625,-0.02004437893629074,0.9995623230934143,0.7461730241775513,0.5448224544525146,-0.020221756771206856,0.9996344447135925,0.8051086664199829,0.5295115113258362,-0.10834527015686035,0.9998800754547119,0.7668155431747437,0.5458604693412781,0.12507286667823792,0.9997919201850891,0.7665606737136841,0.5870271921157837,-0.055291254073381424,0.999414324760437,0.7556598782539368,0.5907602906227112,0.012530977837741375,0.998810887336731,0.8538241386413574,0.6227369904518127,-0.2437555491924286,0.9991181492805481,0.7835337519645691,0.6648778915405273,0.32237404584884644,0.9976081848144531,0.7200798988342285,0.5641244649887085,-0.36274850368499756,0.9956358671188354,0.7176751494407654,0.7182748913764954,0.5438544154167175,0.7014708518981934,0.6005319952964783,0.6106204390525818,-0.06457486003637314,0.9049929976463318,0.6322372555732727,0.7071515321731567,0.6508738994598389,0.4388273358345032,0.5547081828117371,0.6119407415390015,-0.08888481557369232,0.7711494565010071,0.5923880338668823,0.6845646500587463,0.6689714789390564,0.34795311093330383,0.5641523599624634,0.6177057027816772,-0.05328992009162903,0.7673614621162415,0.5956839323043823,0.6974486708641052,0.6488801836967468,0.3709385395050049,0.5750917792320251,0.6241100430488586,-0.04869221895933151,0.7739134430885315,0.600721001625061,0.6959851384162903,0.6328650712966919,0.4119296669960022,0.872689425945282,1.0266283750534058,-0.14785267412662506,0.9757270812988281,0.800805926322937,1.040421962738037,0.14848366379737854,0.9790109395980835,0.8527344465255737,1.2728420495986938,-0.1815628856420517,0.15669725835323334,0.7861047983169556,1.2784947156906128,0.1822153627872467,0.1349814534187317,0.8677203059196472,1.5269807577133179,-0.08066890388727188,0.01261192373931408,0.8065018653869629,1.5457804203033447,0.247700497508049,0.012290773913264275,0.8854020833969116,1.570663571357727,-0.07747618854045868,0.03344740346074104,0.8192540407180786,1.5950889587402344,0.24957473576068878,0.02143939398229122,0.8216730952262878,1.5802741050720215,-0.22142836451530457,0.012158725410699844,0.7649917602539062,1.5968501567840576,0.11441749334335327,0.008746743202209473
0.749194324016571,0.5659135580062866,0.038966380059719086,0.9997091889381409,0.7594581246376038,0.5397935509681702,0.0013825714122503996,0.9997308850288391,0.7650424838066101,0.5371007323265076,0.0012504874030128121,0.9997704029083252,0.7713086009025574,0.5344883799552917,0.0011792571749538183,0.999819278717041,0.7493889331817627,0.5437971353530884,0.061656903475522995,0.9997098445892334,0.7477291822433472,0.544269859790802,0.06180517002940178,0.999579131603241,0.7458547353744507,0.5452731251716614,0.0615759901702404,0.9996497631072998,0.8039032816886902,0.5299513339996338,-0.08819235861301422,0.9998852610588074,0.7667649388313293,0.5459417700767517,0.1851436048746109,0.9997978210449219,0.7656275033950806,0.5883008241653442,0.009201116859912872,0.9994282722473145,0.7552062273025513,0.5916473865509033,0.08863464742898941,0.9988353848457336,0.8537949323654175,0.6225568056106567,-0.24230098724365234,0.9991012811660767,0.7838522791862488,0.6647894382476807,0.3759562373161316,0.9975602030754089,0.7113361954689026,0.596401572227478,-0.30920979380607605,0.9951580762863159,0.7122470140457153,0.7127872705459595,0.5646370649337769,0.6927835941314697,0.6014810800552368,0.6077765226364136,0.06210477277636528,0.8853657841682434,0.6275523900985718,0.6954582929611206,0.6279862523078918,0.4157460331916809,0.5756792426109314,0.6111055612564087,0.051268912851810455,0.7384045720100403,0.591697096824646,0.682258665561676,0.6524768471717834,0.33035165071487427,0.5909183025360107,0.6164763569831848,0.07951758056879044,0.7339830994606018,0.594438910484314,0.6867668032646179,0.6250026822090149,0.35364964604377747,0.6002730131149292,0.623192548751831,0.07868727296590805,0.7438226938247681,0.6009849309921265,0.6873659491539001,0.6089357137680054,0.39376434683799744,0.8675957918167114,1.0266759395599365,-0.15942469239234924,0.974139928817749,0.8008871078491211,1.0415112972259521,0.16007952392101288,0.9783514738082886,0.8447487950325012,1.2727692127227783,-0.19423457980155945,0.1607813984155655,0.7836576104164124,1.2789090871810913,0.20203807950019836,0.134316086769104,0.8550645112991333,1.5304081439971924,-0.07593802362680435,0.012411519885063171,0.795341968536377,1.551360845565796,0.2588731646537781,0.012043233029544353,0.8730074167251587,1.579220175743103,-0.07164473831653595,0.033380176872015,0.8062602877616882,1.6031819581985474,0.25862109661102295,0.021747801452875137,0.7985109686851501,1.5796113014221191,-0.20515091717243195,0.011936366558074951,0.7432125806808472,1.5975266695022583,0.12942054867744446,0.00866849347949028
0.749178409576416,0.5656192898750305,0.03462595492601395,0.999714195728302,0.759354293346405,0.5396751761436462,-0.001974809681996703,0.9997391700744629,0.7648712396621704,0.5369805693626404,-0.002109141554683447,0.9997770190238953,0.7710621356964111,0.5343354940414429,-0.002192076528444886,0.9998255372047424,0.7493306994438171,0.5435981750488281,0.05766848847270012,0.9997149705886841,0.7476775646209717,0.5439828038215637,0.05780842900276184,0.9995853304862976,0.7458184361457825,0.5448602437973022,0.057581208646297455,0.9996570944786072,0.8035231828689575,0.5297236442565918,-0.09000574797391891,0.999888002872467,0.7667430639266968,0.5454543232917786,0.18274205923080444,0.9997983574867249,0.7653056383132935,0.5878388285636902,0.006414479110389948,0.9994329810142517,0.7550267577171326,0.5912115573883057,0.08512024581432343,0.9988377690315247,0.8538609743118286,0.6218539476394653,-0.243912935256958,0.999099850654602,0.7838081121444702,0.6646144390106201,0.37494993209838867,0.9975165724754333,0.7114720344543457,0.6040485501289368,-0.3194163143634796,0.9947675466537476,0.682625412940979,0.6751365661621094,0.563987135887146,0.6922639608383179,0.6001514196395874,0.6057367920875549,0.04191359132528305,0.8733850121498108,0.6228476166725159,0.69240403175354,0.6070368885993958,0.40646007657051086,0.5772518515586853,0.6090644598007202,0.02716464176774025,0.7150449752807617,0.5912262201309204,0.6775801181793213,0.6310504674911499,0.32295000553131104,0.59412682056427,0.6167896389961243,0.05749661847949028,0.7098324298858643,0.5935996770858765,0.6807557344436646,0.6012046337127686,0.34730565547943115,0.603613018989563,0.6234263181686401,0.05866504833102226,0.7225687503814697,0.6005616188049316,0.6822134852409363,0.5869123339653015,0.3879615068435669,0.8675645589828491,1.0264133214950562,-0.16115975379943848,0.9737953543663025,0.8020145297050476,1.0414894819259644,0.16179439425468445,0.9783680438995361,0.8487126231193542,1.272500991821289,-0.18166878819465637,0.15366676449775696,0.7849665284156799,1.2811686992645264,0.2036525309085846,0.1285804957151413,0.8585981130599976,1.5308529138565063,-0.06796537339687347,0.01161267515271902,0.7955020666122437,1.5522233247756958,0.2713456451892853,0.011356817558407784,0.87542724609375,1.5795308351516724,-0.06974700838327408,0.03127635270357132,0.8061672449111938,1.6025322675704956,0.2726898789405823,0.020791159942746162,0.8037029504776001,1.5791761875152588,-0.17857861518859863,0.011210160329937935,0.7456564903259277,1.5987884998321533,0.1459694653749466,0.008263211697340012
0.7491898536682129,0.5650101900100708,0.017316371202468872,0.9997344017028809,0.7593599557876587,0.5392922163009644,-0.016285454854369164,0.9997571110725403,0.7648770213127136,0.5365961194038391,-0.01641109213232994,0.9997920989990234,0.7710813283920288,0.5338712334632874,-0.016487540677189827,0.9998379945755005,0.7493106722831726,0.5431764125823975,0.04177554324269295,0.99973464012146,0.747640073299408,0.5435141324996948,0.041924942284822464,0.9996129870414734,0.7457712888717651,0.5443283915519714,0.041699763387441635,0.9996812343597412,0.8035179376602173,0.5294526219367981,-0.09197546541690826,0.9998957514762878,0.7664446234703064,0.5453025102615356,0.1847386360168457,0.9998108744621277,0.7651773691177368,0.5872835516929626,-0.005822404287755489,0.9994682669639587,0.7548765540122986,0.5909367799758911,0.07166226208209991,0.9989057779312134,0.8543304204940796,0.6207391023635864,-0.24464881420135498,0.9991377592086792,0.7840961217880249,0.6671103835105896,0.38256970047950745,0.9976195693016052,0.7043502926826477,0.5369826555252075,-0.347312867641449,0.9947540760040283,0.6759601831436157,0.6722549796104431,0.5318366289138794,0.6991550922393799,0.5819568634033203,0.5568253993988037,-0.030314400792121887,0.8719006180763245,0.588042676448822,0.6575676202774048,0.5142224431037903,0.3942950665950775,0.557133674621582,0.5457850694656372,-0.05803744122385979,0.7065973877906799,0.5856443643569946,0.6581722497940063,0.5264384150505066,0.3133569359779358,0.5812102556228638,0.5662025809288025,-0.013204577378928661,0.7009423971176147,0.5878246426582336,0.6794155836105347,0.500231921672821,0.338765412569046,0.5934404730796814,0.5784485340118408,-0.011697683483362198,0.7159705758094788,0.5953428745269775,0.6831969618797302,0.49238499999046326,0.37985843420028687,0.868075966835022,1.0296144485473633,-0.16051742434501648,0.9729118347167969,0.8020474314689636,1.045985221862793,0.16125883162021637,0.9776124954223633,0.8504078984260559,1.2833818197250366,-0.17981459200382233,0.1458330601453781,0.7871392369270325,1.3009260892868042,0.24635569751262665,0.12095861881971359,0.8597909212112427,1.540692687034607,-0.04796362295746803,0.010842494666576385,0.7954920530319214,1.561400055885315,0.3238893151283264,0.010542006231844425,0.8768709897994995,1.588977336883545,-0.04366987571120262,0.0295069832354784,0.8055676221847534,1.6103988885879517,0.3276635408401489,0.019679618999361992,0.8033021688461304,1.583656668663025,-0.17985357344150543,0.010577023029327393,0.7470060586929321,1.6031550168991089,0.18657459318637848,0.007797823287546635
0.7492512464523315,0.5646349191665649,-0.024550672620534897,0.9997024536132812,0.7595548033714294,0.5383704900741577,-0.052697502076625824,0.9997270703315735,0.7652997970581055,0.5353142619132996,-0.05279864743351936,0.9997731447219849,0.7720168232917786,0.5322059392929077,-0.05298040062189102,0.9998199343681335,0.7493070960044861,0.5428708791732788,-0.0020801196806132793,0.9996998906135559,0.7475683689117432,0.5433045029640198,-0.002007654868066311,0.9995666146278381,0.7455700039863586,0.5442110896110535,-0.0022100743371993303,0.9996349811553955,0.8037832379341125,0.5285761952400208,-0.10186803340911865,0.9998822808265686,0.7656755447387695,0.5452584028244019,0.1366230547428131,0.9997798800468445,0.7652217745780945,0.5858781933784485,-0.036398909986019135,0.9993630647659302,0.7546682357788086,0.5905392169952393,0.03119068406522274,0.9986976385116577,0.855725884437561,0.6194324493408203,-0.22472429275512695,0.9987375140190125,0.7806336283683777,0.6673583984375,0.3071005940437317,0.9966174364089966,0.7127875089645386,0.5331723093986511,-0.2978532314300537,0.9927836060523987,0.6678063273429871,0.6614192128181458,0.4694592356681824,0.6860825419425964,0.631308913230896,0.5458534955978394,0.046780191361904144,0.825241208076477,0.6596431136131287,0.6311439871788025,0.5284854173660278,0.3607093393802643,0.6109164953231812,0.5403384566307068,0.04212353378534317,0.6571819186210632,0.6607611179351807,0.6190563440322876,0.5351619720458984,0.28677868843078613,0.6338083148002625,0.5578707456588745,0.0581446997821331,0.6529281139373779,0.6676899194717407,0.6248832941055298,0.5395727753639221,0.3103368580341339,0.6427695155143738,0.5673348307609558,0.056848883628845215,0.6696156859397888,0.6714451909065247,0.6303091049194336,0.5205968022346497,0.34801048040390015,0.8681282997131348,1.0302549600601196,-0.15808331966400146,0.957500159740448,0.7999055981636047,1.045755386352539,0.1586211621761322,0.964170515537262,0.8425911664962769,1.2591251134872437,-0.17480012774467468,0.15285933017730713,0.7766575813293457,1.2805781364440918,0.20871710777282715,0.12561967968940735,0.8512218594551086,1.5246633291244507,-0.03923559933900833,0.013211982324719429,0.78452068567276,1.5472313165664673,0.22965779900550842,0.011950653977692127,0.8715400695800781,1.579067587852478,-0.03353497013449669,0.036470264196395874,0.7965691089630127,1.5976818799972534,0.2267719954252243,0.02252035215497017,0.7859311103820801,1.5634486675262451,-0.16674615442752838,0.012786399573087692,0.7339233160018921,1.5913901329040527,0.10279317200183868,0.008868408389389515
0.7490960955619812,0.564513623714447,-0.013182011432945728,0.9997184872627258,0.7595317959785461,0.5380740761756897,-0.0404169075191021,0.9997418522834778,0.7652977705001831,0.534889817237854,-0.040541037917137146,0.9997859001159668,0.7720209956169128,0.5316488146781921,-0.04070650786161423,0.9998298287391663,0.7491135597229004,0.5427830219268799,0.009923534467816353,0.9997161626815796,0.7473076581954956,0.5432338118553162,0.009956099092960358,0.9995908141136169,0.7452468276023865,0.5441634058952332,0.009796482510864735,0.9996556639671326,0.8037826418876648,0.5281732678413391,-0.09448427706956863,0.9998881816864014,0.7654688358306885,0.5451123714447021,0.14007630944252014,0.9997917413711548,0.7649206519126892,0.5850290656089783,-0.02640289068222046,0.9993894100189209,0.7538837194442749,0.5902177691459656,0.040383219718933105,0.9987560510635376,0.8559678196907043,0.6184268593788147,-0.21946561336517334,0.9987267851829529,0.780642032623291,0.6672343611717224,0.31536298990249634,0.996452271938324,0.7123306393623352,0.5353138446807861,-0.31231722235679626,0.9918714761734009,0.6683775186538696,0.6584748029708862,0.5000547170639038,0.6654281616210938,0.6242344975471497,0.5495051145553589,0.0013111415319144726,0.8176611661911011,0.63243168592453,0.6276512145996094,0.5636513829231262,0.33809682726860046,0.6042416095733643,0.5420010685920715,-0.0007754715625196695,0.647583544254303,0.6356762647628784,0.618436872959137,0.5754904747009277,0.27035003900527954,0.6251832842826843,0.5566843152046204,0.0198911651968956,0.6454606056213379,0.6413668394088745,0.6223379373550415,0.5692578554153442,0.2938166558742523,0.6290444135665894,0.5666103959083557,0.012952755205333233,0.6602067947387695,0.64496248960495,0.6293684244155884,0.5517173409461975,0.32845550775527954,0.8681865930557251,1.0308012962341309,-0.15688757598400116,0.95261549949646,0.801230788230896,1.045593023300171,0.15735197067260742,0.9594271183013916,0.8408956527709961,1.2357574701309204,-0.17743024230003357,0.16898196935653687,0.7769423127174377,1.2651255130767822,0.16482800245285034,0.1326916515827179,0.848207950592041,1.5076271295547485,-0.0371902734041214,0.016760164871811867,0.7792544364929199,1.5308477878570557,0.1815061867237091,0.014221269637346268,0.8694141507148743,1.5644667148590088,-0.029261548072099686,0.043830834329128265,0.7909766435623169,1.5812599658966064,0.17813904583454132,0.025735115632414818,0.780941367149353,1.5398722887039185,-0.15595561265945435,0.0174051932990551,0.7252221703529358,1.5696732997894287,0.055362243205308914,0.011522987857460976
0.7490973472595215,0.5643954873085022,0.002429212909191847,0.9997336864471436,0.7595192193984985,0.5378218293190002,-0.024444617331027985,0.9997561573982239,0.7652852535247803,0.5345905423164368,-0.02460084669291973,0.9997977018356323,0.772024393081665,0.5313076972961426,-0.0247513260692358,0.9998392462730408,0.7491011023521423,0.5425835251808167,0.025903556495904922,0.9997319579124451,0.7473007440567017,0.54299396276474,0.025949131697416306,0.9996143579483032,0.7452472448348999,0.5438937544822693,0.02579658292233944,0.9996761083602905,0.8037887811660767,0.5279060006141663,-0.08026573061943054,0.9998932480812073,0.7654887437820435,0.5447012186050415,0.15131178498268127,0.999803900718689,0.7649040818214417,0.5846337676048279,-0.011373496614396572,0.9994162917137146,0.7538598775863647,0.5899778604507446,0.05518626049160957,0.9988134503364563,0.8575837016105652,0.61696857213974,-0.20981979370117188,0.9987441897392273,0.7806259989738464,0.6661643385887146,0.3197644054889679,0.9964076280593872,0.7124627828598022,0.5412929058074951,-0.318907231092453,0.9916662573814392,0.6692907214164734,0.655826210975647,0.4884098470211029,0.6606881618499756,0.6052261590957642,0.555274248123169,-0.09092153608798981,0.8240225315093994,0.582474946975708,0.6260855197906494,0.497629314661026,0.34183332324028015,0.5790655612945557,0.5490310788154602,-0.11250662803649902,0.6585526466369629,0.5967294573783875,0.6158398985862732,0.5055418014526367,0.2755851745605469,0.5989503264427185,0.5617693662643433,-0.08207031339406967,0.657446563243866,0.5982584953308105,0.6186084151268005,0.48376908898353577,0.30098116397857666,0.6083977818489075,0.5714136362075806,-0.07660121470689774,0.6698329448699951,0.6069528460502625,0.6267175674438477,0.47910696268081665,0.3333946168422699,0.8688967823982239,1.02853524684906,-0.15048959851264954,0.9531210064888,0.8061856031417847,1.0420513153076172,0.1508447825908661,0.9598156213760376,0.8426084518432617,1.2226735353469849,-0.18377090990543365,0.18097728490829468,0.7766805291175842,1.2484639883041382,0.12068299204111099,0.14115256071090698,0.8489411473274231,1.4928193092346191,-0.04092203453183174,0.01876196078956127,0.7806941270828247,1.5123275518417358,0.15462148189544678,0.015929559245705605,0.869813084602356,1.547847032546997,-0.03155708312988281,0.047849737107753754,0.7915612459182739,1.5587818622589111,0.1536729633808136,0.02845054678618908,0.7844605445861816,1.5220547914505005,-0.15448962152004242,0.01982112228870392,0.7293999791145325,1.554782509803772,0.033401478081941605,0.01328194234520197
0.7491865754127502,0.564093828201294,0.0067187221720814705,0.9997504949569702,0.7596057057380676,0.5374590754508972,-0.019352851435542107,0.9997712969779968,0.7653955817222595,0.5342089533805847,-0.01950082555413246,0.999809980392456,0.7722172737121582,0.5309126973152161,-0.019635695964097977,0.9998493194580078,0.7491236925125122,0.542324423789978,0.03108277916908264,0.9997483491897583,0.7473077774047852,0.5427404642105103,0.031124871224164963,0.9996376037597656,0.7452496290206909,0.5436509251594543,0.03097185492515564,0.9996962547302246,0.8038317561149597,0.5277928113937378,-0.07345148921012878,0.9998994469642639,0.7654475569725037,0.5446233749389648,0.15770040452480316,0.9998151659965515,0.7649190425872803,0.5841730833053589,-0.007430522236973047,0.9994490742683411,0.7538682818412781,0.5896366834640503,0.05920708179473877,0.9988806843757629,0.8578441739082336,0.6165335178375244,-0.20701941847801208,0.9987829327583313,0.7807242274284363,0.6660872101783752,0.3276103138923645,0.9963986277580261,0.7118321061134338,0.5447351932525635,-0.3066692054271698,0.9915035963058472,0.670012354850769,0.6560438871383667,0.49326127767562866,0.6509357690811157,0.604594349861145,0.5578714609146118,-0.054161153733730316,0.8248210549354553,0.5866900086402893,0.6284886002540588,0.5092459917068481,0.33204448223114014,0.5776358842849731,0.5531809329986572,-0.06917501240968704,0.6595754623413086,0.6046153903007507,0.6207935810089111,0.515769898891449,0.26878660917282104,0.5970175266265869,0.566432535648346,-0.04234079271554947,0.6598748564720154,0.605169951915741,0.624107301235199,0.5016778707504272,0.2949793338775635,0.605556845664978,0.575744092464447,-0.041099563241004944,0.6704745888710022,0.6140923500061035,0.6314037442207336,0.49293774366378784,0.3251597583293915,0.8696606755256653,1.028462290763855,-0.150242418050766,0.9492277503013611,0.80900639295578,1.0417283773422241,0.15060286223888397,0.9557270407676697,0.8428328633308411,1.2229543924331665,-0.18036940693855286,0.1943669319152832,0.7768042087554932,1.2494539022445679,0.15270107984542847,0.14772929251194,0.8496571779251099,1.4912073612213135,-0.039380982518196106,0.021121321246027946,0.7816576957702637,1.5098481178283691,0.18265682458877563,0.017535828053951263,0.8701919317245483,1.5464016199111938,-0.03128308802843094,0.052153851836919785,0.7924145460128784,1.556504487991333,0.18090571463108063,0.03128330409526825,0.7865725755691528,1.520774006843567,-0.14412136375904083,0.02304287999868393,0.7305410504341125,1.5512688159942627,0.06564311683177948,0.015417690388858318
0.7491915822029114,0.5632117986679077,-0.020149793475866318,0.9997632503509521,0.7596069574356079,0.5367358326911926,-0.04288505017757416,0.9997819066047668,0.7653791904449463,0.5335133075714111,-0.0430174358189106,0.999819278717041,0.7721973657608032,0.5302377343177795,-0.043110135942697525,0.9998560547828674,0.7491258382797241,0.5415896773338318,0.005378867499530315,0.9997607469558716,0.747312068939209,0.5419572591781616,0.005427791271358728,0.999657928943634,0.7452630400657654,0.5428102016448975,0.005271291360259056,0.9997130632400513,0.8038220405578613,0.5274304151535034,-0.07424767315387726,0.9999030828475952,0.7654582262039185,0.544048011302948,0.1433717906475067,0.9998233914375305,0.7648375034332275,0.5834094285964966,-0.027464155107736588,0.9994718432426453,0.7538034319877625,0.5887614488601685,0.036687739193439484,0.9989254474639893,0.8583828210830688,0.6159560680389404,-0.21308140456676483,0.9987881183624268,0.780079185962677,0.6655228137969971,0.3123476803302765,0.9963022470474243,0.711868941783905,0.5446622371673584,-0.3609549403190613,0.9915835857391357,0.668012797832489,0.6564019322395325,0.4173552095890045,0.6525354981422424,0.577272891998291,0.5587674379348755,-0.17753396928310394,0.8332976698875427,0.5732547044754028,0.6272745132446289,0.361996591091156,0.3404701054096222,0.5425729751586914,0.5515737533569336,-0.21105745434761047,0.672201931476593,0.5871103405952454,0.6233881115913391,0.35623979568481445,0.2762443721294403,0.5631601810455322,0.5628883838653564,-0.17787514626979828,0.6732473373413086,0.5878695845603943,0.6268356442451477,0.3341987431049347,0.30386874079704285,0.5764075517654419,0.5730317831039429,-0.16394582390785217,0.6820293664932251,0.597194254398346,0.6340345740318298,0.34140926599502563,0.33220505714416504,0.8699769973754883,1.0278619527816772,-0.14206251502037048,0.9502540230751038,0.8088229298591614,1.040894865989685,0.14247700572013855,0.9558541178703308,0.8433772921562195,1.2265000343322754,-0.16988137364387512,0.19796131551265717,0.7764273285865784,1.2522528171539307,0.1656976044178009,0.14752230048179626,0.8510104417800903,1.492167592048645,-0.01784552074968815,0.021594736725091934,0.7810410261154175,1.5102025270462036,0.2025011032819748,0.018001573160290718,0.8719592094421387,1.5471314191818237,-0.00858786329627037,0.05206921324133873,0.7925681471824646,1.558386206626892,0.2009040117263794,0.03096085600554943,0.7873581647872925,1.5268981456756592,-0.14410172402858734,0.02377670630812645,0.7320747375488281,1.5524425506591797,0.06498081237077713,0.015961358323693275
0.7491955757141113,0.5626006722450256,-0.023708350956439972,0.9997647404670715,0.7595607042312622,0.5364689230918884,-0.04766497015953064,0.999781608581543,0.7652846574783325,0.5332543253898621,-0.047801051288843155,0.9998197555541992,0.7720746397972107,0.5299562811851501,-0.04786335676908493,0.9998553395271301,0.7490994334220886,0.5413414835929871,0.0027991714887320995,0.9997618198394775,0.747291624546051,0.5416999459266663,0.0028510582633316517,0.9996640682220459,0.745254397392273,0.542547345161438,0.002704859711229801,0.9997180700302124,0.8037951588630676,0.5271418690681458,-0.08115042746067047,0.9998998641967773,0.7653956413269043,0.5439271330833435,0.1434697061777115,0.9998220801353455,0.764837384223938,0.5825449228286743,-0.032244689762592316,0.9994661808013916,0.7538160681724548,0.5880224704742432,0.03484673798084259,0.9989151954650879,0.8584581613540649,0.6153252124786377,-0.2250695526599884,0.9987660050392151,0.7801734209060669,0.6654716730117798,0.31675705313682556,0.9960872530937195,0.7119463086128235,0.5752807855606079,-0.4113520681858063,0.99177086353302,0.6684273481369019,0.6568336486816406,0.415935218334198,0.6503990888595581,0.5541006922721863,0.554719090461731,-0.26282641291618347,0.8441992402076721,0.5565485954284668,0.6271812915802002,0.33154141902923584,0.3494197428226471,0.5171852707862854,0.5424320101737976,-0.3034366965293884,0.6902305483818054,0.5639523267745972,0.625059962272644,0.3277266323566437,0.28385329246520996,0.5370537638664246,0.5520947575569153,-0.2606131136417389,0.6914334297180176,0.5615257620811462,0.6280953884124756,0.29549068212509155,0.3127034306526184,0.5513050556182861,0.5636464953422546,-0.24574105441570282,0.6975663900375366,0.5700387358665466,0.6356240510940552,0.30720287561416626,0.3392557203769684,0.871688187122345,1.0278478860855103,-0.14288610219955444,0.9514620900154114,0.81163489818573,1.0407347679138184,0.1433154046535492,0.9565216302871704,0.8450577855110168,1.2244991064071655,-0.17548444867134094,0.21765223145484924,0.7765103578567505,1.245754361152649,0.15833264589309692,0.16222597658634186,0.8546010851860046,1.490929365158081,-0.015245464630424976,0.029689442366361618,0.7808939814567566,1.5077507495880127,0.21006961166858673,0.024777935817837715,0.875463604927063,1.5443856716156006,-0.004686745814979076,0.06393459439277649,0.7930043935775757,1.5538958311080933,0.20962516963481903,0.04009591042995453,0.7921366691589355,1.5208505392074585,-0.1436053216457367,0.031693652272224426,0.7316598892211914,1.5512034893035889,0.07635883241891861,0.02172333374619484
0.7490859031677246,0.5625867247581482,-0.0006298538646660745,0.9997814297676086,0.7594345211982727,0.5365142226219177,-0.02608201466500759,0.9997968673706055,0.7651423215866089,0.5333321690559387,-0.026191700249910355,0.9998324513435364,0.7719056606292725,0.5300486087799072,-0.026302656158804893,0.9998654723167419,0.7490379214286804,0.5413381457328796,0.022962290793657303,0.9997783899307251,0.7472630739212036,0.5416935086250305,0.023043343797326088,0.9996880888938904,0.7452501058578491,0.5425216555595398,0.022883420810103416,0.9997385144233704,0.8037919998168945,0.5271643996238708,-0.07550857961177826,0.9999064207077026,0.7654886841773987,0.5438947677612305,0.14868119359016418,0.9998347163200378,0.7646700143814087,0.5826058983802795,-0.014769594185054302,0.9995033740997314,0.753777265548706,0.5880324840545654,0.05037299916148186,0.9989863634109497,0.8587061762809753,0.6151649355888367,-0.20328447222709656,0.9988162517547607,0.7812284827232361,0.6655210852622986,0.3168562352657318,0.9961854219436646,0.7091962099075317,0.5525802969932556,-0.33311304450035095,0.9921189546585083,0.6693896055221558,0.6573107838630676,0.4474312663078308,0.6540623307228088,0.5593197345733643,0.5544799566268921,-0.09962151199579239,0.850172758102417,0.5855228900909424,0.6289880871772766,0.3957218527793884,0.3456384837627411,0.5235040783882141,0.5435416102409363,-0.12176475673913956,0.696336030960083,0.588819146156311,0.6256011128425598,0.411877304315567,0.27975964546203613,0.5442145466804504,0.5544321537017822,-0.08904723823070526,0.6978442668914795,0.5896432399749756,0.6282780170440674,0.33254095911979675,0.3082825839519501,0.5579652786254883,0.5655678510665894,-0.08524326235055923,0.7037309408187866,0.5982383489608765,0.63643878698349,0.3511839509010315,0.3333356976509094,0.8711215257644653,1.027777910232544,-0.13634219765663147,0.9543001651763916,0.8111867904663086,1.040368914604187,0.13666926324367523,0.9587603807449341,0.8406047821044922,1.227827787399292,-0.14372245967388153,0.22874197363853455,0.7750765085220337,1.2493029832839966,0.16329607367515564,0.16747844219207764,0.8482416868209839,1.4940069913864136,0.011264288797974586,0.030833551660180092,0.7801550626754761,1.5109962224960327,0.2140003740787506,0.025708675384521484,0.8702074289321899,1.5469279289245605,0.02204563096165657,0.06648413836956024,0.7928721308708191,1.5573501586914062,0.21321991086006165,0.04093652963638306,0.7826328277587891,1.5257319211959839,-0.100216343998909,0.032449617981910706,0.7313922643661499,1.5531753301620483,0.08314371109008789,0.02229311689734459
0.7495433688163757,0.5625755786895752,-0.008254120126366615,0.9997926950454712,0.7597920894622803,0.5365305542945862,-0.032098252326250076,0.9998074173927307,0.7655423879623413,0.5333718061447144,-0.03222215175628662,0.9998413920402527,0.7724467515945435,0.530097484588623,-0.03231563791632652,0.9998723864555359,0.7492846250534058,0.5413349270820618,0.016996148973703384,0.9997897744178772,0.7474493384361267,0.5416901111602783,0.017069146037101746,0.9997051954269409,0.7453931570053101,0.5425184965133667,0.01687457039952278,0.9997528195381165,0.8043426275253296,0.5272631049156189,-0.07796595990657806,0.9999109506607056,0.7654860615730286,0.5439947843551636,0.1485600769519806,0.9998433589935303,0.7649906873703003,0.5827211737632751,-0.019907977432012558,0.9995288252830505,0.754029393196106,0.588147759437561,0.04562775418162346,0.9990338087081909,0.8592625856399536,0.6151190400123596,-0.20693381130695343,0.9988400340080261,0.7812613248825073,0.6654928922653198,0.3185770809650421,0.99626624584198,0.707868218421936,0.5415008664131165,-0.35190442204475403,0.9922599792480469,0.6697748303413391,0.6572829484939575,0.4590415060520172,0.660058319568634,0.5581495761871338,0.5515136122703552,-0.12066411972045898,0.8540412187576294,0.5865033864974976,0.6287904381752014,0.44877544045448303,0.3465167284011841,0.5211852788925171,0.5418212413787842,-0.14662623405456543,0.6984942555427551,0.586910605430603,0.6264132857322693,0.459336519241333,0.27951931953430176,0.542793869972229,0.5530827641487122,-0.11317101866006851,0.7002152800559998,0.5880506634712219,0.628718376159668,0.4216380715370178,0.3083401322364807,0.5571912527084351,0.5639058351516724,-0.10593041032552719,0.7059226632118225,0.5967505574226379,0.6366112232208252,0.42193883657455444,0.33296310901641846,0.8713468313217163,1.0277658700942993,-0.1376572847366333,0.9567500352859497,0.8110489845275879,1.0403187274932861,0.1380227953195572,0.961030125617981,0.8411138653755188,1.2298544645309448,-0.14897426962852478,0.23274773359298706,0.7757643461227417,1.2515685558319092,0.1672573983669281,0.17359678447246552,0.8535773158073425,1.495910406112671,0.003504479769617319,0.031406451016664505,0.780510425567627,1.51386296749115,0.20904584228992462,0.02672515995800495,0.8763169050216675,1.5486866235733032,0.01346135139465332,0.06792118400335312,0.7929498553276062,1.5601474046707153,0.207758828997612,0.04263488948345184,0.7894769906997681,1.5283305644989014,-0.1258082538843155,0.03246287629008293,0.7327393293380737,1.5570275783538818,0.07592236995697021,0.022690752521157265
0.7494407296180725,0.563829243183136,-0.008313772268593311,0.9998002052307129,0.759738028049469,0.5376800298690796,-0.03342472016811371,0.9998142123222351,0.7654212117195129,0.5346238017082214,-0.03353496268391609,0.9998474717140198,0.7721541523933411,0.5314529538154602,-0.03357907757163048,0.9998766183853149,0.7492917776107788,0.5421969294548035,0.01695246621966362,0.9997974634170532,0.7475033402442932,0.5424835681915283,0.017020024359226227,0.9997186064720154,0.7455430626869202,0.543228805065155,0.016819389536976814,0.9997645020484924,0.8043075799942017,0.5280402302742004,-0.09740469604730606,0.9999133348464966,0.7667779922485352,0.5441887974739075,0.14537730813026428,0.9998493194580078,0.7646712064743042,0.5841009020805359,-0.022106338292360306,0.9995397329330444,0.7540102005004883,0.589486300945282,0.045495662838220596,0.9990563988685608,0.8592824935913086,0.6153484582901001,-0.23059050738811493,0.9988243579864502,0.7836676239967346,0.6658838391304016,0.3192296624183655,0.9960688948631287,0.7023383378982544,0.5383121371269226,-0.3952576816082001,0.992239236831665,0.6706518530845642,0.6573314070701599,0.46347135305404663,0.6452620029449463,0.5430276989936829,0.5474911332130432,-0.1939508020877838,0.8616602420806885,0.5775627493858337,0.6290556788444519,0.465191513299942,0.3413268029689789,0.5058883428573608,0.5314363837242126,-0.22607329487800598,0.7121807336807251,0.5825657248497009,0.6268508434295654,0.4741714596748352,0.2773292362689972,0.5279400944709778,0.5441648960113525,-0.1835051029920578,0.7141215801239014,0.5809768438339233,0.6294947266578674,0.4471113085746765,0.30694976449012756,0.5423650145530701,0.5573562383651733,-0.17661921679973602,0.7179005742073059,0.5889443755149841,0.6370712518692017,0.4436844289302826,0.3297615349292755,0.8700731992721558,1.0314290523529053,-0.13860563933849335,0.9569671154022217,0.8102937936782837,1.043378472328186,0.1389797478914261,0.9597793221473694,0.8413735628128052,1.2461190223693848,-0.15041689574718475,0.23405593633651733,0.7737103700637817,1.2693363428115845,0.18593163788318634,0.1698387712240219,0.851801872253418,1.5153900384902954,0.012338709086179733,0.03128959983587265,0.7766941785812378,1.5382251739501953,0.23265667259693146,0.02645907923579216,0.8733371496200562,1.567014217376709,0.023245226591825485,0.0671500414609909,0.7895318269729614,1.584181547164917,0.23075565695762634,0.041341304779052734,0.7893352508544922,1.5493252277374268,-0.11954785883426666,0.0331602580845356,0.732025146484375,1.5871796607971191,0.07748834043741226,0.02286119945347309
0.7498349547386169,0.5637977123260498,-0.019195515662431717,0.9997995495796204,0.7600852251052856,0.537693202495575,-0.04695437103509903,0.99981290102005,0.7657063603401184,0.5346737504005432,-0.04707130044698715,0.9998478889465332,0.7724318504333496,0.5315398573875427,-0.047049470245838165,0.9998748302459717,0.7498385906219482,0.542188823223114,0.006857585161924362,0.9997968077659607,0.7481322884559631,0.5424694418907166,0.00695065688341856,0.9997233152389526,0.7462798953056335,0.5432047247886658,0.0068002911284565926,0.9997668266296387,0.8047008514404297,0.5282207727432251,-0.10926748812198639,0.9999109506607056,0.7680391073226929,0.5441707968711853,0.14151816070079803,0.9998464584350586,0.7649945020675659,0.5841028690338135,-0.034139566123485565,0.9995275735855103,0.7545562982559204,0.5894837975502014,0.03753764182329178,0.9990336894989014,0.8593586683273315,0.6157228946685791,-0.2503840923309326,0.9987149238586426,0.7842281460762024,0.6658763885498047,0.3175058960914612,0.9955325126647949,0.6966539621353149,0.5385644435882568,-0.4353780150413513,0.9920326471328735,0.6711202263832092,0.657576322555542,0.42683321237564087,0.6287435293197632,0.5291208028793335,0.5489485859870911,-0.2869294285774231,0.869380533695221,0.5614808797836304,0.629817545413971,0.35275572538375854,0.34157413244247437,0.491868257522583,0.5324106812477112,-0.3289787173271179,0.7273037433624268,0.5653996467590332,0.6272911429405212,0.354474812746048,0.28083479404449463,0.5123510360717773,0.5432224869728088,-0.2829190194606781,0.7295094728469849,0.5616015791893005,0.6299673914909363,0.3160213232040405,0.31205180287361145,0.5262984037399292,0.5568587779998779,-0.26882681250572205,0.731146514415741,0.5691076517105103,0.6376052498817444,0.3266039490699768,0.3335894048213959,0.8706151843070984,1.0318189859390259,-0.13894779980182648,0.9527769088745117,0.8104775547981262,1.0436450242996216,0.1392507255077362,0.9534178376197815,0.8415578603744507,1.2494819164276123,-0.16675236821174622,0.23885869979858398,0.7738150954246521,1.2691837549209595,0.1805913895368576,0.1681763231754303,0.8519209623336792,1.5201857089996338,-0.009662865661084652,0.03276224806904793,0.7763011455535889,1.5388972759246826,0.21734289824962616,0.02721267193555832,0.8734062314033508,1.5721468925476074,-0.001214975374750793,0.06937476992607117,0.7891151309013367,1.5854426622390747,0.2141036093235016,0.04213530942797661,0.7899612188339233,1.5531152486801147,-0.1608109474182129,0.03510409593582153,0.7321969270706177,1.5878373384475708,0.056973882019519806,0.02397480607032776
0.7501332759857178,0.5641459226608276,-0.023374155163764954,0.9998080134391785,0.7604984045028687,0.5380213856697083,-0.0498637929558754,0.9998204112052917,0.7661592364311218,0.5350629687309265,-0.0499759279191494,0.9998548626899719,0.7729827165603638,0.5319806933403015,-0.04999510571360588,0.9998799562454224,0.7502155900001526,0.5423917770385742,0.0019000075990334153,0.9998048543930054,0.7484976053237915,0.5426586270332336,0.001988684292882681,0.9997362494468689,0.7466319799423218,0.5433827638626099,0.0018190493574365973,0.9997771382331848,0.8054980039596558,0.5286575555801392,-0.10725416988134384,0.9999145865440369,0.7684378623962402,0.5443514585494995,0.1360320746898651,0.9998536109924316,0.7652057409286499,0.5849030613899231,-0.03725910559296608,0.9995443224906921,0.7548060417175293,0.5901466012001038,0.031678926199674606,0.9990630745887756,0.8602387309074402,0.6160987019538879,-0.24956576526165009,0.9987332224845886,0.7843814492225647,0.6661587953567505,0.3108378052711487,0.9955482482910156,0.6978364586830139,0.540222704410553,-0.4135565161705017,0.9922250509262085,0.6735442876815796,0.6576203107833862,0.4308834671974182,0.6293261051177979,0.5388782024383545,0.5488415956497192,-0.22337210178375244,0.8741803765296936,0.5926271677017212,0.6295506358146667,0.4763816297054291,0.33499178290367126,0.5021730661392212,0.5339318513870239,-0.2607877850532532,0.7329556345939636,0.5974496006965637,0.6246653199195862,0.4803067743778229,0.2751409411430359,0.5230923295021057,0.5451580882072449,-0.2129998505115509,0.7353091835975647,0.5974968671798706,0.6276980638504028,0.46940746903419495,0.30564162135124207,0.5368191003799438,0.5580970048904419,-0.20322835445404053,0.7366895079612732,0.6045867204666138,0.6358177065849304,0.4622824788093567,0.32626205682754517,0.8714925646781921,1.0332921743392944,-0.13917864859104156,0.9549583792686462,0.8100473284721375,1.0442450046539307,0.13954737782478333,0.9554480910301208,0.8431859016418457,1.2498600482940674,-0.16409292817115784,0.23328781127929688,0.7719174027442932,1.269340991973877,0.17217837274074554,0.16836358606815338,0.8546737432479858,1.520520567893982,-0.009379873052239418,0.03142683580517769,0.7776005268096924,1.538633942604065,0.2093416005373001,0.026500001549720764,0.8774920701980591,1.5722737312316895,-0.0006176247843541205,0.06715413182973862,0.7913600206375122,1.5848290920257568,0.20681414008140564,0.04083463177084923,0.791451096534729,1.5554611682891846,-0.15781395137310028,0.03368493542075157,0.7367181777954102,1.5904284715652466,0.06073520705103874,0.023146066814661026
0.7502676844596863,0.5644016265869141,-0.028870264068245888,0.999808132648468,0.7606223821640015,0.5382807850837708,-0.05738215520977974,0.9998207688331604,0.766266405582428,0.5353640913963318,-0.057498764246702194,0.9998558759689331,0.7730857133865356,0.5323066711425781,-0.057542502880096436,0.9998800754547119,0.7503750324249268,0.5425599813461304,-0.0042409151792526245,0.999803900718689,0.7486748695373535,0.5428151488304138,-0.004136622883379459,0.9997374415397644,0.7468218803405762,0.543526291847229,-0.004318222403526306,0.999777615070343,0.8058708310127258,0.5288763642311096,-0.11897522211074829,0.9999145865440369,0.7686456441879272,0.5444318652153015,0.12901277840137482,0.9998534917831421,0.7653268575668335,0.5852741599082947,-0.04544362053275108,0.9995459318161011,0.7549663782119751,0.5904949307441711,0.025389105081558228,0.9990581274032593,0.8614188432693481,0.6162247061729431,-0.25585800409317017,0.9987413883209229,0.784608781337738,0.6661490201950073,0.3079361319541931,0.9955546259880066,0.699338436126709,0.5413032174110413,-0.4037790894508362,0.9923760294914246,0.6733821630477905,0.6575425863265991,0.43179017305374146,0.6321179270744324,0.5429475903511047,0.5495294332504272,-0.19235745072364807,0.878378689289093,0.5923701524734497,0.6295063495635986,0.4851950705051422,0.3349442183971405,0.5074612498283386,0.5346612334251404,-0.2256327122449875,0.7372233271598816,0.5965995788574219,0.624765932559967,0.49112075567245483,0.27420854568481445,0.5278246402740479,0.5455762147903442,-0.18392148613929749,0.7394686937332153,0.5968966484069824,0.6278101801872253,0.475299596786499,0.30466875433921814,0.5404420495033264,0.5587611794471741,-0.17488619685173035,0.7408151626586914,0.6043878793716431,0.6359186768531799,0.46903079748153687,0.32502663135528564,0.8722689747810364,1.0336426496505737,-0.13938884437084198,0.9571112394332886,0.8099385499954224,1.0442346334457397,0.13978856801986694,0.9575075507164001,0.8451534509658813,1.2550045251846313,-0.14786921441555023,0.2256995588541031,0.7730828523635864,1.2738208770751953,0.19775038957595825,0.16504406929016113,0.8562151789665222,1.5224382877349854,0.019312715157866478,0.02973783016204834,0.7782522439956665,1.5394245386123657,0.2492562234401703,0.025454102084040642,0.878399670124054,1.5728007555007935,0.029861565679311752,0.06379549950361252,0.7914268374443054,1.584795594215393,0.2485719621181488,0.03932108357548714,0.7955470681190491,1.5597474575042725,-0.11733249574899673,0.03181341290473938,0.7402777075767517,1.5915383100509644,0.1060233935713768,0.022049298509955406
0.7509480714797974,0.5645115971565247,-0.036461055278778076,0.9997944831848145,0.7611448168754578,0.5383892059326172,-0.06351923942565918,0.9998073577880859,0.7668367624282837,0.5354706048965454,-0.06365770846605301,0.9998461008071899,0.7737311124801636,0.532396674156189,-0.06370703876018524,0.9998705387115479,0.7507981061935425,0.5426445603370667,-0.010177982971072197,0.9997900724411011,0.7490429878234863,0.5429004430770874,-0.010087461210787296,0.9997236132621765,0.7471370697021484,0.5436087250709534,-0.010255159810185432,0.9997661113739014,0.806172251701355,0.5289226174354553,-0.11851942539215088,0.9999062418937683,0.7687059640884399,0.5445039868354797,0.12891051173210144,0.9998404383659363,0.7661441564559937,0.5854008197784424,-0.05046827346086502,0.999515950679779,0.7556731104850769,0.5906912088394165,0.020805206149816513,0.9989966750144958,0.8618177175521851,0.6162326335906982,-0.25625482201576233,0.9986649751663208,0.7848138213157654,0.6660352945327759,0.30697309970855713,0.9952765703201294,0.6996869444847107,0.5411776304244995,-0.4307350516319275,0.9923904538154602,0.672799825668335,0.6569475531578064,0.42230409383773804,0.6281834244728088,0.544628381729126,0.5499482750892639,-0.2564634084701538,0.8818771839141846,0.576987624168396,0.6292138695716858,0.37563592195510864,0.3353951573371887,0.5080809593200684,0.53544682264328,-0.2931923270225525,0.7419158816337585,0.5716336369514465,0.6245623826980591,0.3749467730522156,0.27435803413391113,0.5290809869766235,0.5466143488883972,-0.2510286569595337,0.7443453073501587,0.5688068270683289,0.6274282932281494,0.3443804383277893,0.30558860301971436,0.5426257848739624,0.5594632029533386,-0.23945538699626923,0.7441010475158691,0.577246904373169,0.6360496282577515,0.35223156213760376,0.32565009593963623,0.8745427131652832,1.0339924097061157,-0.13969340920448303,0.9577661156654358,0.8114860653877258,1.044264554977417,0.1401027888059616,0.958048403263092,0.847908616065979,1.2545382976531982,-0.15140917897224426,0.24111402034759521,0.7747932076454163,1.2729988098144531,0.1722409874200821,0.1782522350549698,0.8589732050895691,1.5219060182571411,0.015150594525039196,0.034858595579862595,0.7787376642227173,1.5393691062927246,0.22167670726776123,0.030066072940826416,0.8799253702163696,1.5724033117294312,0.025276485830545425,0.07129576057195663,0.7918969392776489,1.5845129489898682,0.22049947082996368,0.04533420503139496,0.8011883497238159,1.5592150688171387,-0.1270311027765274,0.036152683198451996,0.7409770488739014,1.5913361310958862,0.06905822455883026,0.025138024240732193
0.7514753341674805,0.5645183324813843,-0.01065903715789318,0.9998056888580322,0.7615241408348083,0.538508951663971,-0.040102194994688034,0.9998183846473694,0.7672120332717896,0.5356343984603882,-0.04023724049329758,0.9998549222946167,0.7741132378578186,0.5325962901115417,-0.0403200127184391,0.9998779892921448,0.7512711882591248,0.5426719784736633,0.012918268330395222,0.9998016357421875,0.74953293800354,0.5429176688194275,0.013033349998295307,0.9997385740280151,0.7476478815078735,0.5436176061630249,0.012869847007095814,0.9997788071632385,0.8064299821853638,0.5290484428405762,-0.10430288314819336,0.9999116659164429,0.7692527770996094,0.5445190668106079,0.13984939455986023,0.9998502135276794,0.7665121555328369,0.5854341983795166,-0.028445392847061157,0.9995416402816772,0.7561290264129639,0.5906884670257568,0.041825130581855774,0.9990459084510803,0.8617399334907532,0.6162444949150085,-0.23905344307422638,0.9986972212791443,0.7857967615127563,0.66521817445755,0.3144351840019226,0.9953898787498474,0.6992221474647522,0.5402238965034485,-0.36508864164352417,0.9923601150512695,0.6762733459472656,0.6566832065582275,0.46955451369285583,0.6272923350334167,0.5448676347732544,0.548565149307251,-0.10733087360858917,0.8833047747612,0.5801078081130981,0.6291489005088806,0.49207210540771484,0.3323899507522583,0.5094997882843018,0.5345439314842224,-0.12976865470409393,0.7434394955635071,0.5769122838973999,0.6236210465431213,0.4998595714569092,0.2725978195667267,0.531977653503418,0.546137809753418,-0.0960654690861702,0.7462415099143982,0.5770030617713928,0.626247763633728,0.47872430086135864,0.3039810061454773,0.5452657341957092,0.5587023496627808,-0.09181109070777893,0.7462112903594971,0.585642397403717,0.6346607208251953,0.47371935844421387,0.3235793709754944,0.8739027976989746,1.0339622497558594,-0.14042389392852783,0.9587377905845642,0.8114069104194641,1.044251561164856,0.14082062244415283,0.9591351747512817,0.8436077833175659,1.2360002994537354,-0.17835918068885803,0.2425086349248886,0.7712312936782837,1.2556095123291016,0.14989125728607178,0.18108350038528442,0.8537538647651672,1.5099018812179565,-0.026794686913490295,0.0342496782541275,0.7788771390914917,1.527148962020874,0.1865852177143097,0.0294989962130785,0.8758221864700317,1.5633653402328491,-0.016855064779520035,0.07147194445133209,0.7920540571212769,1.5733650922775269,0.18518172204494476,0.04522212967276573,0.7899802923202515,1.5441055297851562,-0.14310398697853088,0.035422924906015396,0.7352246642112732,1.5787218809127808,0.05831252411007881,0.02462194487452507
0.7514082789421082,0.5655836462974548,-0.011784760281443596,0.9998193979263306,0.761487603187561,0.5388694405555725,-0.04114134609699249,0.9998303055763245,0.7671884894371033,0.5359430313110352,-0.041278548538684845,0.999864935874939,0.7740880846977234,0.5328859090805054,-0.04135705530643463,0.9998859763145447,0.7511318922042847,0.5431858897209167,0.011840764433145523,0.999814510345459,0.7493244409561157,0.5434896945953369,0.011952525936067104,0.9997562766075134,0.7473405003547668,0.5442896485328674,0.011788416653871536,0.9997935891151428,0.8065084218978882,0.5293225049972534,-0.10860059410333633,0.9999176859855652,0.7690682411193848,0.545117199420929,0.13429512083530426,0.9998617768287659,0.766429603099823,0.5872475504875183,-0.029296938329935074,0.9995717406272888,0.7557951211929321,0.592518150806427,0.04098266735672951,0.9991074800491333,0.8621963262557983,0.6184236407279968,-0.238083153963089,0.9987403154373169,0.7846779227256775,0.6678028106689453,0.3072744607925415,0.9955281019210815,0.7021914720535278,0.5398350954055786,-0.36243200302124023,0.9919463396072388,0.6734055280685425,0.6567341685295105,0.4922136664390564,0.6248648762702942,0.5541938543319702,0.548907995223999,-0.10650396347045898,0.8809887170791626,0.5978620648384094,0.6315332651138306,0.5740801095962524,0.3216077387332916,0.519853413105011,0.5347672700881958,-0.1269238442182541,0.7398043870925903,0.5849322080612183,0.6196147203445435,0.5847061276435852,0.2647963762283325,0.5425642728805542,0.5462617874145508,-0.09613583236932755,0.7436524033546448,0.5887668132781982,0.6221505403518677,0.5746954679489136,0.29606735706329346,0.5557184219360352,0.558912992477417,-0.09250781685113907,0.7430354356765747,0.5955204367637634,0.6302430629730225,0.5608338117599487,0.3147072494029999,0.8711510896682739,1.0424551963806152,-0.14098137617111206,0.9572697877883911,0.8068670034408569,1.050200343132019,0.14144079387187958,0.9580389857292175,0.8318331837654114,1.2344568967819214,-0.15773630142211914,0.2373511642217636,0.7572965621948242,1.2561198472976685,0.15086138248443604,0.17702263593673706,0.8368604779243469,1.509677767753601,0.02921893633902073,0.03318627551198006,0.761945366859436,1.527305245399475,0.22234125435352325,0.028447281569242477,0.8600128889083862,1.5634585618972778,0.044256437569856644,0.07027357071638107,0.776142954826355,1.5737996101379395,0.2241840809583664,0.04361952841281891,0.764127254486084,1.5443793535232544,-0.07336045801639557,0.03461243212223053,0.7112687826156616,1.581050157546997,0.10160982608795166,0.02391636185348034
0.7508922815322876,0.566266655921936,-0.010908319614827633,0.999828040599823,0.7609282732009888,0.5393556952476501,-0.041582319885492325,0.99983811378479,0.7666423916816711,0.5363239049911499,-0.04171472787857056,0.9998713731765747,0.7734240889549255,0.5332215428352356,-0.04179665446281433,0.9998914003372192,0.7505897283554077,0.5438231229782104,0.013072597794234753,0.9998227953910828,0.748818039894104,0.5441364049911499,0.013168791308999062,0.9997667670249939,0.7468702793121338,0.5449625849723816,0.013016251847147942,0.9998028874397278,0.806383490562439,0.5294249653816223,-0.114956796169281,0.9999219179153442,0.7690705060958862,0.5452397465705872,0.13620784878730774,0.9998693466186523,0.7659991383552551,0.587651252746582,-0.02988244965672493,0.9995895028114319,0.7553918361663818,0.5929345488548279,0.041740141808986664,0.9991444945335388,0.8619062304496765,0.6198482513427734,-0.2499142587184906,0.9987713694572449,0.7854531407356262,0.6699588298797607,0.3219545781612396,0.9955695271492004,0.7090713977813721,0.577073335647583,-0.3670388162136078,0.9915063381195068,0.6734669804573059,0.6582935452461243,0.5287736654281616,0.6037872433662415,0.5582877993583679,0.5491083860397339,-0.08048480749130249,0.8768936991691589,0.6096105575561523,0.6395140290260315,0.6038574576377869,0.3059588670730591,0.5245679616928101,0.5353223085403442,-0.09840551763772964,0.7349085211753845,0.5944916009902954,0.6195147633552551,0.6180955767631531,0.2537843585014343,0.5474863052368164,0.5468444228172302,-0.06555788218975067,0.7403166890144348,0.5956982970237732,0.6225950717926025,0.607262372970581,0.2851012945175171,0.5609861612319946,0.5596000552177429,-0.06493893265724182,0.7378550171852112,0.6022910475730896,0.6306681036949158,0.5894125699996948,0.30230623483657837,0.8679746389389038,1.045378565788269,-0.1512405276298523,0.9505278468132019,0.8061500787734985,1.052290439605713,0.15183019638061523,0.9519810080528259,0.8281797170639038,1.2296338081359863,-0.1584850549697876,0.23859386146068573,0.7589996457099915,1.2553009986877441,0.17746205627918243,0.17637282609939575,0.8333948850631714,1.5064281225204468,0.028143253177404404,0.03341132029891014,0.7632353901863098,1.5245672464370728,0.25147444009780884,0.02819298952817917,0.8556598424911499,1.562315821647644,0.04327575862407684,0.07081182301044464,0.7768300771713257,1.5717154741287231,0.254015177488327,0.04344723001122475,0.7624167799949646,1.5371989011764526,-0.06827865540981293,0.03585680201649666,0.7093974351882935,1.5730514526367188,0.13959188759326935,0.02439994178712368
0.750890851020813,0.5668083429336548,-0.008147478103637695,0.9998344779014587,0.7609353065490723,0.5395007729530334,-0.041565023362636566,0.999844491481781,0.7666822671890259,0.5363829731941223,-0.04169539734721184,0.9998764991760254,0.7735173106193542,0.533243715763092,-0.04178017005324364,0.9998956918716431,0.7505253553390503,0.5442829132080078,0.015451492741703987,0.9998292326927185,0.7486827969551086,0.5447273254394531,0.015536436811089516,0.9997740983963013,0.7466281056404114,0.5457251071929932,0.015382444486021996,0.9998090267181396,0.8065853118896484,0.5294802188873291,-0.12348879873752594,0.9999260902404785,0.7689666152000427,0.5457317233085632,0.13857413828372955,0.999875545501709,0.7659976482391357,0.5879619717597961,-0.03022109530866146,0.9996044635772705,0.7552537322044373,0.5935157537460327,0.04415310174226761,0.9991737604141235,0.8619343638420105,0.6207714676856995,-0.2649446427822113,0.9988077878952026,0.7857903242111206,0.6716305613517761,0.3363765776157379,0.9956689476966858,0.7103763222694397,0.5541887879371643,-0.36488473415374756,0.9912087917327881,0.678264856338501,0.6591614484786987,0.5715954303741455,0.5888490080833435,0.5808097124099731,0.5508655905723572,-0.021441835910081863,0.8697873950004578,0.6108512878417969,0.6375662684440613,0.67083340883255,0.2925775349140167,0.5494211316108704,0.5419057607650757,-0.03313734009861946,0.7232181429862976,0.6057096719741821,0.6200618147850037,0.6905640959739685,0.24457113444805145,0.5701819658279419,0.5566723942756653,-0.0049535902217030525,0.7297605872154236,0.6076253056526184,0.6229363679885864,0.6802884936332703,0.27599212527275085,0.583875298500061,0.5671932697296143,-0.006081727333366871,0.7272316813468933,0.6148576736450195,0.6308644413948059,0.6572170853614807,0.29235783219337463,0.8667057156562805,1.0466386079788208,-0.16405007243156433,0.9438629746437073,0.8052215576171875,1.0540608167648315,0.1647210568189621,0.9467216730117798,0.8282182812690735,1.2297676801681519,-0.16480019688606262,0.23577691614627838,0.7599403262138367,1.257919192314148,0.2096591740846634,0.17249350249767303,0.8356226682662964,1.5072942972183228,0.022029291838407516,0.032375745475292206,0.7645161151885986,1.527665376663208,0.2701183259487152,0.02703152969479561,0.8578553199768066,1.5648740530014038,0.03587552160024643,0.06974804401397705,0.778066098690033,1.577102541923523,0.2712721526622772,0.04220946133136749,0.7653889060020447,1.5374253988265991,-0.07593274861574173,0.03533792123198509,0.7124816179275513,1.5733988285064697,0.15805640816688538,0.023772628977894783
0.7509499788284302,0.5668067932128906,-0.0194717925041914,0.9998341202735901,0.7609573602676392,0.5394885540008545,-0.050284795463085175,0.9998449087142944,0.7667124271392822,0.5363521575927734,-0.05042728781700134,0.9998772740364075,0.7735627889633179,0.5332043170928955,-0.050563521683216095,0.9998961687088013,0.7505245208740234,0.5442848205566406,0.004078065510839224,0.9998303651809692,0.7486757636070251,0.5447311997413635,0.004132780246436596,0.9997765421867371,0.746611475944519,0.5457309484481812,0.003977970220148563,0.9998113512992859,0.8068075180053711,0.5294839143753052,-0.12173318862915039,0.999926745891571,0.7690213918685913,0.5457322001457214,0.13245812058448792,0.9998793601989746,0.7661110162734985,0.5879241228103638,-0.03691968321800232,0.9996094703674316,0.7552818059921265,0.5934687256813049,0.03496945649385452,0.9991854429244995,0.862091064453125,0.6207865476608276,-0.26359161734580994,0.998841404914856,0.7860361337661743,0.6715174317359924,0.32501640915870667,0.9957638382911682,0.7174664735794067,0.5798435211181641,-0.3828236758708954,0.9915568232536316,0.6778726577758789,0.6597229242324829,0.5406640768051147,0.589394748210907,0.5719417929649353,0.5504291653633118,-0.13092538714408875,0.8742886781692505,0.6079369187355042,0.6509392857551575,0.595952033996582,0.29380589723587036,0.535122811794281,0.5406626462936401,-0.1554599106311798,0.7295833826065063,0.5990844368934631,0.6245324611663818,0.6087146997451782,0.24477462470531464,0.5560285449028015,0.5543110370635986,-0.12045176327228546,0.7358216643333435,0.5996114015579224,0.6277744174003601,0.5927327871322632,0.2760416567325592,0.5711948871612549,0.565169632434845,-0.11495526134967804,0.7323347330093384,0.607758641242981,0.6363429427146912,0.580035388469696,0.292098730802536,0.8661239743232727,1.0460261106491089,-0.15947099030017853,0.9474901556968689,0.8049888610839844,1.0538341999053955,0.15983155369758606,0.950086236000061,0.8295831680297852,1.2313321828842163,-0.15701647102832794,0.24705874919891357,0.7612005472183228,1.2577284574508667,0.18596503138542175,0.18461284041404724,0.8372389078140259,1.5071327686309814,0.02611825428903103,0.03536049649119377,0.7648515701293945,1.5267291069030762,0.2587241530418396,0.030474502593278885,0.8593127131462097,1.5636773109436035,0.040368352085351944,0.0750383660197258,0.7782720923423767,1.5752284526824951,0.2640071511268616,0.046666231006383896,0.7680915594100952,1.5371748208999634,-0.07762117683887482,0.037716276943683624,0.7121216654777527,1.5723402500152588,0.15746477246284485,0.025963667780160904
0.7509491443634033,0.5667898654937744,-0.011447555385529995,0.9998365640640259,0.7609375715255737,0.539358913898468,-0.043537531048059464,0.9998480081558228,0.7666961550712585,0.5361350774765015,-0.043679431080818176,0.999879777431488,0.7735378742218018,0.5328968167304993,-0.04381861537694931,0.9998985528945923,0.7504706382751465,0.5442638397216797,0.012969275936484337,0.9998331665992737,0.7486108541488647,0.5447189807891846,0.01303134672343731,0.9997785091400146,0.7465373873710632,0.5457224249839783,0.012869887053966522,0.9998131394386292,0.8068281412124634,0.5291059017181396,-0.11972900480031967,0.9999290108680725,0.7688701748847961,0.5457316637039185,0.14241135120391846,0.9998819231987,0.7661168575286865,0.587799608707428,-0.03204784542322159,0.9996160864830017,0.7552782297134399,0.593429684638977,0.04239451885223389,0.9991981983184814,0.8622273206710815,0.6207653880119324,-0.26337283849716187,0.9988561272621155,0.7870258688926697,0.6717186570167542,0.3338647782802582,0.9958478808403015,0.7174889445304871,0.5545119643211365,-0.35528630018234253,0.9913315773010254,0.6777845025062561,0.6601875424385071,0.5358619689941406,0.5850636959075928,0.5970610976219177,0.5504121780395508,-0.036814264953136444,0.8681527376174927,0.6242290139198303,0.6522562503814697,0.5919150114059448,0.28319376707077026,0.5677760243415833,0.540684700012207,-0.05054382607340813,0.7188121676445007,0.6099492907524109,0.62788325548172,0.6037333011627197,0.23655985295772552,0.5888487696647644,0.554757297039032,-0.025886574760079384,0.7258514165878296,0.6125436425209045,0.6302105188369751,0.5927079916000366,0.26759612560272217,0.6012245416641235,0.5654647350311279,-0.023331545293331146,0.7227010726928711,0.6201947331428528,0.6380817294120789,0.5774570107460022,0.28309017419815063,0.867045521736145,1.0459223985671997,-0.15918828547000885,0.944050133228302,0.8054506182670593,1.053520917892456,0.15961399674415588,0.9480229020118713,0.8311054110527039,1.232169508934021,-0.1623973250389099,0.24804235994815826,0.7688546180725098,1.2579115629196167,0.18572494387626648,0.18617449700832367,0.8428971171379089,1.5070616006851196,0.013805416412651539,0.035007551312446594,0.7761372327804565,1.5269190073013306,0.24703173339366913,0.030214782804250717,0.8650320768356323,1.563678503036499,0.02731926739215851,0.07562918961048126,0.7895944714546204,1.5756248235702515,0.24956659972667694,0.04712282121181488,0.7737702131271362,1.537535309791565,-0.08081711828708649,0.0377400778234005,0.7190065383911133,1.5719618797302246,0.15206433832645416,0.026051020249724388
0.7509816884994507,0.5673103332519531,-0.016430795192718506,0.9998260140419006,0.7609859704971313,0.5396499037742615,-0.050902582705020905,0.9998391270637512,0.7667871713638306,0.5363759398460388,-0.051051609218120575,0.9998739361763,0.7736926674842834,0.5331013202667236,-0.05119756609201431,0.9998930096626282,0.7504692077636719,0.5446985960006714,0.00701479846611619,0.9998237490653992,0.7485991716384888,0.5452172160148621,0.0070879654958844185,0.9997655749320984,0.7464985847473145,0.5463036894798279,0.006911831442266703,0.9998006224632263,0.8073185086250305,0.5292016863822937,-0.12951348721981049,0.9999268651008606,0.7688060998916626,0.5462415814399719,0.13681373000144958,0.9998781085014343,0.7661911249160767,0.5881273746490479,-0.038468364626169205,0.999599277973175,0.7552758455276489,0.5939080119132996,0.037916213274002075,0.9991605281829834,0.8632805943489075,0.6209698915481567,-0.2671375572681427,0.9988397359848022,0.7870554327964783,0.6716899871826172,0.3321666121482849,0.995852530002594,0.7170428037643433,0.5419016480445862,-0.3589419722557068,0.991193413734436,0.6773570775985718,0.6603922247886658,0.5534929037094116,0.5795453190803528,0.5899417400360107,0.5501847863197327,-0.03875607252120972,0.8582765460014343,0.6248006224632263,0.6520044207572937,0.6430398225784302,0.27159857749938965,0.5580628514289856,0.5407499074935913,-0.05140496417880058,0.7012408971786499,0.609883189201355,0.62897789478302,0.6620707511901855,0.22729401290416718,0.5797678232192993,0.5551014542579651,-0.022246938198804855,0.7086240649223328,0.6122177243232727,0.6307984590530396,0.650662899017334,0.2576296329498291,0.593108057975769,0.5655373334884644,-0.02319968305528164,0.7062375545501709,0.6196873784065247,0.6383028030395508,0.6296324133872986,0.27269765734672546,0.8668214678764343,1.046471357345581,-0.1609167754650116,0.9434875845909119,0.8042605519294739,1.0543591976165771,0.1613720953464508,0.9477472305297852,0.8314918279647827,1.2325434684753418,-0.16977497935295105,0.2490212321281433,0.7689411044120789,1.2582130432128906,0.20097748935222626,0.18704743683338165,0.8431676626205444,1.5076221227645874,0.003811892122030258,0.03507699444890022,0.7761334180831909,1.527544617652893,0.2637960910797119,0.030059803277254105,0.8651488423347473,1.5645864009857178,0.01731196418404579,0.07731709629297256,0.7895721197128296,1.576975703239441,0.2658272385597229,0.04795338958501816,0.7745181322097778,1.5388849973678589,-0.08333495259284973,0.037490230053663254,0.7194987535476685,1.5721802711486816,0.15176862478256226,0.025739943608641624
0.7510588765144348,0.5677769780158997,-0.02100326493382454,0.9998278021812439,0.7610743045806885,0.5398818850517273,-0.053068213164806366,0.9998409748077393,0.7669209241867065,0.5365206599235535,-0.05319618433713913,0.9998759031295776,0.7738608121871948,0.533187747001648,-0.05335194990038872,0.9998943209648132,0.7504764199256897,0.545224130153656,0.0010504773817956448,0.9998260736465454,0.7485970258712769,0.5458592772483826,0.0010938855120912194,0.999768078327179,0.7464865446090698,0.5470845103263855,0.000933589122723788,0.9998022317886353,0.807462215423584,0.529244601726532,-0.12663637101650238,0.9999286532402039,0.7687894701957703,0.5467401146888733,0.12946797907352448,0.9998825788497925,0.7663342952728271,0.588201105594635,-0.0392475388944149,0.9996058940887451,0.7552942633628845,0.5942264795303345,0.033094897866249084,0.9991738796234131,0.8634471893310547,0.6211941838264465,-0.2412572205066681,0.9988511204719543,0.7870448231697083,0.6718727946281433,0.314005583524704,0.9958741664886475,0.7188702821731567,0.5378198623657227,-0.3385191559791565,0.9911317229270935,0.6772873401641846,0.6604718565940857,0.5438417792320251,0.5749421119689941,0.598737359046936,0.5508919954299927,-0.039298150688409805,0.8540772199630737,0.6388372182846069,0.653171956539154,0.6247538328170776,0.26035308837890625,0.5682584047317505,0.5429428219795227,-0.052020084112882614,0.6939645409584045,0.6267844438552856,0.6305033564567566,0.6383321285247803,0.21849706768989563,0.5887356400489807,0.5567513704299927,-0.02756553515791893,0.7023909687995911,0.6304005980491638,0.6331833004951477,0.6337865591049194,0.24797360599040985,0.6011191606521606,0.5670443177223206,-0.026645883917808533,0.7004047632217407,0.6375058889389038,0.6405912637710571,0.6140536665916443,0.2623538374900818,0.8663495779037476,1.0470188856124878,-0.15957506000995636,0.9409297108650208,0.803078293800354,1.0541530847549438,0.1599680483341217,0.9456474184989929,0.8255630731582642,1.2221535444259644,-0.169613316655159,0.2513044774532318,0.7609403133392334,1.249994158744812,0.1799325793981552,0.18952614068984985,0.8344376683235168,1.5009576082229614,0.00386578100733459,0.036146633327007294,0.7677668929100037,1.5202713012695312,0.2282194346189499,0.030339231714606285,0.8582155108451843,1.5597176551818848,0.01735183410346508,0.08126603811979294,0.7829639315605164,1.5696806907653809,0.22940044105052948,0.04837985709309578,0.7607519030570984,1.5315818786621094,-0.08248507976531982,0.03891414776444435,0.7074935436248779,1.566307783126831,0.12608560919761658,0.026265008375048637
0.751198947429657,0.5677759051322937,-0.030731137841939926,0.9998288154602051,0.7613235712051392,0.5398393273353577,-0.06147315353155136,0.9998409748077393,0.7672725915908813,0.5364344716072083,-0.06159364432096481,0.9998770356178284,0.7743397951126099,0.5330628156661987,-0.061733536422252655,0.9998944997787476,0.7505459189414978,0.5452244281768799,-0.008898422122001648,0.9998260140419006,0.7486298084259033,0.5458621978759766,-0.008826982229948044,0.9997689127922058,0.7464941740036011,0.5470959544181824,-0.008997341617941856,0.9998011589050293,0.8079782724380493,0.5291947722434998,-0.12626710534095764,0.9999294877052307,0.7687978744506836,0.5467811822891235,0.1213744655251503,0.9998839497566223,0.7665978670120239,0.5881268978118896,-0.0462837740778923,0.9996050596237183,0.7553362846374512,0.5942224860191345,0.023943603038787842,0.9991664886474609,0.864228367805481,0.621189296245575,-0.241362065076828,0.9988516569137573,0.7867540121078491,0.672468364238739,0.30790606141090393,0.9958286881446838,0.7194138765335083,0.536611795425415,-0.3467857539653778,0.9910721778869629,0.6771572828292847,0.6606406569480896,0.5422374606132507,0.5746164321899414,0.5934546589851379,0.5507977604866028,-0.05678757280111313,0.8512083292007446,0.632892370223999,0.6525013446807861,0.6107998490333557,0.25531429052352905,0.5625361204147339,0.5429767370223999,-0.0728137344121933,0.687900960445404,0.6212097406387329,0.6303151845932007,0.6236381530761719,0.21493332087993622,0.5829614996910095,0.5567581653594971,-0.04547310248017311,0.6970552802085876,0.6243312954902649,0.6328718066215515,0.6175546646118164,0.24427440762519836,0.5954732894897461,0.567048966884613,-0.04314816743135452,0.6956347823143005,0.6316298842430115,0.6401941180229187,0.599139392375946,0.2580024302005768,0.8657922744750977,1.047579288482666,-0.15860357880592346,0.9397287964820862,0.7995404601097107,1.0546679496765137,0.15903599560260773,0.9441982507705688,0.8264268636703491,1.2273166179656982,-0.15584103763103485,0.2504420578479767,0.7610399127006531,1.2546952962875366,0.20725782215595245,0.18823742866516113,0.8356814384460449,1.5050328969955444,0.022831032052636147,0.03576285392045975,0.7674147486686707,1.5252832174301147,0.25957533717155457,0.029839148744940758,0.8591241836547852,1.5633445978164673,0.03720507398247719,0.0811685174703598,0.782151460647583,1.5750118494033813,0.2606058716773987,0.0474589504301548,0.7632923126220703,1.5374563932418823,-0.06893672049045563,0.0385083332657814,0.709276556968689,1.5725454092025757,0.1473962664604187,0.025767112150788307
0.7512639760971069,0.5675238966941833,-0.0571332648396492,0.9998275637626648,0.7613312005996704,0.5396979451179504,-0.08538904786109924,0.9998387694358826,0.7672877311706543,0.536236047744751,-0.08552371710538864,0.9998757839202881,0.7743555307388306,0.532820999622345,-0.08566039055585861,0.9998931288719177,0.7505403757095337,0.5451740622520447,-0.03333263844251633,0.9998233318328857,0.7486066222190857,0.545832097530365,-0.03324919566512108,0.9997656941413879,0.7464426755905151,0.5470826029777527,-0.033412836492061615,0.999797523021698,0.8080556988716125,0.5289328098297119,-0.1375342309474945,0.9999294877052307,0.7684745192527771,0.5467776656150818,0.1060578003525734,0.9998833537101746,0.7666984796524048,0.5877512693405151,-0.06900183111429214,0.9996027946472168,0.7553699612617493,0.5938175916671753,0.0007165432907640934,0.9991585612297058,0.8642371296882629,0.621132493019104,-0.2574694752693176,0.9988815188407898,0.7867504358291626,0.6726779341697693,0.3000931441783905,0.9958509802818298,0.7217832803726196,0.5345169901847839,-0.3810268044471741,0.991226077079773,0.6763221025466919,0.6609004139900208,0.5139561891555786,0.5732900500297546,0.5921711325645447,0.5514522790908813,-0.10270100831985474,0.8522582054138184,0.6295521259307861,0.6526308655738831,0.5978344082832336,0.25538334250450134,0.5593686103820801,0.5446176528930664,-0.12438353151082993,0.6875059008598328,0.6182047724723816,0.6296495199203491,0.6072767972946167,0.21477332711219788,0.5790359377861023,0.5582956075668335,-0.09348836541175842,0.6969464421272278,0.6207548379898071,0.632218599319458,0.6050226092338562,0.2442435920238495,0.5936211347579956,0.5683713555335999,-0.0883283019065857,0.6955231428146362,0.6281028985977173,0.6399893164634705,0.5868691802024841,0.25771215558052063,0.8661649823188782,1.0474861860275269,-0.15830299258232117,0.941755473613739,0.7994920015335083,1.0545566082000732,0.15877275168895721,0.9458833932876587,0.8337317705154419,1.2357066869735718,-0.14240719377994537,0.24692022800445557,0.76555997133255,1.2611346244812012,0.2198929339647293,0.18713295459747314,0.838679313659668,1.5057754516601562,0.04739348217844963,0.03513319417834282,0.7677767276763916,1.5253252983093262,0.28464561700820923,0.029705185443162918,0.8614293932914734,1.563373327255249,0.06295134127140045,0.07965276390314102,0.7818893194198608,1.575068712234497,0.2872808575630188,0.04707474261522293,0.7664730548858643,1.539257287979126,-0.053133297711610794,0.037889279425144196,0.710652768611908,1.5726873874664307,0.1697327345609665,0.02561051771044731
0.7512789964675903,0.5675229430198669,-0.05048913508653641,0.9998287558555603,0.7613339424133301,0.5397090315818787,-0.07891066372394562,0.9998382329940796,0.7672907114028931,0.5362414121627808,-0.07904373109340668,0.9998754262924194,0.7743505835533142,0.532823920249939,-0.07917845249176025,0.9998927712440491,0.7505313754081726,0.5451926589012146,-0.026503030210733414,0.9998236894607544,0.7485812902450562,0.5458555221557617,-0.026448125019669533,0.9997668266296387,0.7463966012001038,0.5471118092536926,-0.026608353480696678,0.9997992515563965,0.8080672025680542,0.5289049744606018,-0.13617032766342163,0.9999293088912964,0.7683558464050293,0.5467847585678101,0.11100932210683823,0.999885618686676,0.766724705696106,0.5877506136894226,-0.06328493356704712,0.9996045231819153,0.7553779482841492,0.5938094854354858,0.0068314955569803715,0.9991653561592102,0.8639276623725891,0.6211709380149841,-0.25429922342300415,0.9989024996757507,0.7868778705596924,0.6733219027519226,0.30264994502067566,0.9959139823913574,0.7210507988929749,0.5325210690498352,-0.37866711616516113,0.9913411140441895,0.6762946248054504,0.661372184753418,0.5019494295120239,0.5731737613677979,0.5846366882324219,0.5515088438987732,-0.10017970949411392,0.8523789644241333,0.6275423169136047,0.654067873954773,0.5763421058654785,0.254851758480072,0.5489627122879028,0.5445538759231567,-0.12103927135467529,0.6864804625511169,0.6168554425239563,0.6292778849601746,0.5843026041984558,0.21349024772644043,0.5696634650230408,0.5582315921783447,-0.09081222116947174,0.69609135389328,0.6204476952552795,0.6319187879562378,0.5793489217758179,0.2427373081445694,0.5844205617904663,0.5683702230453491,-0.08578626066446304,0.6940901875495911,0.6274827122688293,0.6400031447410583,0.5642023682594299,0.25561997294425964,0.8661562204360962,1.0481537580490112,-0.15814591944217682,0.9425901770591736,0.8006442785263062,1.0545748472213745,0.1586986780166626,0.946861207485199,0.8337246179580688,1.2279069423675537,-0.1435171663761139,0.25472012162208557,0.7656022310256958,1.2503072023391724,0.2098669707775116,0.1959407925605774,0.8375872373580933,1.4973549842834473,0.04171163961291313,0.038750890642404556,0.7666215300559998,1.5144627094268799,0.2734689712524414,0.03298650309443474,0.8602293729782104,1.5538946390151978,0.05768376588821411,0.08540698885917664,0.7804166078567505,1.5631037950515747,0.2754160463809967,0.05156809464097023,0.7647821307182312,1.5263965129852295,-0.05192280560731888,0.041469696909189224,0.7071741819381714,1.5598660707473755,0.1600538194179535,0.028462957590818405
0.7513750791549683,0.5672701597213745,-0.05441940948367119,0.9998164176940918,0.7614834308624268,0.5395333170890808,-0.0818285197019577,0.9998260736465454,0.7674900889396667,0.5360134840011597,-0.08196607977151871,0.9998669028282166,0.7746180295944214,0.5325689911842346,-0.08210565894842148,0.9998854398727417,0.7505890130996704,0.5451319813728333,-0.02973153255879879,0.9998108148574829,0.7486132383346558,0.5458180904388428,-0.029680034145712852,0.9997493028640747,0.746410608291626,0.5470902919769287,-0.02983352169394493,0.9997836351394653,0.8082598447799683,0.5288223624229431,-0.13469913601875305,0.9999257922172546,0.7684507369995117,0.5467578768730164,0.10965778678655624,0.9998771548271179,0.7669073343276978,0.5872145891189575,-0.0661960020661354,0.9995781183242798,0.7554394602775574,0.5932705998420715,0.0034675367642194033,0.999104380607605,0.8639001846313477,0.6210662126541138,-0.25562983751296997,0.9988980889320374,0.78687584400177,0.6733465790748596,0.30324745178222656,0.9957449436187744,0.7209733724594116,0.5282571315765381,-0.38471317291259766,0.9913676381111145,0.6941108107566833,0.6906362771987915,0.5064231157302856,0.5554205775260925,0.5750024914741516,0.550096869468689,-0.09956391900777817,0.8493502140045166,0.6411271691322327,0.6540170311927795,0.5931042432785034,0.2433302104473114,0.5357691645622253,0.5430657267570496,-0.12010356038808823,0.6813645362854004,0.6332533359527588,0.6281301975250244,0.6031503677368164,0.2049221247434616,0.5573404431343079,0.5566647052764893,-0.08877570927143097,0.6920031309127808,0.6333307027816772,0.6312097907066345,0.5992633104324341,0.23341554403305054,0.5733740329742432,0.566958487033844,-0.08462072163820267,0.6888347864151001,0.639529824256897,0.6397932767868042,0.58186936378479,0.2451506406068802,0.8661860227584839,1.0474658012390137,-0.1576436460018158,0.9405243992805481,0.8006405830383301,1.0531485080718994,0.15817958116531372,0.9441985487937927,0.8350880742073059,1.2280330657958984,-0.15602485835552216,0.2521149516105652,0.7686182856559753,1.2507747411727905,0.1997910439968109,0.19306959211826324,0.8379179835319519,1.4979820251464844,0.022073863074183464,0.03850178420543671,0.7668687105178833,1.5151726007461548,0.25087958574295044,0.03292951360344887,0.8601544499397278,1.554610013961792,0.037293024361133575,0.08512818813323975,0.7803469896316528,1.5635199546813965,0.25209614634513855,0.05150580778717995,0.7655900716781616,1.5285687446594238,-0.07793320715427399,0.041915252804756165,0.708063006401062,1.5612773895263672,0.13084489107131958,0.028914710506796837
0.7514232993125916,0.5672646164894104,-0.050387728959321976,0.9997977614402771,0.7615364193916321,0.5395362973213196,-0.07861904799938202,0.9998068809509277,0.7675744295120239,0.5360106825828552,-0.07874678075313568,0.9998531937599182,0.7747371792793274,0.5325527787208557,-0.07886449992656708,0.9998739361763,0.7505924701690674,0.5451663732528687,-0.026017049327492714,0.9997928142547607,0.7486104369163513,0.5458676218986511,-0.02597346343100071,0.9997270703315735,0.7463934421539307,0.5471675992012024,-0.02613072097301483,0.9997653961181641,0.8083814382553101,0.5287556648254395,-0.1238301619887352,0.9999185800552368,0.7684915065765381,0.546777606010437,0.11187634617090225,0.9998704195022583,0.7670069932937622,0.587177038192749,-0.0638987272977829,0.9995461702346802,0.7554440498352051,0.5932667255401611,0.006822296418249607,0.9990348219871521,0.8638433218002319,0.6210916042327881,-0.2394678145647049,0.998910665512085,0.7871119379997253,0.6739790439605713,0.3031376898288727,0.9956943392753601,0.7206411957740784,0.5229185819625854,-0.36506444215774536,0.991679310798645,0.6913160085678101,0.6863421201705933,0.5076205730438232,0.5517579317092896,0.5727777481079102,0.5498324632644653,-0.08037395030260086,0.846705973148346,0.642159640789032,0.6583290100097656,0.6095424890518188,0.2360551506280899,0.5325025320053101,0.5428915023803711,-0.09640669822692871,0.6732059717178345,0.6347194314002991,0.6296946406364441,0.622795581817627,0.1977369487285614,0.5547868013381958,0.5564239621162415,-0.06284088641405106,0.6837857365608215,0.6332625150680542,0.6323086023330688,0.6194909811019897,0.2249496728181839,0.5709595680236816,0.5668212175369263,-0.06466333568096161,0.6806729435920715,0.6393613815307617,0.6417738795280457,0.5998327136039734,0.23614269495010376,0.8658663034439087,1.0477526187896729,-0.15418368577957153,0.943520724773407,0.8012143969535828,1.0531160831451416,0.1544366329908371,0.9468934535980225,0.8331440687179565,1.217835783958435,-0.14673088490962982,0.2641829252243042,0.7684255838394165,1.23712158203125,0.19617623090744019,0.2070578783750534,0.8334306478500366,1.4840184450149536,0.043618280440568924,0.04541991651058197,0.7653247117996216,1.4955462217330933,0.25597435235977173,0.039291735738515854,0.856201171875,1.539931058883667,0.061245281249284744,0.09831438213586807,0.7787846326828003,1.5431900024414062,0.2599826455116272,0.061692409217357635,0.759018063545227,1.5102086067199707,-0.031855471432209015,0.047060124576091766,0.7035401463508606,1.5380865335464478,0.15919579565525055,0.03328530490398407
0.7514304518699646,0.5672987103462219,-0.06957592070102692,0.9997864961624146,0.7615411877632141,0.539569079875946,-0.09420540183782578,0.9997931718826294,0.7675788998603821,0.5360305309295654,-0.09434283524751663,0.9998431205749512,0.7747403383255005,0.5325667858123779,-0.09448429942131042,0.9998646974563599,0.750571608543396,0.5452467799186707,-0.042726803570985794,0.9997805953025818,0.7485559582710266,0.5459755659103394,-0.04271988570690155,0.999711811542511,0.7462903261184692,0.5473189949989319,-0.04288214072585106,0.9997518658638,0.8083033561706543,0.5287714004516602,-0.13153283298015594,0.9999125599861145,0.7678048610687256,0.5471150279045105,0.10592494904994965,0.9998626708984375,0.767020046710968,0.5871925950050354,-0.0777486115694046,0.9995183348655701,0.755435585975647,0.5933319926261902,-0.008394991979002953,0.9989901185035706,0.8638291358947754,0.6210950613021851,-0.2503879964351654,0.9989148378372192,0.7869807481765747,0.6747158765792847,0.30194172263145447,0.9957193732261658,0.7209912538528442,0.5234094262123108,-0.4010876715183258,0.9919896125793457,0.6871112585067749,0.6843193173408508,0.5039111375808716,0.5521961450576782,0.5725929737091064,0.5500611066818237,-0.14668264985084534,0.8484390377998352,0.6456480622291565,0.6632216572761536,0.60540771484375,0.23310814797878265,0.5324022173881531,0.5433092713356018,-0.17177459597587585,0.6731722950935364,0.6388888359069824,0.633209764957428,0.6116164326667786,0.19393621385097504,0.5540750622749329,0.5565028786659241,-0.13984151184558868,0.6837537288665771,0.6387726664543152,0.6356450915336609,0.6145327091217041,0.220254048705101,0.5704038143157959,0.5670058131217957,-0.13234493136405945,0.6791055202484131,0.645116925239563,0.6457788944244385,0.5968334674835205,0.23073025047779083,0.8663897514343262,1.0480846166610718,-0.15451394021511078,0.9445924162864685,0.8010140657424927,1.0530880689620972,0.1547626554965973,0.9480994343757629,0.8335220217704773,1.2185360193252563,-0.14753073453903198,0.27007389068603516,0.7679242491722107,1.2397949695587158,0.19534184038639069,0.21798644959926605,0.8339431881904602,1.4869111776351929,0.040514957159757614,0.049439556896686554,0.7635836005210876,1.5005412101745605,0.2598647475242615,0.04468098655343056,0.8563159108161926,1.5426493883132935,0.05718957632780075,0.10519272834062576,0.7768667936325073,1.5482863187789917,0.2639850676059723,0.06918377429246902,0.7605756521224976,1.5145004987716675,-0.045571066439151764,0.05166628956794739,0.7016395330429077,1.5440477132797241,0.1546618491411209,0.03768352419137955
0.751436173915863,0.5673243999481201,-0.07921592891216278,0.99977707862854,0.7615431547164917,0.5395908355712891,-0.10377497971057892,0.9997813105583191,0.7675825357437134,0.5360433459281921,-0.10391390323638916,0.9998347759246826,0.7747393846511841,0.5325760245323181,-0.10406460613012314,0.9998567700386047,0.7505353689193726,0.5453033447265625,-0.05225582793354988,0.9997698068618774,0.7484837770462036,0.5460533499717712,-0.05224816873669624,0.9996985197067261,0.746171236038208,0.5474281311035156,-0.05241255834698677,0.9997395277023315,0.8082176446914673,0.5287859439849854,-0.1406783163547516,0.9999075531959534,0.7672458291053772,0.5473538041114807,0.09900467842817307,0.9998552203178406,0.7670265436172485,0.5872032642364502,-0.08671564608812332,0.999495267868042,0.7554083466529846,0.5933783054351807,-0.017348486930131912,0.998953640460968,0.8638157844543457,0.6211034655570984,-0.2595905661582947,0.9989182353019714,0.7868141531944275,0.6751998066902161,0.29885196685791016,0.9957366585731506,0.7215567827224731,0.5238506197929382,-0.41178959608078003,0.9922287464141846,0.683845579624176,0.6828956604003906,0.5025680065155029,0.551460325717926,0.5727311372756958,0.5501432418823242,-0.153568834066391,0.848275899887085,0.6494625806808472,0.6653896570205688,0.6009873151779175,0.22847014665603638,0.5327601432800293,0.5435687303543091,-0.17843537032604218,0.6701028347015381,0.643652081489563,0.6352092027664185,0.6093930006027222,0.18898120522499084,0.5544419884681702,0.5566542148590088,-0.147664412856102,0.680819034576416,0.6443027853965759,0.6376082301139832,0.6083843111991882,0.21439199149608612,0.5705384612083435,0.5672363638877869,-0.13960453867912292,0.6748442649841309,0.6504750847816467,0.6479402184486389,0.5910122394561768,0.2241564840078354,0.8667894601821899,1.0487743616104126,-0.1547592580318451,0.9453745484352112,0.8002926111221313,1.0531445741653442,0.15501415729522705,0.9489083290100098,0.8337806463241577,1.227559208869934,-0.14614301919937134,0.2752722501754761,0.767913818359375,1.2466963529586792,0.20068804919719696,0.2263403832912445,0.8342717885971069,1.4927040338516235,0.04607784375548363,0.05270006135106087,0.7625630497932434,1.50627863407135,0.2714739441871643,0.04916878417134285,0.8563030362129211,1.5473098754882812,0.06253968179225922,0.11047352850437164,0.7754552364349365,1.5551282167434692,0.2752677798271179,0.07522432506084442,0.761599063873291,1.5229185819625854,-0.0509319081902504,0.05563729256391525,0.701192319393158,1.5474764108657837,0.15773804485797882,0.041357189416885376
0.7514408826828003,0.5671260356903076,-0.09545145183801651,0.9997137188911438,0.7615607976913452,0.539201021194458,-0.12540067732334137,0.999718427658081,0.7676436305046082,0.5355583429336548,-0.12553760409355164,0.9997934699058533,0.7748803496360779,0.5320456624031067,-0.12572571635246277,0.99981689453125,0.7505027651786804,0.5451086759567261,-0.0732981413602829,0.999700129032135,0.748411238193512,0.5458977818489075,-0.07322101294994354,0.999614953994751,0.7460423707962036,0.5473005175590515,-0.0733841210603714,0.9996542930603027,0.8083783984184265,0.5286163687705994,-0.17505884170532227,0.9998841881752014,0.7670363187789917,0.5473390817642212,0.06758195906877518,0.9998036623001099,0.7670685648918152,0.5869907736778259,-0.10586054623126984,0.999369204044342,0.7553974390029907,0.592968225479126,-0.03608507290482521,0.9986677765846252,0.8643320202827454,0.6211023926734924,-0.2901246249675751,0.9988059997558594,0.7832776308059692,0.6733332872390747,0.2700517773628235,0.9953569769859314,0.7271686792373657,0.5282607674598694,-0.4223853647708893,0.9919281005859375,0.6787450909614563,0.6732421517372131,0.500275731086731,0.5427944660186768,0.5801109671592712,0.5502340197563171,-0.13877888023853302,0.8342733383178711,0.6479175686836243,0.6550154089927673,0.6068755984306335,0.2166016697883606,0.5408107042312622,0.5446979999542236,-0.1604144126176834,0.6483527421951294,0.6404573321342468,0.6291908025741577,0.6189333200454712,0.17945247888565063,0.5634125471115112,0.5577089190483093,-0.12994179129600525,0.6592411994934082,0.6423307657241821,0.6318768262863159,0.617052435874939,0.20365075767040253,0.5799364447593689,0.5676479935646057,-0.12428165972232819,0.654276430606842,0.6486634016036987,0.6401563882827759,0.5974092483520508,0.2130533903837204,0.8666843175888062,1.0487898588180542,-0.15471328794956207,0.945955753326416,0.7939446568489075,1.0529488325119019,0.15496914088726044,0.9491835236549377,0.8339980244636536,1.2557142972946167,-0.11404688656330109,0.26582077145576477,0.7660588026046753,1.2726885080337524,0.23498621582984924,0.22090144455432892,0.8345551490783691,1.5190353393554688,0.09297443926334381,0.05025618150830269,0.7616274356842041,1.5378445386886597,0.3254096806049347,0.04746140539646149,0.8560847043991089,1.5698367357254028,0.11067122220993042,0.10620041936635971,0.7737221121788025,1.5861231088638306,0.3298485279083252,0.07268441468477249,0.7635668516159058,1.5625475645065308,-0.014061741530895233,0.053289636969566345,0.703619658946991,1.586585521697998,0.19616065919399261,0.03955730423331261
0.7514451742172241,0.566889226436615,-0.05324920266866684,0.9997249841690063,0.7615610361099243,0.5391901135444641,-0.08286451548337936,0.9997296333312988,0.7676336169242859,0.5355575084686279,-0.0829678326845169,0.9998016357421875,0.7748246192932129,0.532051146030426,-0.08312807977199554,0.9998242855072021,0.7505131363868713,0.5450036525726318,-0.0322234109044075,0.9997116923332214,0.7484372854232788,0.545734703540802,-0.03214193135499954,0.9996286034584045,0.7461031079292297,0.5470526218414307,-0.03229495882987976,0.999666154384613,0.8083823323249817,0.5286075472831726,-0.13694407045841217,0.999889075756073,0.7670823931694031,0.5472074151039124,0.09706254303455353,0.9998115301132202,0.7670626640319824,0.586719810962677,-0.06600021570920944,0.9993870854377747,0.7554042339324951,0.5924495458602905,0.001492232782766223,0.9987066984176636,0.8634754419326782,0.6210063099861145,-0.2439059317111969,0.9988088607788086,0.7840090990066528,0.6727725267410278,0.2842986285686493,0.9952700138092041,0.7269912362098694,0.5289332270622253,-0.33991363644599915,0.9916333556175232,0.6769531965255737,0.6702462434768677,0.5061324238777161,0.5336070656776428,0.5924412608146667,0.5502414703369141,-0.030390772968530655,0.828387439250946,0.6559759378433228,0.6541226506233215,0.6121805906295776,0.2075042426586151,0.5602340698242188,0.5444614887237549,-0.043759457767009735,0.6409378051757812,0.650201141834259,0.6283950209617615,0.6247177124023438,0.17303863167762756,0.5812422037124634,0.5577065944671631,-0.017333943396806717,0.6525499820709229,0.6521304845809937,0.6314778923988342,0.6252449750900269,0.19662968814373016,0.5943688154220581,0.5676568746566772,-0.017016146332025528,0.6487023234367371,0.6576092839241028,0.639708936214447,0.6034635901451111,0.20562541484832764,0.8658285140991211,1.0480462312698364,-0.15430007874965668,0.9425914883613586,0.7943791151046753,1.0529639720916748,0.1546243131160736,0.9451038837432861,0.8320943713188171,1.2530537843704224,-0.13795582950115204,0.26242494583129883,0.7661505937576294,1.2741087675094604,0.21343788504600525,0.21233904361724854,0.8339818120002747,1.5198012590408325,0.020649749785661697,0.048108410090208054,0.761705219745636,1.5411098003387451,0.24395540356636047,0.04485516622662544,0.8559068441390991,1.5741029977798462,0.03343871980905533,0.10294649004936218,0.7737878561019897,1.5914289951324463,0.24320118129253387,0.06873689591884613,0.7617987990379333,1.5586222410202026,-0.07635646313428879,0.051376957446336746,0.7033136487007141,1.5853523015975952,0.12167607247829437,0.03775200992822647
0.7514692544937134,0.5666801333427429,-0.05341454595327377,0.9997268319129944,0.7615694403648376,0.5386771559715271,-0.08242217451334,0.9997304081916809,0.7676377892494202,0.5351013541221619,-0.08253316581249237,0.9998033046722412,0.7748171091079712,0.531642735004425,-0.08268913626670837,0.9998250007629395,0.7505199909210205,0.5445165038108826,-0.03192880004644394,0.999713122844696,0.7484351396560669,0.545313835144043,-0.0318693146109581,0.9996321201324463,0.7460977435112,0.5467026829719543,-0.03202325850725174,0.9996687173843384,0.8083920478820801,0.5283637046813965,-0.1338096559047699,0.9998895525932312,0.766883373260498,0.5472083687782288,0.09767474234104156,0.9998157024383545,0.767064094543457,0.5867178440093994,-0.06526684761047363,0.9993863701820374,0.7553741335868835,0.5924403071403503,0.0020493289921432734,0.9987058639526367,0.8637545704841614,0.6210039854049683,-0.24382241070270538,0.9988094568252563,0.784256100654602,0.6733449101448059,0.2866080403327942,0.9952031373977661,0.7268789410591125,0.5292164087295532,-0.3558099567890167,0.9914149641990662,0.6761985421180725,0.6697419881820679,0.5029472708702087,0.5225786566734314,0.5883403420448303,0.5506843328475952,-0.07641588896512985,0.8259249329566956,0.6524492502212524,0.6559543013572693,0.6068001985549927,0.19951526820659637,0.553978443145752,0.5445230603218079,-0.09669916331768036,0.6384400725364685,0.646144688129425,0.6297310590744019,0.6172384023666382,0.16705192625522614,0.5747329592704773,0.5575945377349854,-0.0689082220196724,0.6506971716880798,0.6476749777793884,0.6321600675582886,0.618707537651062,0.19001689553260803,0.5884195566177368,0.5676408410072327,-0.06372188031673431,0.6455934643745422,0.6533454656600952,0.6406094431877136,0.599124014377594,0.1984923928976059,0.865007758140564,1.0483430624008179,-0.15426377952098846,0.9404236674308777,0.7951064109802246,1.053203821182251,0.15459318459033966,0.9428229928016663,0.8281749486923218,1.209590196609497,-0.13879552483558655,0.2677949368953705,0.7647527456283569,1.2418397665023804,0.21186311542987823,0.21416693925857544,0.8332129716873169,1.4891083240509033,0.0473044291138649,0.05166515335440636,0.7616040706634521,1.5049846172332764,0.2719551622867584,0.04706069827079773,0.8557219505310059,1.5488179922103882,0.06460423767566681,0.10993312299251556,0.7739859819412231,1.5550860166549683,0.27660807967185974,0.07210242003202438,0.7600901126861572,1.5161798000335693,-0.034279339015483856,0.05559095740318298,0.7004843354225159,1.5446381568908691,0.17193181812763214,0.04069364443421364
0.751478910446167,0.566767692565918,-0.03452914580702782,0.9997383952140808,0.7615713477134705,0.5386764407157898,-0.063026562333107,0.9997416734695435,0.7676287889480591,0.5351002216339111,-0.06313280016183853,0.9998116493225098,0.7747726440429688,0.5316399931907654,-0.0632476657629013,0.9998327493667603,0.7505194544792175,0.5445129871368408,-0.010364782996475697,0.9997243285179138,0.7484320998191833,0.5453096032142639,-0.01035479549318552,0.9996450543403625,0.7460893988609314,0.5466973781585693,-0.010469366796314716,0.9996809363365173,0.8083405494689941,0.5282859206199646,-0.11794652044773102,0.9998942613601685,0.7668180465698242,0.5472143292427063,0.12473901361227036,0.9998246431350708,0.7670581936836243,0.5871315002441406,-0.04761923477053642,0.9994047284126282,0.7553587555885315,0.5927239060401917,0.022361664101481438,0.9987465739250183,0.8636762499809265,0.621245265007019,-0.2375987023115158,0.9988178014755249,0.7848617434501648,0.6731861233711243,0.31172433495521545,0.9951655864715576,0.7244362235069275,0.5296778082847595,-0.353056937456131,0.9909518957138062,0.6760388612747192,0.6692416071891785,0.5327668786048889,0.502374529838562,0.5896272659301758,0.5514204502105713,-0.06560303270816803,0.823994517326355,0.6513724327087402,0.657465398311615,0.6360530853271484,0.18904082477092743,0.5570379495620728,0.5446558594703674,-0.08314688503742218,0.6398262977600098,0.645072340965271,0.6316702365875244,0.6512750387191772,0.15998712182044983,0.5770173072814941,0.5577536821365356,-0.054570458829402924,0.6533867120742798,0.6459943056106567,0.6342222690582275,0.646245539188385,0.18269971013069153,0.5898722410202026,0.5681367516517639,-0.05224555730819702,0.6468181014060974,0.6513510346412659,0.6434785723686218,0.6254866123199463,0.19085301458835602,0.8646384477615356,1.0487604141235352,-0.16078098118305206,0.9227347373962402,0.7984558343887329,1.0530465841293335,0.16129860281944275,0.9276518821716309,0.8158695101737976,1.1687780618667603,-0.19515497982501984,0.2641441524028778,0.7551876902580261,1.2008075714111328,0.16399167478084564,0.20900025963783264,0.8229681253433228,1.4568480253219604,-0.01790984719991684,0.051621388643980026,0.7576906681060791,1.4700112342834473,0.2161324918270111,0.045878808945417404,0.8464444279670715,1.5181636810302734,-0.0017857877537608147,0.11136344075202942,0.7718039155006409,1.5201133489608765,0.2195650041103363,0.07122655212879181,0.7516580820083618,1.4837394952774048,-0.08638329058885574,0.057330645620822906,0.6938187479972839,1.5123480558395386,0.1262281835079193,0.041378654539585114
0.7515467405319214,0.5662038326263428,-0.06563006341457367,0.999721884727478,0.7616539597511292,0.537736713886261,-0.09098772704601288,0.9997231960296631,0.767727792263031,0.5341081619262695,-0.0911150649189949,0.9997987747192383,0.7749019265174866,0.530593752861023,-0.0913044884800911,0.9998204112052917,0.7505254745483398,0.5438173413276672,-0.04330207780003548,0.9997085332870483,0.7484272718429565,0.5446943640708923,-0.04331401735544205,0.9996264576911926,0.7460429072380066,0.546173095703125,-0.04344865307211876,0.9996634125709534,0.808566689491272,0.5274817943572998,-0.12760694324970245,0.999885082244873,0.76630699634552,0.5471594929695129,0.09553598612546921,0.999820351600647,0.7670904994010925,0.5865400433540344,-0.07109234482049942,0.9993638396263123,0.7553337216377258,0.5923039317131042,-0.006905859801918268,0.9986830353736877,0.8639863729476929,0.6212520599365234,-0.2389206886291504,0.9987732172012329,0.7837846875190735,0.6731442213058472,0.2803718149662018,0.9950827956199646,0.7260452508926392,0.5310414433479309,-0.35432109236717224,0.9909747838973999,0.6752480864524841,0.6678375601768494,0.48589086532592773,0.5097640156745911,0.5913035869598389,0.5545264482498169,-0.07517491281032562,0.8200758099555969,0.6550639271736145,0.6548436284065247,0.5950782895088196,0.18789483606815338,0.5572122931480408,0.5486319065093994,-0.09331361204385757,0.6321483254432678,0.6514906883239746,0.6286118030548096,0.6055002808570862,0.1575305014848709,0.577666163444519,0.5604202151298523,-0.06422705948352814,0.6457714438438416,0.6542325615882874,0.631299614906311,0.6131555438041687,0.17938755452632904,0.5911664366722107,0.570520281791687,-0.06135685369372368,0.6396966576576233,0.658934473991394,0.6404911875724792,0.5904684662818909,0.18716806173324585,0.8648816347122192,1.0487431287765503,-0.15301786363124847,0.9256381392478943,0.7985050082206726,1.0525318384170532,0.15326619148254395,0.9307816028594971,0.8187943696975708,1.185803771018982,-0.13903725147247314,0.2676396369934082,0.7565329074859619,1.2135026454925537,0.17157211899757385,0.21859920024871826,0.8239840269088745,1.4653970003128052,0.06925889849662781,0.05466083809733391,0.7587975263595581,1.4768726825714111,0.2600524127483368,0.049264103174209595,0.8480848073959351,1.5231235027313232,0.08864308893680573,0.11697567999362946,0.7732776403427124,1.5249409675598145,0.2681279480457306,0.07599535584449768,0.7526707649230957,1.4934630393981934,-0.003473052754998207,0.059513553977012634,0.6940151453018188,1.5208700895309448,0.17498169839382172,0.043535999953746796
0.7523064017295837,0.5656561255455017,-0.06686955690383911,0.9997131824493408,0.7623796463012695,0.5371389389038086,-0.093324214220047,0.9997156262397766,0.7685357332229614,0.5334873795509338,-0.09345114976167679,0.9997945427894592,0.7759450674057007,0.5299254655838013,-0.09364034980535507,0.9998160004615784,0.7509269714355469,0.5433157682418823,-0.044860657304525375,0.999701738357544,0.7486825585365295,0.5442326068878174,-0.04483173042535782,0.9996198415756226,0.7461665868759155,0.5457496047019958,-0.04499365761876106,0.9996569752693176,0.809245765209198,0.527203381061554,-0.13208156824111938,0.9998824000358582,0.766261100769043,0.5471450090408325,0.09284491091966629,0.9998193979263306,0.7678755521774292,0.586130678653717,-0.07378153502941132,0.9993541240692139,0.7556626200675964,0.5918503999710083,-0.008895590901374817,0.9986599087715149,0.8650212287902832,0.6212363839149475,-0.2466789036989212,0.9987580180168152,0.783572256565094,0.6728086471557617,0.28077200055122375,0.9951152205467224,0.7234737277030945,0.5317822694778442,-0.38129737973213196,0.9912712574005127,0.6737079620361328,0.6668532490730286,0.48615187406539917,0.5185258984565735,0.5796777009963989,0.553483247756958,-0.11935077607631683,0.8228458762168884,0.6535035371780396,0.6504837274551392,0.6226575970649719,0.18759070336818695,0.5415387153625488,0.5477886199951172,-0.13910499215126038,0.633012056350708,0.6482048630714417,0.6261603832244873,0.6363767981529236,0.1560647040605545,0.5643690824508667,0.5592069625854492,-0.10993578284978867,0.6458095908164978,0.6536548137664795,0.6292292475700378,0.6398696303367615,0.17704804241657257,0.5798709988594055,0.5691157579421997,-0.10519281774759293,0.6402854323387146,0.6581041216850281,0.6373815536499023,0.6167040467262268,0.18507681787014008,0.8650579452514648,1.0477488040924072,-0.14922989904880524,0.9307698011398315,0.7974878549575806,1.051975965499878,0.1494666039943695,0.935734212398529,0.8271547555923462,1.2271043062210083,-0.12758609652519226,0.2641677260398865,0.7571128010749817,1.2420125007629395,0.17100603878498077,0.2228221893310547,0.8354490995407104,1.4947155714035034,0.06300011277198792,0.05299769714474678,0.7621012926101685,1.5099529027938843,0.25145676732063293,0.04894483461976051,0.8590967059135437,1.5467092990875244,0.08007056266069412,0.11397533118724823,0.7762765884399414,1.555763840675354,0.256752073764801,0.07499691098928452,0.7651883959770203,1.5338636636734009,-0.006200960837304592,0.056993335485458374,0.7082604765892029,1.5631446838378906,0.13420090079307556,0.04210410267114639
0.7525147199630737,0.5647197961807251,-0.06582103669643402,0.9997150301933289,0.7626761794090271,0.5360043048858643,-0.09250736236572266,0.9997170567512512,0.7688885927200317,0.532353937625885,-0.09263522922992706,0.9997968673706055,0.7764049768447876,0.5287797451019287,-0.09281722456216812,0.9998171329498291,0.7510048151016235,0.5423827767372131,-0.04345357045531273,0.9997034072875977,0.7486957311630249,0.5434141159057617,-0.04342286288738251,0.999623715877533,0.7461567521095276,0.5450487732887268,-0.04358379915356636,0.9996581673622131,0.8095403909683228,0.5265815854072571,-0.1330018937587738,0.9998839497566223,0.7656029462814331,0.5471101403236389,0.09423480927944183,0.9998201727867126,0.7680028676986694,0.585367739200592,-0.07338964194059372,0.9993571639060974,0.7556661367416382,0.5911332368850708,-0.00786652509123087,0.9986529350280762,0.8651650547981262,0.6210852861404419,-0.2541460394859314,0.9987502098083496,0.7831510305404663,0.6728276610374451,0.2818954885005951,0.9950311779975891,0.7203110456466675,0.5311983227729797,-0.3841623067855835,0.9913063645362854,0.6729578375816345,0.6663123369216919,0.48702627420425415,0.5200542211532593,0.5695425271987915,0.5502065420150757,-0.11712175607681274,0.8185389637947083,0.6487768888473511,0.6418155431747437,0.6183715462684631,0.18348164856433868,0.5290535688400269,0.5451799035072327,-0.1358458399772644,0.6246284246444702,0.642458975315094,0.6172302961349487,0.6314657330513,0.15273088216781616,0.5528060793876648,0.5568580031394958,-0.10734789073467255,0.6376886963844299,0.6491608619689941,0.6200042366981506,0.6327629685401917,0.17322681844234467,0.5695973038673401,0.5665448904037476,-0.10221008211374283,0.6329097747802734,0.6537237167358398,0.6276817321777344,0.6110953688621521,0.18098382651805878,0.8646591901779175,1.0475281476974487,-0.1498369425535202,0.9332507848739624,0.7963934540748596,1.0520884990692139,0.15008693933486938,0.9379015564918518,0.8284209370613098,1.2314045429229736,-0.1312243640422821,0.2609163224697113,0.7615880370140076,1.248940348625183,0.22518333792686462,0.21865275502204895,0.8415354490280151,1.500588059425354,0.06005470082163811,0.05180716887116432,0.7674931883811951,1.5173869132995605,0.29362401366233826,0.04770909249782562,0.8664249181747437,1.5532399415969849,0.07746537029743195,0.11222908645868301,0.7808259725570679,1.5649570226669312,0.29622402787208557,0.07314155995845795,0.7689827084541321,1.5397228002548218,-0.0173781830817461,0.0554003044962883,0.7126376628875732,1.5683701038360596,0.17757722735404968,0.040641989558935165
0.7526738047599792,0.5647959113121033,-0.06544429063796997,0.9997220039367676,0.7628090977668762,0.5360638499259949,-0.09189793467521667,0.9997236728668213,0.7689632177352905,0.5324152708053589,-0.0920194759964943,0.9998010993003845,0.776422917842865,0.528836190700531,-0.09218756854534149,0.9998209476470947,0.7513353824615479,0.5423924922943115,-0.04316205903887749,0.9997105002403259,0.7491025328636169,0.5434139966964722,-0.04316190257668495,0.999631404876709,0.7466493844985962,0.5450369715690613,-0.04330713674426079,0.9996657967567444,0.8095530271530151,0.5265771746635437,-0.13207194209098816,0.9998859763145447,0.7662147283554077,0.5470789074897766,0.09561949223279953,0.9998259544372559,0.7680248022079468,0.585548460483551,-0.07310836762189865,0.9993687272071838,0.7557895183563232,0.5912483334541321,-0.007753191981464624,0.9986885190010071,0.865191638469696,0.6210880279541016,-0.24415448307991028,0.9987644553184509,0.7857950329780579,0.6728323101997375,0.28330785036087036,0.995104968547821,0.7237712740898132,0.531658947467804,-0.3712465763092041,0.9912927746772766,0.6729327440261841,0.6655703186988831,0.48907193541526794,0.5202114582061768,0.5912037491798401,0.5537616014480591,-0.11493565142154694,0.8186790943145752,0.6554952263832092,0.6438852548599243,0.6099406480789185,0.18175089359283447,0.5572559237480164,0.5488014221191406,-0.13392940163612366,0.6252500414848328,0.6526420712471008,0.6189963221549988,0.6201983690261841,0.15106071531772614,0.5768640041351318,0.5603602528572083,-0.1040927991271019,0.6386760473251343,0.6568726301193237,0.6213350296020508,0.625735878944397,0.1713702231645584,0.5906530618667603,0.5705532431602478,-0.10096985101699829,0.6332884430885315,0.6608297824859619,0.6299058794975281,0.6044599413871765,0.17902091145515442,0.8651533126831055,1.0475239753723145,-0.14994902908802032,0.9312212467193604,0.7984477281570435,1.051676630973816,0.15020933747291565,0.9367738962173462,0.8284479975700378,1.199993371963501,-0.14779795706272125,0.2644597589969635,0.7617024779319763,1.2260504961013794,0.19330404698848724,0.2237367331981659,0.8383574485778809,1.4741747379302979,0.045185673981904984,0.05490564554929733,0.7658757567405701,1.487405776977539,0.257367879152298,0.05043023079633713,0.8623793721199036,1.532448172569275,0.06274028867483139,0.11891108006238937,0.7796541452407837,1.536925196647644,0.26087307929992676,0.07759206742048264,0.7656164169311523,1.501027226448059,-0.019914302974939346,0.059441376477479935,0.7037781476974487,1.5275832414627075,0.16075485944747925,0.044094670563936234
0.7528153657913208,0.5649836659431458,-0.06851693242788315,0.9997033476829529,0.7628649473190308,0.5361586213111877,-0.09619133174419403,0.9997031688690186,0.7689878344535828,0.5325472354888916,-0.09633112698793411,0.9997861385345459,0.7764221429824829,0.5290238261222839,-0.09650497883558273,0.9998084306716919,0.7514596581459045,0.5424135327339172,-0.04568251594901085,0.9996902346611023,0.7492319345474243,0.543423056602478,-0.04568362608551979,0.9996035099029541,0.746780514717102,0.5450402498245239,-0.04583773389458656,0.9996418952941895,0.8094779849052429,0.5267239212989807,-0.14223532378673553,0.9998788833618164,0.7663117051124573,0.5471296906471252,0.09339602291584015,0.9998148679733276,0.768083930015564,0.5858445763587952,-0.07791803777217865,0.9993323683738708,0.7559059262275696,0.5914503335952759,-0.01039464958012104,0.998626172542572,0.8651044964790344,0.6212193965911865,-0.25879713892936707,0.9987801313400269,0.7866655588150024,0.6726874709129333,0.28411751985549927,0.995166003704071,0.7238085865974426,0.5291918516159058,-0.3815414607524872,0.9914575815200806,0.6729344129562378,0.6632577180862427,0.5026122331619263,0.517934262752533,0.5921674966812134,0.5529882311820984,-0.10229333490133286,0.8153955936431885,0.6630297899246216,0.6444398760795593,0.6307740807533264,0.1763337403535843,0.5581799149513245,0.548182487487793,-0.11835459619760513,0.6182981133460999,0.6602090001106262,0.6195312142372131,0.6435197591781616,0.14585699141025543,0.5789516568183899,0.560324490070343,-0.08936046063899994,0.6315311789512634,0.6636978983879089,0.6215771436691284,0.6495301127433777,0.1654108613729477,0.5931972861289978,0.570522665977478,-0.08793921768665314,0.6256226897239685,0.6676096320152283,0.6300468444824219,0.6249884963035583,0.17276009917259216,0.8665628433227539,1.0481185913085938,-0.15135356783866882,0.9335681796073914,0.7991474866867065,1.0518584251403809,0.15158361196517944,0.9391814470291138,0.8317773938179016,1.2234736680984497,-0.1302151083946228,0.2683659791946411,0.7666051983833313,1.2423981428146362,0.1971859633922577,0.23067981004714966,0.8386679887771606,1.487111210823059,0.07217804342508316,0.05656909942626953,0.7659136056900024,1.5001413822174072,0.27193909883499146,0.05334154888987541,0.8621991872787476,1.5429041385650635,0.09035519510507584,0.12167257070541382,0.7796311378479004,1.549672245979309,0.27657628059387207,0.08211901038885117,0.7661151885986328,1.5173298120498657,-0.013456746935844421,0.061658184975385666,0.7040809392929077,1.5379284620285034,0.1650310903787613,0.04667596518993378
0.7530116438865662,0.5649861693382263,-0.048588622361421585,0.9997003078460693,0.7629078030586243,0.5361890196800232,-0.07692508399486542,0.9997014999389648,0.7690001130104065,0.5325794816017151,-0.07706362754106522,0.9997855424880981,0.7764197587966919,0.5290597081184387,-0.07723167538642883,0.9998076558113098,0.7516542673110962,0.542418897151947,-0.02672932669520378,0.9996880888938904,0.7494884729385376,0.5434228777885437,-0.026726162061095238,0.9996002912521362,0.7471094131469727,0.5450290441513062,-0.026863953098654747,0.9996391534805298,0.8094760179519653,0.526720404624939,-0.12679514288902283,0.9998789429664612,0.7671193480491638,0.5470415949821472,0.10718303918838501,0.9998176693916321,0.7682235836982727,0.5858255624771118,-0.0586586594581604,0.9993239045143127,0.7562296986579895,0.5914390087127686,0.008507677353918552,0.9986168742179871,0.864545464515686,0.6211267709732056,-0.2449129819869995,0.9987925887107849,0.7871032953262329,0.6716920137405396,0.29495126008987427,0.9951478838920593,0.7190512418746948,0.52915358543396,-0.37004753947257996,0.9913125038146973,0.6732292175292969,0.6628847122192383,0.5103668570518494,0.5089685916900635,0.5880106687545776,0.5514777898788452,-0.09648852050304413,0.8132659196853638,0.6641418933868408,0.6445611119270325,0.6285812258720398,0.16949278116226196,0.5543347597122192,0.5453973412513733,-0.11371930688619614,0.6171707510948181,0.6622287631034851,0.6196776628494263,0.641705334186554,0.14066728949546814,0.5756309628486633,0.5567929148674011,-0.08496397733688354,0.6308823227882385,0.6647031903266907,0.6216909885406494,0.6441173553466797,0.15959501266479492,0.5892971158027649,0.5676517486572266,-0.08253065496683121,0.6243186593055725,0.6680251359939575,0.6303974986076355,0.6216947436332703,0.1666695773601532,0.8649908304214478,1.048043966293335,-0.1550433337688446,0.9312596917152405,0.8009400367736816,1.05105459690094,0.1553472876548767,0.9369717836380005,0.8208402395248413,1.1974018812179565,-0.16111469268798828,0.2675930857658386,0.762682318687439,1.2154819965362549,0.18079224228858948,0.2293333113193512,0.8268086314201355,1.4733561277389526,0.030001003295183182,0.0569068118929863,0.7619300484657288,1.4802833795547485,0.24926161766052246,0.05304265767335892,0.8511868715286255,1.5317758321762085,0.047162678092718124,0.12369068711996078,0.7764745950698853,1.5302035808563232,0.25375109910964966,0.0835103988647461,0.752040684223175,1.4997166395187378,-0.04362126439809799,0.06205008924007416,0.6960732340812683,1.5212763547897339,0.15472133457660675,0.046923257410526276
0.7531430721282959,0.5652538537979126,-0.057557977735996246,0.999704122543335,0.7629736065864563,0.5362844467163086,-0.08624167740345001,0.9997047781944275,0.7690149545669556,0.5326709747314453,-0.0863683670759201,0.9997888803482056,0.7764027118682861,0.5291587710380554,-0.08651221543550491,0.999809980392456,0.7519621253013611,0.5424593687057495,-0.036919496953487396,0.9996906518936157,0.7499321699142456,0.5434318780899048,-0.036950454115867615,0.9996047616004944,0.7477013468742371,0.5450262427330017,-0.037062689661979675,0.9996412992477417,0.8094731569290161,0.5267186760902405,-0.13769182562828064,0.9998801946640015,0.7692321538925171,0.5466591119766235,0.0927814468741417,0.9998211860656738,0.7682308554649353,0.5859584212303162,-0.068169005215168,0.9993350505828857,0.7564418315887451,0.5916642546653748,-0.0019602717366069555,0.9986374378204346,0.8631178140640259,0.6213968992233276,-0.2506310045719147,0.998833417892456,0.789185643196106,0.671716034412384,0.2776236832141876,0.9951245784759521,0.7183324098587036,0.5292431116104126,-0.3805890679359436,0.9913370609283447,0.6795953512191772,0.6626397967338562,0.5102222561836243,0.4978202283382416,0.5854524374008179,0.5517628788948059,-0.1197538748383522,0.8127829432487488,0.666085958480835,0.6424857378005981,0.6555453538894653,0.1621861308813095,0.5509191155433655,0.545423686504364,-0.13991527259349823,0.617183268070221,0.6659030318260193,0.614922821521759,0.6736707091331482,0.135080486536026,0.5722896456718445,0.5568045973777771,-0.11341103166341782,0.6311133503913879,0.6666404604911804,0.6174346804618835,0.6756575107574463,0.15331381559371948,0.5862212777137756,0.5677278637886047,-0.10715936124324799,0.6231878995895386,0.669096052646637,0.6273834705352783,0.6498934030532837,0.16007563471794128,0.8650003671646118,1.0500057935714722,-0.15481150150299072,0.9308890700340271,0.8045147657394409,1.0525954961776733,0.1551038771867752,0.9357422590255737,0.8211356401443481,1.191253900527954,-0.12851805984973907,0.27077972888946533,0.763694167137146,1.2116461992263794,0.23089993000030518,0.22958508133888245,0.8261979818344116,1.4650837182998657,0.09810066223144531,0.061227086931467056,0.7612318992614746,1.4721368551254272,0.3290669322013855,0.05564575269818306,0.8500916361808777,1.5253353118896484,0.11939476430416107,0.13198131322860718,0.7754241228103638,1.5223889350891113,0.3362520933151245,0.08793308585882187,0.7516844272613525,1.484039306640625,0.03234883025288582,0.0671047568321228,0.6948577165603638,1.5094883441925049,0.2443702518939972,0.05005980655550957
0.7531489133834839,0.56525719165802,-0.03434879705309868,0.9997144341468811,0.7629278898239136,0.5362917184829712,-0.06088123470544815,0.999715268611908,0.7688765525817871,0.5326781868934631,-0.06102956458926201,0.999796450138092,0.7760224938392639,0.529171347618103,-0.0611688606441021,0.9998168349266052,0.751975417137146,0.5424625873565674,-0.01065994892269373,0.9997010231018066,0.7499749064445496,0.543432354927063,-0.010683341883122921,0.9996177554130554,0.7477844953536987,0.5450189709663391,-0.010802398435771465,0.9996530413627625,0.8092964887619019,0.5266751050949097,-0.11208315938711166,0.9998841285705566,0.769407331943512,0.5464364886283875,0.1211250051856041,0.9998288154602051,0.7681962251663208,0.5858279466629028,-0.04569534212350845,0.9993565678596497,0.7565144896507263,0.5915424823760986,0.021402280777692795,0.9986849427223206,0.8631237745285034,0.6207593679428101,-0.23205849528312683,0.9988774061203003,0.7904531955718994,0.67133629322052,0.29984980821609497,0.9952768683433533,0.7175571918487549,0.5293998718261719,-0.35398340225219727,0.9915022850036621,0.6794960498809814,0.6626952290534973,0.5148179531097412,0.4941406846046448,0.5841866731643677,0.5513882040977478,-0.09068994969129562,0.8174008131027222,0.6650069355964661,0.6484641432762146,0.6421359777450562,0.16313371062278748,0.5498565435409546,0.5437646508216858,-0.11005566269159317,0.625816285610199,0.663586437702179,0.620129406452179,0.6620117425918579,0.1362854689359665,0.5703063011169434,0.5549691915512085,-0.07997556775808334,0.6395823955535889,0.6657541990280151,0.6209449172019958,0.6515594720840454,0.15467104315757751,0.5838711261749268,0.5663901567459106,-0.07611989974975586,0.6307492256164551,0.6689272522926331,0.631748378276825,0.6326380968093872,0.16135944426059723,0.8652995824813843,1.0469105243682861,-0.15479226410388947,0.9294508099555969,0.808984100818634,1.0505802631378174,0.1550864428281784,0.9345570206642151,0.8215945959091187,1.1624720096588135,-0.18101708590984344,0.27429676055908203,0.7696624398231506,1.18819260597229,0.1539103090763092,0.2295975387096405,0.8279701471328735,1.4354265928268433,-0.003485752735286951,0.06229935586452484,0.7643807530403137,1.4389359951019287,0.21376276016235352,0.05585629865527153,0.852098286151886,1.496044397354126,0.01204987708479166,0.13528688251972198,0.7776346206665039,1.489380955696106,0.2184019535779953,0.09116347134113312,0.7562261819839478,1.4505692720413208,-0.0688982680439949,0.06776455044746399,0.6951128244400024,1.4668329954147339,0.13316746056079865,0.05112016573548317
0.753160834312439,0.5654652118682861,0.0007444127695634961,0.99973064661026,0.7630173563957214,0.5365258455276489,-0.027504155412316322,0.9997326135635376,0.7690125703811646,0.5328988432884216,-0.027642324566841125,0.9998082518577576,0.7761933207511902,0.5294010043144226,-0.027764057740569115,0.9998278617858887,0.7520256638526917,0.5427390336990356,0.023032361641526222,0.9997178912162781,0.750018298625946,0.5437150597572327,0.022966016083955765,0.9996383786201477,0.7478120923042297,0.5453179478645325,0.022855572402477264,0.9996725916862488,0.80931156873703,0.5269599556922913,-0.08817372471094131,0.9998904466629028,0.7693817019462585,0.5466194152832031,0.1440131813287735,0.9998396039009094,0.7681987881660461,0.5858513712882996,-0.014832516200840473,0.9993931651115417,0.7565174102783203,0.5916069149971008,0.05196788161993027,0.9987598061561584,0.8630856275558472,0.6210920214653015,-0.2092873603105545,0.9988774657249451,0.790408730506897,0.6713232398033142,0.3137524127960205,0.995270848274231,0.7188184261322021,0.5350887179374695,-0.295917272567749,0.9910631775856018,0.6825639009475708,0.6598199605941772,0.5450485944747925,0.4824877083301544,0.6091928482055664,0.5525275468826294,-0.003673705505207181,0.8161264061927795,0.6487333178520203,0.6396284699440002,0.6632358431816101,0.1608501523733139,0.5824676752090454,0.5442507266998291,-0.011256312020123005,0.6294394731521606,0.6378983855247498,0.6154443025588989,0.6852334141731262,0.13617666065692902,0.5982476472854614,0.5552913546562195,0.011376315727829933,0.6431524157524109,0.6378825306892395,0.6168840527534485,0.6698954701423645,0.15499338507652283,0.608796238899231,0.5665279030799866,0.009301168844103813,0.6344949007034302,0.6434674263000488,0.627098023891449,0.6504720449447632,0.16267839074134827,0.863286018371582,1.0471248626708984,-0.15492402017116547,0.9191193580627441,0.8103531002998352,1.0508828163146973,0.15521132946014404,0.9249779582023621,0.811861515045166,1.1200716495513916,-0.19344839453697205,0.2886745035648346,0.7605580687522888,1.1542868614196777,0.13994699716567993,0.23158079385757446,0.8260535001754761,1.3883570432662964,-0.03287171199917793,0.06787790358066559,0.7603371739387512,1.3900017738342285,0.18592987954616547,0.05598556622862816,0.8509796261787415,1.447219967842102,-0.018633242696523666,0.14395858347415924,0.7734506726264954,1.4370821714401245,0.18903331458568573,0.09425336867570877,0.7558161020278931,1.4085192680358887,-0.08251724392175674,0.07301673293113708,0.6933562159538269,1.41776704788208,0.11962480843067169,0.05266870558261871
0.7530783414840698,0.5654696226119995,0.014207226224243641,0.9997479915618896,0.7630066275596619,0.5366275310516357,-0.016658160835504532,0.9997509121894836,0.7689956426620483,0.5330092906951904,-0.016792507842183113,0.9998209476470947,0.7761650681495667,0.5295417308807373,-0.016933007165789604,0.999839723110199,0.7520177960395813,0.542838454246521,0.03589644283056259,0.9997363090515137,0.7500085234642029,0.5438188314437866,0.03589672967791557,0.9996605515480042,0.7477940320968628,0.545430600643158,0.035769473761320114,0.9996936321258545,0.8092392683029175,0.5272684693336487,-0.08655965328216553,0.9998976588249207,0.7692336440086365,0.5468301177024841,0.15382391214370728,0.9998502135276794,0.7680214047431946,0.5857247710227966,-0.005176977254450321,0.9994279146194458,0.7563453912734985,0.5915155410766602,0.06416057050228119,0.9988256096839905,0.8629741668701172,0.620961606502533,-0.20567622780799866,0.9988589286804199,0.7903488278388977,0.6708956956863403,0.32053419947624207,0.9951686859130859,0.7229614853858948,0.5759366154670715,-0.2845529317855835,0.9897812008857727,0.683697521686554,0.657294511795044,0.5544267892837524,0.46704140305519104,0.6203693747520447,0.5520049929618835,0.021102961152791977,0.8083864450454712,0.6487547159194946,0.6337335109710693,0.6692441701889038,0.15642178058624268,0.5948307514190674,0.5435358881950378,0.015265601687133312,0.6264559626579285,0.6386056542396545,0.6112372279167175,0.6882416009902954,0.1347486972808838,0.6107491254806519,0.5546068549156189,0.03614530712366104,0.6409369111061096,0.6394587755203247,0.6123048067092896,0.679740309715271,0.15404339134693146,0.6207538843154907,0.5654680728912354,0.033506233245134354,0.6325168609619141,0.6447826623916626,0.6214619874954224,0.6581944823265076,0.16170284152030945,0.8633381724357605,1.0470693111419678,-0.15522652864456177,0.912327766418457,0.8100444078445435,1.0509450435638428,0.15556280314922333,0.9202362895011902,0.8106808662414551,1.1419880390167236,-0.19815246760845184,0.2882210910320282,0.7512565851211548,1.1736491918563843,0.13764329254627228,0.2267371565103531,0.8231127858161926,1.4146722555160522,-0.03658145293593407,0.06596528738737106,0.7576230764389038,1.4155384302139282,0.1741519570350647,0.05345503240823746,0.8480228185653687,1.47198486328125,-0.022012965753674507,0.14122185111045837,0.7718666791915894,1.4645346403121948,0.175361767411232,0.09064298123121262,0.7513435482978821,1.4269458055496216,-0.09428257495164871,0.07212838530540466,0.6912268400192261,1.4375765323638916,0.0944763571023941,0.05128795653581619
0.7527061700820923,0.5661123394966125,0.00415524048730731,0.9997327923774719,0.7629212737083435,0.5371577739715576,-0.021738257259130478,0.9997377991676331,0.7689386606216431,0.5335049033164978,-0.021810855716466904,0.9998111128807068,0.776125967502594,0.5300224423408508,-0.021815244108438492,0.9998317360877991,0.7517940998077393,0.543514609336853,0.031088292598724365,0.9997235536575317,0.7497063875198364,0.5445843935012817,0.03107994794845581,0.999643087387085,0.7473739385604858,0.5463132262229919,0.031053775921463966,0.999679446220398,0.8091987371444702,0.5277348756790161,-0.09220626205205917,0.9998922348022461,0.768595814704895,0.5478323698043823,0.14339223504066467,0.9998431205749512,0.7676395177841187,0.5861669778823853,-0.012243243865668774,0.9993864297866821,0.7557529211044312,0.5921909213066101,0.05794057250022888,0.9987437129020691,0.8629206418991089,0.6213144063949585,-0.21287059783935547,0.9987515807151794,0.7902251482009888,0.6716659069061279,0.3198912441730499,0.9948132634162903,0.7229529619216919,0.5561899542808533,-0.30597975850105286,0.9886839389801025,0.6805196404457092,0.6564335227012634,0.549531102180481,0.45987552404403687,0.614346981048584,0.5489656925201416,-0.014984031207859516,0.7878775596618652,0.6466376781463623,0.6184643507003784,0.6603215932846069,0.14954563975334167,0.5868581533432007,0.5408823490142822,-0.02515437640249729,0.6043543815612793,0.6375139951705933,0.5936777591705322,0.6782193779945374,0.12929585576057434,0.6026119589805603,0.5525196194648743,-0.001067683449946344,0.6190316677093506,0.6395586729049683,0.5966743230819702,0.6702108979225159,0.1479984074831009,0.6136544942855835,0.5630379915237427,-0.001751731731928885,0.6112808585166931,0.6444585919380188,0.6054514050483704,0.6493363380432129,0.1553020179271698,0.8619333505630493,1.050082802772522,-0.15522707998752594,0.9126386046409607,0.8074724078178406,1.0563297271728516,0.15555928647518158,0.9206876158714294,0.8122064471244812,1.1891885995864868,-0.16723397374153137,0.2894335985183716,0.7536478638648987,1.221835970878601,0.1869567483663559,0.22459860146045685,0.8236196637153625,1.4680835008621216,0.0197419673204422,0.06590104848146439,0.7579690217971802,1.4821584224700928,0.24128413200378418,0.05300895497202873,0.8483440279960632,1.5285279750823975,0.036948952823877335,0.1422714740037918,0.7719184756278992,1.5327303409576416,0.24316270649433136,0.09018318355083466,0.7501577138900757,1.4888088703155518,-0.04859333485364914,0.07204944640398026,0.691362202167511,1.5146896839141846,0.14568492770195007,0.05075635015964508
0.7526692152023315,0.5660766363143921,0.04671064019203186,0.9997405409812927,0.7626888751983643,0.5371600389480591,0.017511036247015,0.9997462630271912,0.7685824632644653,0.5334913730621338,0.017379771918058395,0.9998170137405396,0.7754755616188049,0.5299810767173767,0.017282137647271156,0.9998373985290527,0.7517811059951782,0.5435110926628113,0.06897728890180588,0.9997290372848511,0.7497100234031677,0.5445645451545715,0.06891341507434845,0.999651312828064,0.7474247217178345,0.5462531447410583,0.06882261484861374,0.9996885061264038,0.8085764050483704,0.526900589466095,-0.052449095994234085,0.9998936653137207,0.7693854570388794,0.5466739535331726,0.18265743553638458,0.9998487234115601,0.7676312923431396,0.5855068564414978,0.029336998239159584,0.9994059205055237,0.7559455633163452,0.59135502576828,0.09745168685913086,0.998784065246582,0.8605867624282837,0.6175190806388855,-0.18997575342655182,0.9988142251968384,0.7935007214546204,0.6666837334632874,0.35227110981941223,0.995000958442688,0.71152263879776,0.5521765351295471,-0.2895675003528595,0.9889559745788574,0.6799548864364624,0.6563927531242371,0.5549312829971313,0.4561673700809479,0.5914145112037659,0.5490007996559143,-0.027066370472311974,0.798173189163208,0.5984174609184265,0.6223207712173462,0.639536440372467,0.1540033221244812,0.5637054443359375,0.5389971137046814,-0.040264759212732315,0.6217387318611145,0.6027756333351135,0.6038317084312439,0.6652920842170715,0.13335557281970978,0.5785874128341675,0.5497586727142334,-0.01333898026496172,0.6351749300956726,0.5992957353591919,0.6030226349830627,0.6321318745613098,0.15233275294303894,0.5890465974807739,0.5614555478096008,-0.012694123201072216,0.6263970136642456,0.6050183176994324,0.6145637035369873,0.620580792427063,0.16121868789196014,0.8617127537727356,1.041057825088501,-0.1558556854724884,0.9067381024360657,0.8171230554580688,1.0478954315185547,0.1561255007982254,0.913114070892334,0.805371880531311,1.0726866722106934,-0.18875758349895477,0.3146481513977051,0.7544869780540466,1.1137111186981201,0.1511874943971634,0.22473101317882538,0.8159080743789673,1.3323010206222534,-0.025212954729795456,0.0792064219713211,0.7574653625488281,1.3321372270584106,0.21018123626708984,0.055112458765506744,0.8407624363899231,1.391160249710083,-0.009716583415865898,0.1598459929227829,0.7705884575843811,1.3784120082855225,0.21615943312644958,0.10045046359300613,0.7403258085250854,1.3414037227630615,-0.06562763452529907,0.08247528225183487,0.6919614672660828,1.3473304510116577,0.14582130312919617,0.054709065705537796
0.7526971101760864,0.5660849213600159,0.022344086319208145,0.9997531175613403,0.7626718878746033,0.5371826887130737,-0.00647314265370369,0.9997579455375671,0.768532931804657,0.533517599105835,-0.006610068492591381,0.9998253583908081,0.7753691077232361,0.5300124287605286,-0.00672351336106658,0.9998445510864258,0.7517905831336975,0.5435234308242798,0.04466431215405464,0.9997401237487793,0.7497304677963257,0.5445711016654968,0.0446123369038105,0.9996668100357056,0.7474604845046997,0.5462510585784912,0.04449828714132309,0.9997023940086365,0.8085371255874634,0.526910662651062,-0.07052356749773026,0.9998973608016968,0.769352376461029,0.5466736555099487,0.16437090933322906,0.9998570084571838,0.7676585912704468,0.5855172276496887,0.006642338819801807,0.9994317293167114,0.7560577988624573,0.59135502576828,0.07441584765911102,0.998838484287262,0.8606061935424805,0.6174932718276978,-0.20126362144947052,0.9988588094711304,0.7933694124221802,0.6664817333221436,0.3383934795856476,0.9951799511909485,0.7119643688201904,0.5498183965682983,-0.29943710565567017,0.9891027808189392,0.6792196035385132,0.6565491557121277,0.5523476004600525,0.4564047157764435,0.5884413123130798,0.5491835474967957,-0.07617847621440887,0.8064579963684082,0.5912333130836487,0.6245096325874329,0.6236725449562073,0.16229520738124847,0.5596606135368347,0.5387751460075378,-0.09618727117776871,0.6362426280975342,0.5991843938827515,0.6049273610115051,0.6480900049209595,0.141355961561203,0.5749866366386414,0.5495243072509766,-0.06563864648342133,0.6489945650100708,0.5971647500991821,0.6031785607337952,0.6184241771697998,0.1613842397928238,0.5859289169311523,0.5613380670547485,-0.06123269349336624,0.6395521759986877,0.6027835607528687,0.6155062317848206,0.6056414842605591,0.17145085334777832,0.8617803454399109,1.0403599739074707,-0.15653030574321747,0.9049813747406006,0.8189760446548462,1.0462603569030762,0.1567991077899933,0.9109769463539124,0.8069063425064087,1.0955265760421753,-0.18737749755382538,0.323805570602417,0.7547397613525391,1.125560998916626,0.1556198000907898,0.22188162803649902,0.8170857429504395,1.353447437286377,-0.015126420184969902,0.08333107829093933,0.7557457089424133,1.352325439453125,0.23603370785713196,0.05462219938635826,0.841716468334198,1.4119112491607666,-0.0002343592932447791,0.16599056124687195,0.7682088613510132,1.398478627204895,0.24488873779773712,0.10143684595823288,0.7416509389877319,1.3625259399414062,-0.05629398301243782,0.08580333739519119,0.6903898119926453,1.374646544456482,0.1785363405942917,0.055037543177604675
0.7526993751525879,0.5662365555763245,0.031082209199666977,0.9997662305831909,0.7624215483665466,0.5375607013702393,0.0006667900015600026,0.9997708201408386,0.768133282661438,0.5338868498802185,0.0005281635676510632,0.9998341798782349,0.7746721506118774,0.5303788185119629,0.0004304178000893444,0.9998524785041809,0.7517877221107483,0.5437559485435486,0.05292895436286926,0.9997522234916687,0.749742329120636,0.5447394251823425,0.05287206918001175,0.9996824264526367,0.7475129961967468,0.5463619828224182,0.05275867134332657,0.9997174739837646,0.8080822825431824,0.5269170999526978,-0.07033931463956833,0.9999018311500549,0.7694223523139954,0.5466704964637756,0.168305441737175,0.9998646378517151,0.7676516771316528,0.5855390429496765,0.012238900177180767,0.9994610548019409,0.7562224864959717,0.5913580060005188,0.08116255700588226,0.9988985657691956,0.8598688244819641,0.6173375248908997,-0.20569300651550293,0.9989101886749268,0.7950930595397949,0.6661943197250366,0.34264594316482544,0.9954105019569397,0.7057982087135315,0.5468648076057434,-0.3051064610481262,0.9893679022789001,0.6791995763778687,0.6565306186676025,0.5495016574859619,0.46311432123184204,0.5827029347419739,0.5485484600067139,-0.06723834574222565,0.8155807852745056,0.587458074092865,0.6245683431625366,0.593681812286377,0.17404791712760925,0.5541570782661438,0.5355742573738098,-0.08822182565927505,0.6516222357749939,0.5905682444572449,0.6060832738876343,0.6138700246810913,0.15128867328166962,0.5705015063285828,0.5469515323638916,-0.05509139224886894,0.6634827256202698,0.5874606966972351,0.6051915884017944,0.5859025120735168,0.1724097579717636,0.581518828868866,0.5592613816261292,-0.051058895885944366,0.6537739038467407,0.5677579045295715,0.614353597164154,0.5751910209655762,0.1836072951555252,0.8619640469551086,1.0382976531982422,-0.15737766027450562,0.9070838689804077,0.8225504159927368,1.04515540599823,0.15759983658790588,0.9127784371376038,0.8076099157333374,1.1027432680130005,-0.1949576437473297,0.34209057688713074,0.7549017667770386,1.142579197883606,0.15727585554122925,0.22393649816513062,0.8179455995559692,1.3707488775253296,-0.018162088468670845,0.09101123362779617,0.7553205490112305,1.378208041191101,0.23381665349006653,0.056251753121614456,0.8423193097114563,1.4296411275863647,-0.0020867320708930492,0.177202969789505,0.767810046672821,1.4250595569610596,0.24187354743480682,0.10642337799072266,0.742983341217041,1.386436939239502,-0.060374535620212555,0.09276802837848663,0.689879298210144,1.4044588804244995,0.17106080055236816,0.057574279606342316
0.7526674866676331,0.5663098692893982,0.04217398166656494,0.9997804760932922,0.7622116804122925,0.5381196737289429,0.011413500644266605,0.9997854828834534,0.7678133845329285,0.5345335006713867,0.01126672513782978,0.9998441338539124,0.7741402983665466,0.5310823321342468,0.011161305010318756,0.9998618960380554,0.7517745494842529,0.5440370440483093,0.06445174664258957,0.9997662901878357,0.7497438788414001,0.5449587106704712,0.06440554559230804,0.9996991157531738,0.7475205659866333,0.5465072989463806,0.06429322808980942,0.999733567237854,0.8072040677070618,0.5271877646446228,-0.0643855482339859,0.9999076724052429,0.7691825032234192,0.5468064546585083,0.17740198969841003,0.9998725056648254,0.7674073576927185,0.5855715870857239,0.02109570801258087,0.9994938969612122,0.7562195658683777,0.5913578867912292,0.09094102680683136,0.9989634156227112,0.8593956828117371,0.616998553276062,-0.19911810755729675,0.9989611506462097,0.7949015498161316,0.665803074836731,0.34665796160697937,0.9955931901931763,0.7069690227508545,0.5392571687698364,-0.2846701145172119,0.9891672134399414,0.6817070841789246,0.6565535664558411,0.5540359616279602,0.4612043499946594,0.5964304208755493,0.5484113693237305,-0.003902303520590067,0.817081868648529,0.5887003540992737,0.6247343420982361,0.6009829044342041,0.17919738590717316,0.5719851851463318,0.535539448261261,-0.01586856320500374,0.6561124324798584,0.5917887687683105,0.6072033047676086,0.6270028948783875,0.15723451972007751,0.5872740745544434,0.5470849871635437,0.010986652225255966,0.6674975752830505,0.5893124938011169,0.6063278317451477,0.5986682176589966,0.1797458976507187,0.5965744853019714,0.5593515634536743,0.010567689314484596,0.6578801870346069,0.587548017501831,0.6164254546165466,0.5802133083343506,0.1921641230583191,0.8623239398002625,1.0342915058135986,-0.1573682576417923,0.9061865210533142,0.8244522213935852,1.0416122674942017,0.1575920432806015,0.9113921523094177,0.8080908060073853,1.104675054550171,-0.1992456167936325,0.35052964091300964,0.7601416707038879,1.1459563970565796,0.15639878809452057,0.21957555413246155,0.8184689283370972,1.3728934526443481,-0.029421046376228333,0.09249907732009888,0.7554566860198975,1.3835272789001465,0.2150050699710846,0.05493437126278877,0.8424285650253296,1.4327199459075928,-0.014186041429638863,0.1801777482032776,0.7679174542427063,1.4317309856414795,0.21951834857463837,0.10549437254667282,0.7440890669822693,1.3876347541809082,-0.07478372007608414,0.09506642818450928,0.6897043585777283,1.4080703258514404,0.15426309406757355,0.0577436126768589
0.7526846528053284,0.5662949681282043,0.030628588050603867,0.9997889399528503,0.7622292041778564,0.5382302403450012,-0.000254838407272473,0.9997954964637756,0.7678518891334534,0.5346267223358154,-0.00039894174551591277,0.9998508095741272,0.77422034740448,0.5311459898948669,-0.0005062679992988706,0.9998684525489807,0.7517739534378052,0.5441487431526184,0.05353093147277832,0.9997755289077759,0.7497409582138062,0.5450670719146729,0.053449492901563644,0.9997079372406006,0.7475063800811768,0.5466002225875854,0.0533437617123127,0.9997421503067017,0.8071321249008179,0.5272074937820435,-0.06799905747175217,0.9999117851257324,0.7681078910827637,0.5471082329750061,0.17265430092811584,0.9998757839202881,0.7673924565315247,0.5854835510253906,0.011045364663004875,0.9995132088661194,0.756212055683136,0.591248631477356,0.08220405876636505,0.9989955425262451,0.8593941926956177,0.6161990761756897,-0.18235576152801514,0.9989476799964905,0.7917550802230835,0.6646963953971863,0.33092284202575684,0.9953781962394714,0.7164446115493774,0.5287281274795532,-0.24571509659290314,0.9884533882141113,0.680406928062439,0.6557069420814514,0.5386072397232056,0.45530545711517334,0.6361013054847717,0.5473775267601013,0.07663469016551971,0.7999495267868042,0.6097731590270996,0.6203458905220032,0.6069642305374146,0.17161908745765686,0.616642415523529,0.5358299016952515,0.07535699754953384,0.6367434859275818,0.6268582940101624,0.6065240502357483,0.6296987533569336,0.1516558974981308,0.6322668790817261,0.5488036274909973,0.0922667384147644,0.6489371061325073,0.6318525075912476,0.606670081615448,0.6016350984573364,0.17381811141967773,0.6401672959327698,0.5600296854972839,0.08764592558145523,0.6417056918144226,0.6370061039924622,0.6155970096588135,0.5850385427474976,0.1858697086572647,0.8630807995796204,1.0085747241973877,-0.15162843465805054,0.900686502456665,0.8220054507255554,1.0397223234176636,0.15191665291786194,0.905584990978241,0.8149400949478149,1.1360886096954346,-0.1966875195503235,0.3530951142311096,0.7611453533172607,1.1851181983947754,0.1399335265159607,0.21694067120552063,0.820835292339325,1.4202229976654053,-0.05969979241490364,0.08978414535522461,0.7541438341140747,1.4410834312438965,0.14467766880989075,0.052857957780361176,0.8445054292678833,1.4827183485031128,-0.04901690408587456,0.17843765020370483,0.7665008902549744,1.4940779209136963,0.14168862998485565,0.10209066420793533,0.7451484799385071,1.4469983577728271,-0.12649351358413696,0.09283808618783951,0.6850415468215942,1.4709876775741577,0.051326435059309006,0.05586961284279823
0.7526534795761108,0.5665758848190308,0.02497180551290512,0.9997950792312622,0.7621933221817017,0.5389474034309387,-0.004736006259918213,0.9998025298118591,0.7678277492523193,0.5354606509208679,-0.00487362127751112,0.9998550415039062,0.7742052674293518,0.5320364236831665,-0.0049981167539954185,0.9998733401298523,0.7517343163490295,0.5445461273193359,0.04736029729247093,0.9997808933258057,0.7497002482414246,0.5453881025314331,0.047314759343862534,0.9997113347053528,0.7474551796913147,0.5468343496322632,0.0471942238509655,0.9997476935386658,0.8068925738334656,0.5277086496353149,-0.07058413326740265,0.9999141693115234,0.7674240469932556,0.5475345253944397,0.16659018397331238,0.9998774528503418,0.7672750353813171,0.5859941840171814,0.006601129658520222,0.9995277523994446,0.7561537027359009,0.591610848903656,0.07589723914861679,0.999022364616394,0.8584299087524414,0.6163414716720581,-0.18374943733215332,0.9989535212516785,0.7917459607124329,0.6654597520828247,0.33005112409591675,0.9953251481056213,0.7163044214248657,0.5226016640663147,-0.2451445311307907,0.9878799915313721,0.6802220344543457,0.6557399034500122,0.5420151352882385,0.44677573442459106,0.640751302242279,0.5436368584632874,0.0863160714507103,0.7831170558929443,0.6377936601638794,0.6204544901847839,0.6337215900421143,0.16456608474254608,0.6228523850440979,0.5335009098052979,0.08658905327320099,0.6190603375434875,0.6350394487380981,0.6069642901420593,0.653961181640625,0.14652933180332184,0.6387531161308289,0.5485904812812805,0.10306324809789658,0.631533145904541,0.6393240690231323,0.6068620085716248,0.6431785821914673,0.16844961047172546,0.6458054184913635,0.5597648620605469,0.09707563370466232,0.6261689066886902,0.6452445387840271,0.6156745553016663,0.6208740472793579,0.18053698539733887,0.8646750450134277,1.0092493295669556,-0.15087655186653137,0.8908868432044983,0.8212450742721558,1.0400394201278687,0.1511591076850891,0.8957131505012512,0.8154219388961792,1.1350187063217163,-0.19328585267066956,0.35126206278800964,0.7628165483474731,1.1847485303878784,0.14351846277713776,0.210642009973526,0.8180599212646484,1.4154239892959595,-0.043439872562885284,0.08726538717746735,0.7533749341964722,1.4347405433654785,0.1634151041507721,0.050610050559043884,0.8413033485412598,1.476372480392456,-0.030924290418624878,0.1744086742401123,0.7650201320648193,1.4876511096954346,0.16299305856227875,0.09943747520446777,0.7387310266494751,1.4459463357925415,-0.10594912618398666,0.09111528098583221,0.6838551759719849,1.4629212617874146,0.08520344644784927,0.054780587553977966
0.7523451447486877,0.567234218120575,0.029221002012491226,0.9997963309288025,0.7619560956954956,0.5397929549217224,-0.001030527288094163,0.9998075366020203,0.7675954103469849,0.5363306403160095,-0.0011510404292494059,0.9998570084571838,0.7739259004592896,0.5329039692878723,-0.0013059917837381363,0.9998767971992493,0.7514952421188354,0.5452877283096313,0.0504428930580616,0.9997847676277161,0.7494485974311829,0.5461276173591614,0.05045761540532112,0.9997101426124573,0.7471569776535034,0.5475581288337708,0.05031703785061836,0.9997496604919434,0.8058029413223267,0.5281867980957031,-0.06839074194431305,0.9999159574508667,0.7661974430084229,0.5485703349113464,0.16690728068351746,0.9998775124549866,0.7667543888092041,0.586470365524292,0.0101905707269907,0.999530017375946,0.7558295726776123,0.591873049736023,0.0783580094575882,0.9990296959877014,0.85667484998703,0.6163368821144104,-0.1746579259634018,0.9989141225814819,0.7913287878036499,0.6652770638465881,0.33207929134368896,0.9951748847961426,0.7176491618156433,0.5107874274253845,-0.2176995724439621,0.9870638847351074,0.6823703050613403,0.6539331674575806,0.546591579914093,0.44563400745391846,0.6624563932418823,0.5349985361099243,0.13723482191562653,0.7582265138626099,0.6581811904907227,0.6191045045852661,0.6371358036994934,0.15697196125984192,0.6487407088279724,0.5285146832466125,0.13952422142028809,0.5929967164993286,0.6499451398849487,0.6060041785240173,0.6548402309417725,0.14033682644367218,0.6649007797241211,0.5468207597732544,0.15375958383083344,0.6057342886924744,0.6562209129333496,0.6072469353675842,0.6511242389678955,0.16174931824207306,0.6706709861755371,0.5569577813148499,0.14741817116737366,0.603201687335968,0.6618802547454834,0.6150469183921814,0.6273766160011292,0.17345933616161346,0.8648228645324707,1.0142771005630493,-0.15097954869270325,0.8840466141700745,0.8207287788391113,1.0400036573410034,0.15125402808189392,0.8900010585784912,0.8182195425033569,1.1645276546478271,-0.19449397921562195,0.3506339192390442,0.7652375102043152,1.21002197265625,0.14063657820224762,0.20554010570049286,0.8192964792251587,1.4450504779815674,-0.06614147126674652,0.08306122571229935,0.751169741153717,1.4704440832138062,0.13587695360183716,0.0478300116956234,0.8419293165206909,1.5054682493209839,-0.056272685527801514,0.16926240921020508,0.7622494697570801,1.5247745513916016,0.13212664425373077,0.09485992044210434,0.7401624917984009,1.4751850366592407,-0.1323956549167633,0.08724144101142883,0.6786302328109741,1.4982221126556396,0.043461866676807404,0.052037570625543594
0.7523325085639954,0.5674988627433777,0.036061786115169525,0.9997984170913696,0.7619096636772156,0.5403468608856201,0.006912951823323965,0.9998123049736023,0.7675502896308899,0.5369422435760498,0.006765762809664011,0.9998593926429749,0.7738733291625977,0.5335448384284973,0.0065889121033251286,0.9998800158500671,0.7514277696609497,0.5456966757774353,0.057667799293994904,0.9997887015342712,0.7493594288825989,0.5465001463890076,0.057679980993270874,0.9997104406356812,0.747038722038269,0.5478845834732056,0.05752616375684738,0.9997525811195374,0.8050118684768677,0.5284519195556641,-0.05559972673654556,0.9999182224273682,0.7646747827529907,0.5490581393241882,0.17627891898155212,0.9998792409896851,0.7667011022567749,0.5865442752838135,0.01930820755660534,0.9995390176773071,0.7557837963104248,0.5918826460838318,0.08630533516407013,0.9990482330322266,0.8540080785751343,0.6160131692886353,-0.17205891013145447,0.9989282488822937,0.7907369136810303,0.6641523241996765,0.3462904989719391,0.995258092880249,0.715397834777832,0.5098942518234253,-0.22660215198993683,0.9866551756858826,0.6825073957443237,0.6534783840179443,0.5537710785865784,0.44534018635749817,0.6472808122634888,0.5354856252670288,0.11681534349918365,0.7447039484977722,0.626412034034729,0.618931770324707,0.6350694894790649,0.15374791622161865,0.6290075182914734,0.5290006995201111,0.11670131981372833,0.5772798657417297,0.6447650790214539,0.606572151184082,0.6515365839004517,0.13812638819217682,0.6457890868186951,0.5468636751174927,0.13469941914081573,0.5901122689247131,0.6535259485244751,0.6078236103057861,0.6454975008964539,0.15967391431331635,0.6533052325248718,0.557102382183075,0.128505140542984,0.5892630815505981,0.6572871804237366,0.6151567697525024,0.6244252920150757,0.17150475084781647,0.8648160696029663,1.003598690032959,-0.15148110687732697,0.8834586143493652,0.8203116655349731,1.0382951498031616,0.15171252191066742,0.890062153339386,0.8151246309280396,1.160861849784851,-0.20551756024360657,0.3547004163265228,0.7657095193862915,1.2040627002716064,0.12616372108459473,0.2039932757616043,0.8191142082214355,1.44051992893219,-0.0833047404885292,0.08175159245729446,0.7523723840713501,1.461032748222351,0.12395598739385605,0.04629575088620186,0.8422300219535828,1.5015426874160767,-0.07332544028759003,0.1703980565071106,0.7640787363052368,1.5138837099075317,0.12143460661172867,0.09359283000230789,0.7407640814781189,1.4681440591812134,-0.14541074633598328,0.0860840380191803,0.679749071598053,1.4905420541763306,0.036438949406147,0.05099774897098541
0.7521389722824097,0.5679643750190735,0.0380941666662693,0.9998050928115845,0.7618968486785889,0.5410207509994507,0.007887846790254116,0.9998197555541992,0.7675422430038452,0.5376770496368408,0.007713145576417446,0.9998639822006226,0.7738665342330933,0.5343073606491089,0.007526285946369171,0.9998847246170044,0.7513501048088074,0.5462655425071716,0.059888821095228195,0.9997963905334473,0.749230682849884,0.5470641851425171,0.059919096529483795,0.9997185468673706,0.7468264698982239,0.5484398007392883,0.05974771827459335,0.9997612833976746,0.8044894933700562,0.529310941696167,-0.05916336923837662,0.9999213218688965,0.7635406255722046,0.5500574111938477,0.1768048256635666,0.999882698059082,0.7662807703018188,0.5870674848556519,0.019270034506917,0.9995574355125427,0.7551539540290833,0.5922372937202454,0.08767948299646378,0.9990821480751038,0.8541523814201355,0.6163073182106018,-0.17475254833698273,0.9989378452301025,0.7898092865943909,0.6642778515815735,0.3491896390914917,0.9953696727752686,0.7133303880691528,0.5123164653778076,-0.24271981418132782,0.9864857196807861,0.6824208498001099,0.6532047986984253,0.5584022402763367,0.452025830745697,0.6364904642105103,0.5361116528511047,0.08363831788301468,0.7388371825218201,0.5973230600357056,0.6175495982170105,0.6346462965011597,0.1580168753862381,0.6157258152961731,0.5293440222740173,0.08068665117025375,0.5686136484146118,0.612467885017395,0.6068798899650574,0.6513460874557495,0.14197732508182526,0.6360132694244385,0.5469602346420288,0.101812444627285,0.580938458442688,0.6170259118080139,0.6079903244972229,0.6416687369346619,0.1642756164073944,0.645315945148468,0.5571823120117188,0.09655913710594177,0.5811617970466614,0.6251363754272461,0.6152111291885376,0.6235125660896301,0.17636367678642273,0.8647430539131165,1.0125839710235596,-0.1515728086233139,0.8902422785758972,0.8189848065376282,1.0399631261825562,0.15181510150432587,0.8968675136566162,0.818381130695343,1.1789566278457642,-0.20233556628227234,0.3703458309173584,0.7673983573913574,1.2192107439041138,0.12713424861431122,0.21389952301979065,0.8258731961250305,1.4544422626495361,-0.06687136739492416,0.08410719037055969,0.7565218210220337,1.4775537252426147,0.14271952211856842,0.04749927669763565,0.8493679165840149,1.5145243406295776,-0.055514901876449585,0.17666730284690857,0.7683034539222717,1.5300941467285156,0.1414819061756134,0.09721129387617111,0.7491980791091919,1.482197880744934,-0.13400110602378845,0.0874449610710144,0.683073103427887,1.5074594020843506,0.0498788021504879,0.05151435732841492
0.7504233717918396,0.5685380101203918,0.08021368086338043,0.9998141527175903,0.75969398021698,0.5419329404830933,0.049590859562158585,0.9998296499252319,0.7650099992752075,0.5386740565299988,0.049430157989263535,0.9998708963394165,0.7708046436309814,0.5353394746780396,0.04923934489488602,0.999891459941864,0.7498249411582947,0.5470062494277954,0.10363982617855072,0.9998060464859009,0.7477646470069885,0.5478085875511169,0.10367310047149658,0.999729573726654,0.7454425096511841,0.5491560697555542,0.10354705154895782,0.9997731447219849,0.8009870648384094,0.5298661589622498,-0.02706047333776951,0.9999255537986755,0.7615821957588196,0.5509760975837708,0.22061920166015625,0.9998879432678223,0.7639904618263245,0.5876055955886841,0.058473505079746246,0.9995777010917664,0.7535461187362671,0.5927088260650635,0.12991385161876678,0.9991196393966675,0.8518358469009399,0.6162394881248474,-0.1610889881849289,0.9989879727363586,0.7934331297874451,0.6652887463569641,0.3906390070915222,0.9954609870910645,0.7111109495162964,0.5118306875228882,-0.23414571583271027,0.9863823652267456,0.6851446032524109,0.6534478068351746,0.61783367395401,0.43701377511024475,0.6361901760101318,0.5347194671630859,0.09008990228176117,0.7373244166374207,0.6264451146125793,0.6195246577262878,0.7139388918876648,0.1523393839597702,0.6129178404808044,0.5259233713150024,0.08641012758016586,0.5673850178718567,0.6186332702636719,0.606665313243866,0.7376910448074341,0.1377883404493332,0.6335951089859009,0.5431560277938843,0.11034053564071655,0.5791189074516296,0.6190809011459351,0.6073033213615417,0.7209161520004272,0.15952914953231812,0.6446473598480225,0.5543741583824158,0.10392940044403076,0.5784882307052612,0.6274400949478149,0.6153033375740051,0.7003613710403442,0.17171840369701385,0.8634457588195801,1.016323447227478,-0.15817096829414368,0.8915952444076538,0.8198396563529968,1.0398238897323608,0.15837988257408142,0.897648274898529,0.8108860850334167,1.1262526512145996,-0.21048016846179962,0.382855087518692,0.7605945467948914,1.1828110218048096,0.12902741134166718,0.21433454751968384,0.8163555264472961,1.407799243927002,-0.0743788331747055,0.08651669323444366,0.7504004240036011,1.4287574291229248,0.1457066833972931,0.047523874789476395,0.8404315114021301,1.4679418802261353,-0.06178553029894829,0.18208445608615875,0.762842059135437,1.4804975986480713,0.14603881537914276,0.10022643208503723,0.7374697923660278,1.437085509300232,-0.12734641134738922,0.08965617418289185,0.6758096814155579,1.4544869661331177,0.06418640911579132,0.05236751586198807
0.7496423125267029,0.5700791478157043,0.06358546763658524,0.9998084902763367,0.758452832698822,0.543705940246582,0.032633502036333084,0.999828577041626,0.7636663317680359,0.5405846238136292,0.03248456120491028,0.9998689889907837,0.769300103187561,0.5373582243919373,0.032314129173755646,0.9998911619186401,0.7488522529602051,0.5484074354171753,0.08619716763496399,0.9997988939285278,0.7468484044075012,0.5491104125976562,0.08620062470436096,0.9997150301933289,0.7446079254150391,0.5503252744674683,0.08608311414718628,0.9997653365135193,0.7994793653488159,0.5308237671852112,-0.03349544107913971,0.9999242424964905,0.7609213590621948,0.552033007144928,0.20267727971076965,0.9998838901519775,0.7632766962051392,0.5892484784126282,0.04249107465147972,0.9995738863945007,0.753032922744751,0.5939347743988037,0.11294025182723999,0.9991119503974915,0.8514107465744019,0.6165354251861572,-0.17352798581123352,0.9990158677101135,0.7963827848434448,0.6658334136009216,0.37427276372909546,0.9954973459243774,0.7062250971794128,0.5129876732826233,-0.2393905222415924,0.9862979054450989,0.6972581744194031,0.6544196605682373,0.6134636402130127,0.41834548115730286,0.6342710852622986,0.534841775894165,0.0886584147810936,0.7305105328559875,0.6534023284912109,0.6198099255561829,0.7306832671165466,0.14294050633907318,0.6145829558372498,0.5253738760948181,0.08717157691717148,0.5603978633880615,0.6428950428962708,0.6065062880516052,0.7578343152999878,0.12989482283592224,0.6326507925987244,0.5430227518081665,0.10805879533290863,0.5720629096031189,0.6419212222099304,0.6075409054756165,0.7425550222396851,0.15052735805511475,0.6416583061218262,0.554323136806488,0.10168316215276718,0.5711576342582703,0.6471618413925171,0.6155487895011902,0.7184770107269287,0.1625034511089325,0.8634597063064575,1.0206928253173828,-0.16488409042358398,0.8839141130447388,0.8241075277328491,1.0398657321929932,0.16504773497581482,0.8887173533439636,0.8055723309516907,1.0924620628356934,-0.208072230219841,0.3836818039417267,0.7654969096183777,1.1661527156829834,0.1411133110523224,0.2063698172569275,0.8159952163696289,1.371046781539917,-0.0663897916674614,0.08658386021852493,0.7531097531318665,1.39310884475708,0.16850943863391876,0.04642750322818756,0.8407513499259949,1.4311052560806274,-0.053859956562519073,0.1820194125175476,0.7641629576683044,1.4426212310791016,0.1704302430152893,0.10103578120470047,0.7369948625564575,1.3962568044662476,-0.11195282638072968,0.09080367535352707,0.6826624870300293,1.4098777770996094,0.10521309077739716,0.05260636284947395
0.7470707893371582,0.5715570449829102,0.0610736608505249,0.9998080730438232,0.7558079957962036,0.5454814434051514,0.027174558490514755,0.9998320937156677,0.7606726884841919,0.5425064563751221,0.027019742876291275,0.9998706579208374,0.7658178806304932,0.5394139885902405,0.02684566006064415,0.9998936653137207,0.7469774484634399,0.5498481392860413,0.08225373923778534,0.9998005032539368,0.7452245950698853,0.5504066348075867,0.08227358758449554,0.9997139573097229,0.7432482242584229,0.5514328479766846,0.08215681463479996,0.999767541885376,0.7958857417106628,0.531941831111908,-0.05502587556838989,0.9999262094497681,0.7602011561393738,0.5523761510848999,0.1953659951686859,0.9998851418495178,0.7602996230125427,0.5899572968482971,0.0360315665602684,0.999582052230835,0.7509603500366211,0.5943099856376648,0.10779158771038055,0.9991306066513062,0.8481825590133667,0.6165021061897278,-0.20134341716766357,0.9990327954292297,0.7985274791717529,0.6658462285995483,0.36740976572036743,0.9955825209617615,0.7034491896629333,0.513531506061554,-0.2567857503890991,0.9861564040184021,0.6999382376670837,0.6535924077033997,0.6061667799949646,0.404202938079834,0.6347800493240356,0.5329098105430603,0.08014902472496033,0.7276307940483093,0.6496115922927856,0.6172483563423157,0.7150442004203796,0.1373216211795807,0.61800217628479,0.5222246646881104,0.0775449350476265,0.558685839176178,0.6424655914306641,0.6017199754714966,0.740431010723114,0.12578168511390686,0.634309709072113,0.541111946105957,0.09810973703861237,0.5699183344841003,0.6419011354446411,0.6040398478507996,0.7252641916275024,0.1460219770669937,0.6420329809188843,0.5525883436203003,0.09307641535997391,0.5689696073532104,0.6470302939414978,0.6120778322219849,0.7022078633308411,0.15789829194545746,0.8639398813247681,1.0209351778030396,-0.16608038544654846,0.8855901956558228,0.8278844952583313,1.0396860837936401,0.1662672907114029,0.8906461000442505,0.8089945912361145,1.0949639081954956,-0.20702441036701202,0.38470810651779175,0.7687962651252747,1.1771061420440674,0.14431145787239075,0.20396830141544342,0.8234410285949707,1.3969473838806152,-0.06400874257087708,0.08479908108711243,0.7554044127464294,1.4181468486785889,0.1654638648033142,0.04554576426744461,0.8484827876091003,1.4613653421401978,-0.05157390981912613,0.1810794174671173,0.7668763995170593,1.4707634449005127,0.16518756747245789,0.10094171017408371,0.7497951984405518,1.4218121767044067,-0.1132633239030838,0.08971720933914185,0.683765172958374,1.4347350597381592,0.09297160804271698,0.052076321095228195
0.7465588450431824,0.5721998810768127,0.0663718730211258,0.9998050928115845,0.7549535632133484,0.5464314222335815,0.034187909215688705,0.9998312592506409,0.7597991228103638,0.5434498190879822,0.034019481390714645,0.9998696446418762,0.764936089515686,0.5403348207473755,0.03385727107524872,0.9998936057090759,0.7463058829307556,0.5507457256317139,0.0881914347410202,0.9997962713241577,0.7446285486221313,0.551260769367218,0.08818552643060684,0.9997065663337708,0.7427457571029663,0.5521954298019409,0.08806946873664856,0.9997642636299133,0.7952129244804382,0.53231281042099,-0.049431171268224716,0.999925971031189,0.760094165802002,0.5527359843254089,0.19785302877426147,0.9998833537101746,0.7599431276321411,0.5902540683746338,0.0417146161198616,0.9995836615562439,0.7507375478744507,0.594538152217865,0.11276087909936905,0.9991253018379211,0.8465720415115356,0.6163071990013123,-0.19774600863456726,0.9990801811218262,0.8002052307128906,0.6671563982963562,0.3735217750072479,0.995667040348053,0.6991077661514282,0.5133348703384399,-0.2670080363750458,0.9866597056388855,0.7050924301147461,0.6575682759284973,0.6081306338310242,0.39375826716423035,0.6120232939720154,0.5331467390060425,0.049733735620975494,0.7332414388656616,0.6491349339485168,0.6277227401733398,0.7135246992111206,0.13269977271556854,0.5916371941566467,0.521655797958374,0.04360196366906166,0.5640783905982971,0.6409593224525452,0.6062793731689453,0.7397569417953491,0.12179747968912125,0.608466625213623,0.5404303669929504,0.07377798855304718,0.574250340461731,0.6412402391433716,0.6082574725151062,0.7207108736038208,0.14129212498664856,0.6173504590988159,0.5523492693901062,0.06597800552845001,0.5722082853317261,0.6464828848838806,0.6179167628288269,0.6996022462844849,0.15308134257793427,0.8638971447944641,1.0211420059204102,-0.16579130291938782,0.8890826106071472,0.8287165760993958,1.0397342443466187,0.16594916582107544,0.8922150731086731,0.8082979917526245,1.103630542755127,-0.2250053882598877,0.3976534903049469,0.7687377333641052,1.1768568754196167,0.12527844309806824,0.204570010304451,0.8286473155021667,1.3969022035598755,-0.0946088582277298,0.08960653096437454,0.7566331624984741,1.4151079654693604,0.13636977970600128,0.046892691403627396,0.8567784428596497,1.4593756198883057,-0.08281930536031723,0.18983139097690582,0.7683360576629639,1.4666911363601685,0.1360449343919754,0.10862386971712112,0.7531015276908875,1.4235306978225708,-0.14315328001976013,0.09359417855739594,0.6848764419555664,1.433215618133545,0.061189305037260056,0.05417438969016075
0.7461307644844055,0.5725417733192444,0.06175299733877182,0.9998046159744263,0.7542551755905151,0.5468987226486206,0.029624799266457558,0.9998310804367065,0.7591327428817749,0.5438418984413147,0.029468446969985962,0.999869167804718,0.764306902885437,0.54062420129776,0.02932238206267357,0.9998936653137207,0.7456989884376526,0.5512605309486389,0.0835149958729744,0.9997929930686951,0.7440928220748901,0.5517498254776001,0.08350993692874908,0.9997027516365051,0.742300808429718,0.5526132583618164,0.08340848982334137,0.999762773513794,0.7946692705154419,0.5323156714439392,-0.04987724870443344,0.9999252557754517,0.7600196599960327,0.5527692437171936,0.19424912333488464,0.9998818039894104,0.7596736550331116,0.5903810858726501,0.03780578076839447,0.9995834231376648,0.7506135106086731,0.5946718454360962,0.10879216343164444,0.9991198182106018,0.844837486743927,0.6156533360481262,-0.20075583457946777,0.9991127848625183,0.8012751340866089,0.6674084067344666,0.36918923258781433,0.9956914782524109,0.6960330605506897,0.5144358277320862,-0.2918086647987366,0.9869109988212585,0.7028281092643738,0.6590110063552856,0.6024373769760132,0.383437842130661,0.5969096422195435,0.5333415269851685,-0.004897210281342268,0.7434602975845337,0.6146775484085083,0.6267421841621399,0.6809015274047852,0.13106529414653778,0.5744158029556274,0.5210389494895935,-0.01646546646952629,0.5779796242713928,0.6195304989814758,0.6081011891365051,0.7103612422943115,0.12098313868045807,0.591394305229187,0.5393085479736328,0.016467999666929245,0.5873734354972839,0.6125980615615845,0.6104699373245239,0.676759660243988,0.14046062529087067,0.6005643606185913,0.5519493818283081,0.011411215178668499,0.5844607949256897,0.6180554628372192,0.6214245557785034,0.6614004373550415,0.15259963274002075,0.8626207113265991,1.0213249921798706,-0.1657174974679947,0.8891268968582153,0.8289785385131836,1.0393660068511963,0.1658971756696701,0.8900319337844849,0.8063144683837891,1.1032469272613525,-0.22086100280284882,0.4014376103878021,0.7694489359855652,1.1588473320007324,0.1302148699760437,0.20171931385993958,0.8256982564926147,1.3868118524551392,-0.09272859990596771,0.09112139791250229,0.7562587261199951,1.4020354747772217,0.16398179531097412,0.04684394225478172,0.8539789915084839,1.446182370185852,-0.0781000554561615,0.18892218172550201,0.7676829695701599,1.4523738622665405,0.16555356979370117,0.10958869755268097,0.7484412789344788,1.410958170890808,-0.14252570271492004,0.09581242501735687,0.6857593059539795,1.4246517419815063,0.08841536939144135,0.05528068169951439
0.7458246946334839,0.5729337930679321,0.05844749137759209,0.9997978210449219,0.7535450458526611,0.5472211837768555,0.023450396955013275,0.9998266100883484,0.7584050893783569,0.5441121459007263,0.023293761536478996,0.9998652935028076,0.7635853886604309,0.5408341884613037,0.023190375417470932,0.9998912811279297,0.745085597038269,0.5515996217727661,0.07965746521949768,0.9997856020927429,0.743537187576294,0.552054762840271,0.07965565472841263,0.9996928572654724,0.7418193817138672,0.5528610944747925,0.07960377633571625,0.9997568726539612,0.7939651608467102,0.5323237180709839,-0.07059510797262192,0.9999232888221741,0.7594726085662842,0.5527855157852173,0.18456265330314636,0.9998794198036194,0.7594656944274902,0.5906693935394287,0.029784923419356346,0.9995715022087097,0.7504931092262268,0.5948783159255981,0.1037362813949585,0.9991010427474976,0.8442758321762085,0.6152309775352478,-0.22247198224067688,0.9991449117660522,0.801490306854248,0.6670920252799988,0.3677765130996704,0.9957563877105713,0.6906093955039978,0.5147174596786499,-0.331165075302124,0.9873777627944946,0.7062878012657166,0.6604738831520081,0.5968937277793884,0.373296320438385,0.5883846282958984,0.5333837270736694,-0.04411941021680832,0.7524188160896301,0.6171316504478455,0.6217942833900452,0.6934634447097778,0.12783333659172058,0.5648728609085083,0.5209898948669434,-0.05838916823267937,0.5895187854766846,0.6228257417678833,0.6049509644508362,0.7239460945129395,0.11843585968017578,0.5832083225250244,0.5392545461654663,-0.024613093584775925,0.5981719493865967,0.6138125658035278,0.6091176867485046,0.6978635191917419,0.13751715421676636,0.592820942401886,0.5519832372665405,-0.02764315903186798,0.5941384434700012,0.6197620034217834,0.6203524470329285,0.6767023801803589,0.1495783030986786,0.8626389503479004,1.0216212272644043,-0.16870012879371643,0.8930485248565674,0.8303353190422058,1.0387145280838013,0.16890497505664825,0.8928480744361877,0.8082789182662964,1.1190459728240967,-0.2183746099472046,0.39732518792152405,0.7733755707740784,1.1622170209884644,0.13899007439613342,0.20011591911315918,0.8256843686103821,1.3934379816055298,-0.0778082087635994,0.08999142795801163,0.7568415403366089,1.404260277748108,0.18113508820533752,0.04656115546822548,0.8535083532333374,1.4499003887176514,-0.06234463304281235,0.18549613654613495,0.7679935097694397,1.4551891088485718,0.1824309080839157,0.10933167487382889,0.7485328912734985,1.4141589403152466,-0.13731786608695984,0.09544812142848969,0.688451886177063,1.4260226488113403,0.1008802056312561,0.05545489862561226
0.7458077669143677,0.5730518102645874,0.05652647092938423,0.9997804760932922,0.7533860206604004,0.5473703145980835,0.022324223071336746,0.9998115301132202,0.758232831954956,0.5442312955856323,0.022172128781676292,0.9998530149459839,0.7634202837944031,0.5409145355224609,0.022061314433813095,0.9998819231987,0.7449556589126587,0.5517555475234985,0.07858384400606155,0.9997605681419373,0.7434097528457642,0.552197277545929,0.07860664278268814,0.9996594786643982,0.7416921854019165,0.552982747554779,0.0785134956240654,0.9997330904006958,0.7934025526046753,0.5323142409324646,-0.0681525319814682,0.9999129772186279,0.7589443922042847,0.5528334379196167,0.17958571016788483,0.9998676180839539,0.7593346834182739,0.5907424688339233,0.029748637229204178,0.9995420575141907,0.7504101395606995,0.5949079990386963,0.10271985828876495,0.9990381002426147,0.8442691564559937,0.6152008175849915,-0.21385423839092255,0.9991592168807983,0.8012841939926147,0.6668182015419006,0.35790514945983887,0.995693027973175,0.687719464302063,0.5144215822219849,-0.3282662630081177,0.9875738620758057,0.7076628804206848,0.6604222655296326,0.5798177123069763,0.35825517773628235,0.5887988805770874,0.5330583453178406,-0.011015974916517735,0.7557340264320374,0.640268087387085,0.6201992034912109,0.685361921787262,0.12198521941900253,0.5665380358695984,0.518356442451477,-0.020846309140324593,0.5932219624519348,0.6352654695510864,0.5974217057228088,0.719840407371521,0.11341867595911026,0.5847419500350952,0.5366441011428833,0.0077405585907399654,0.6010391712188721,0.6258289813995361,0.6014652848243713,0.6879143714904785,0.13154874742031097,0.5939976572990417,0.5503156781196594,0.004056940786540508,0.5968213081359863,0.6288753747940063,0.61379474401474,0.6685617566108704,0.14353768527507782,0.8614298701286316,1.0221081972122192,-0.16829098761081696,0.8868293166160583,0.8323148488998413,1.0381721258163452,0.1685238778591156,0.8828466534614563,0.8028297424316406,1.0559628009796143,-0.1955956518650055,0.3954063057899475,0.773140549659729,1.1146090030670166,0.1573971062898636,0.1930348128080368,0.8126247525215149,1.3094075918197632,-0.03333073854446411,0.0919920951128006,0.7564421892166138,1.3325309753417969,0.2122865915298462,0.045973632484674454,0.8385252952575684,1.3675376176834106,-0.01732618734240532,0.18687431514263153,0.7669949531555176,1.3803346157073975,0.21687975525856018,0.11138203740119934,0.7352202534675598,1.3163723945617676,-0.06745189428329468,0.0976756364107132,0.6892890334129333,1.3468055725097656,0.1584627330303192,0.05599101260304451
0.7455796003341675,0.5732383131980896,0.04487643390893936,0.9997532963752747,0.7528657913208008,0.5475672483444214,0.009190866723656654,0.9997885823249817,0.7576431035995483,0.5444017052650452,0.009051235392689705,0.9998347759246826,0.762755811214447,0.5410624742507935,0.008970605209469795,0.9998674392700195,0.7445747256278992,0.5519588589668274,0.06516095250844955,0.9997307062149048,0.7430775761604309,0.5523654818534851,0.06516914814710617,0.9996190071105957,0.7414163947105408,0.5531120896339417,0.06510793417692184,0.9997024536132812,0.7925151586532593,0.5322641730308533,-0.08291613310575485,0.9999036192893982,0.7586824893951416,0.5528209805488586,0.16808061301708221,0.9998541474342346,0.7590075731277466,0.5908786058425903,0.0186164490878582,0.9994768500328064,0.7502802610397339,0.5950096845626831,0.09179552644491196,0.9989250898361206,0.8422966003417969,0.6149518489837646,-0.2262403517961502,0.9991521835327148,0.8015773892402649,0.6661251783370972,0.3564535975456238,0.9955846667289734,0.6818270087242126,0.5129761099815369,-0.3381302058696747,0.9876558780670166,0.722987949848175,0.6536192297935486,0.579953134059906,0.34282004833221436,0.572766900062561,0.5326265692710876,-0.03835992142558098,0.760080099105835,0.6355283260345459,0.6146175265312195,0.687750518321991,0.11711759120225906,0.5468595027923584,0.5165951251983643,-0.05451609939336777,0.5998746752738953,0.6368823647499084,0.5915055871009827,0.7190101146697998,0.11014707386493683,0.5675808787345886,0.5353869795799255,-0.020376911386847496,0.6074234843254089,0.6274638175964355,0.5980328321456909,0.6922121047973633,0.12793618440628052,0.5783167481422424,0.5494295358657837,-0.022089064121246338,0.6027464270591736,0.6300073266029358,0.6103494763374329,0.6715033054351807,0.13960975408554077,0.8591208457946777,1.0232548713684082,-0.1697002649307251,0.8862800598144531,0.8321515917778015,1.0379958152770996,0.16996072232723236,0.879767656326294,0.8031997680664062,1.1138978004455566,-0.1966472864151001,0.3786833882331848,0.7812967300415039,1.1393934488296509,0.18445314466953278,0.18283121287822723,0.8135290145874023,1.3810700178146362,-0.027677908539772034,0.08690347522497177,0.7618416547775269,1.3945329189300537,0.23196938633918762,0.043408941477537155,0.8393327593803406,1.4387128353118896,-0.012113605625927448,0.17785272002220154,0.7720895409584045,1.4454604387283325,0.23409895598888397,0.1054144948720932,0.7363296747207642,1.3908727169036865,-0.0768810585141182,0.09366133064031601,0.6969866156578064,1.419954776763916,0.15474314987659454,0.053552426397800446
0.7441786527633667,0.5732603669166565,0.05004493147134781,0.9997348785400391,0.7510510683059692,0.5476959347724915,0.012609082274138927,0.9997747540473938,0.755570113658905,0.5445379018783569,0.01245204359292984,0.999823272228241,0.7603873014450073,0.5412102937698364,0.012340398505330086,0.9998587369918823,0.7431306838989258,0.5520534515380859,0.06849144399166107,0.9997119307518005,0.7417551875114441,0.5524309873580933,0.06849446892738342,0.9995942115783691,0.7402466535568237,0.5531458258628845,0.06841616332530975,0.9996868968009949,0.7898508310317993,0.5322721600532532,-0.08178897202014923,0.999898374080658,0.7574731111526489,0.5527994632720947,0.16859230399131775,0.9998490214347839,0.7573868632316589,0.590878427028656,0.021127965301275253,0.9994590282440186,0.7490800023078918,0.5949870347976685,0.09445592761039734,0.9988864660263062,0.8408732414245605,0.6136202216148376,-0.22403225302696228,0.9991747736930847,0.8015309572219849,0.6640928387641907,0.3557506799697876,0.9956666231155396,0.683574914932251,0.5088253617286682,-0.3262430727481842,0.9879667162895203,0.7250468730926514,0.645102858543396,0.5924683809280396,0.33391574025154114,0.5699700117111206,0.5321419835090637,-0.02501607872545719,0.7628961205482483,0.6121569871902466,0.6122311353683472,0.7148131132125854,0.11424293369054794,0.5421281456947327,0.5164660215377808,-0.03683377057313919,0.6019268035888672,0.6274343729019165,0.5897632837295532,0.7482255697250366,0.10777392983436584,0.561696469783783,0.5347962975502014,-0.0024148165248334408,0.6086500287055969,0.6184467077255249,0.5952785611152649,0.7219763398170471,0.12511016428470612,0.5733859539031982,0.5484894514083862,-0.0077357725240290165,0.6033735871315002,0.6215910315513611,0.6071186065673828,0.6991733312606812,0.13670063018798828,0.8576396107673645,1.0237563848495483,-0.16930973529815674,0.8937613368034363,0.8318424224853516,1.0360511541366577,0.16957567632198334,0.8872838020324707,0.8010370135307312,1.1145058870315552,-0.19153428077697754,0.38578152656555176,0.7808645963668823,1.1402262449264526,0.17641183733940125,0.18476828932762146,0.8139356374740601,1.389204740524292,-0.01747436448931694,0.09027929604053497,0.7618433237075806,1.4019432067871094,0.22453980147838593,0.0449829138815403,0.8399051427841187,1.445919156074524,-0.0010470408014953136,0.18346616625785828,0.7725745439529419,1.4509581327438354,0.2272368222475052,0.11009529232978821,0.7367831468582153,1.4088904857635498,-0.06008187681436539,0.09608624130487442,0.6971571445465088,1.4322999715805054,0.15085241198539734,0.054890226572752
0.7437324523925781,0.5734931826591492,0.04518045857548714,0.9997319579124451,0.7504978179931641,0.5480591058731079,0.007329861167818308,0.9997714757919312,0.7549761533737183,0.5449002385139465,0.007202153094112873,0.9998205304145813,0.7597705125808716,0.5415922403335571,0.007121668197214603,0.9998564720153809,0.7427168488502502,0.5523806214332581,0.06277833878993988,0.999707818031311,0.7414115071296692,0.5527014136314392,0.06275724619626999,0.9995920062065125,0.7399956583976746,0.5533367395401001,0.06271128356456757,0.9996856451034546,0.7896124124526978,0.5324378609657288,-0.08846370875835419,0.9998964667320251,0.7575125694274902,0.5527981519699097,0.161790668964386,0.9998496770858765,0.7570636868476868,0.5910036563873291,0.017177468165755272,0.9994546175003052,0.7488635182380676,0.5950878262519836,0.09005621075630188,0.9988868236541748,0.8399813771247864,0.6138704419136047,-0.2287019044160843,0.9991942048072815,0.8022905588150024,0.6641132235527039,0.351726233959198,0.995712399482727,0.6791476607322693,0.5089389085769653,-0.33079808950424194,0.9881768822669983,0.7221076488494873,0.6493661999702454,0.5921462178230286,0.3194453716278076,0.5590355396270752,0.5320470333099365,-0.03164588660001755,0.7686849236488342,0.6035900115966797,0.6110221743583679,0.7089852690696716,0.10974333435297012,0.5298053026199341,0.5152929425239563,-0.047030530869960785,0.6100373864173889,0.6272897124290466,0.5908318161964417,0.7414462566375732,0.104494109749794,0.5503937602043152,0.5336612462997437,-0.010474802926182747,0.6165390014648438,0.6183311343193054,0.5960490703582764,0.7152963876724243,0.12145061790943146,0.5626634359359741,0.5477231740951538,-0.01418257225304842,0.6104152202606201,0.620926022529602,0.6074895858764648,0.6932908296585083,0.13285164535045624,0.8535889387130737,1.0294438600540161,-0.1698979139328003,0.8943012356758118,0.8327268362045288,1.0372861623764038,0.17013144493103027,0.8849047422409058,0.7954501509666443,1.1143141984939575,-0.16846147179603577,0.3800961971282959,0.7810519933700562,1.1401927471160889,0.23284628987312317,0.17675277590751648,0.8048936128616333,1.3827258348464966,0.03299584239721298,0.0897611752152443,0.7614461183547974,1.389144778251648,0.30676332116127014,0.04362763464450836,0.8308463096618652,1.4405369758605957,0.051992736756801605,0.18127892911434174,0.7714301347732544,1.4389667510986328,0.31236398220062256,0.10691884160041809,0.7265712022781372,1.3918654918670654,-0.004942099563777447,0.09685312956571579,0.6967703104019165,1.410793423652649,0.24561798572540283,0.05421869084239006
0.7437529563903809,0.5735200643539429,0.026280617341399193,0.9997048377990723,0.7505961060523987,0.5480338335037231,-0.008419633843004704,0.999745786190033,0.7551103830337524,0.5448898673057556,-0.00857621617615223,0.99980229139328,0.7599560618400574,0.5415868163108826,-0.008721616119146347,0.999841570854187,0.7427562475204468,0.5523204207420349,0.044481005519628525,0.9996774196624756,0.7414394021034241,0.552638590335846,0.044453658163547516,0.9995521903038025,0.7400091886520386,0.5532768368721008,0.04434175416827202,0.999652624130249,0.7898281812667847,0.5324881076812744,-0.09320181608200073,0.9998871088027954,0.757449746131897,0.5527971982955933,0.14932461082935333,0.9998385906219482,0.7570580840110779,0.5911518335342407,0.00325400335714221,0.9994094967842102,0.7486951947212219,0.5952177047729492,0.07317353039979935,0.9987894296646118,0.8438267707824707,0.6138776540756226,-0.22831735014915466,0.9992083311080933,0.7991023063659668,0.6643879413604736,0.3373585343360901,0.9957523941993713,0.6803301572799683,0.5092167854309082,-0.32381898164749146,0.9886605143547058,0.7155095934867859,0.6495898365974426,0.5910178422927856,0.3192030191421509,0.5675269365310669,0.5316191911697388,-0.030019933357834816,0.7721197009086609,0.6457620859146118,0.6138260364532471,0.7361871004104614,0.10943376272916794,0.5404790043830872,0.5154924988746643,-0.042796701192855835,0.612759530544281,0.6427866220474243,0.5912434458732605,0.7670806646347046,0.10395585745573044,0.5601187348365784,0.5337297916412354,-0.006347032729536295,0.6185607314109802,0.6395047903060913,0.5972374677658081,0.7512284517288208,0.12049192935228348,0.5714849233627319,0.547522783279419,-0.011086193844676018,0.6125319004058838,0.6430498361587524,0.6080141663551331,0.724485456943512,0.13189809024333954,0.8556226491928101,1.0294764041900635,-0.16940976679325104,0.9002819657325745,0.8306969404220581,1.037174940109253,0.16960343718528748,0.8909291625022888,0.8004299402236938,1.138335943222046,-0.17071154713630676,0.38089534640312195,0.7781717777252197,1.1662553548812866,0.1742895245552063,0.17975398898124695,0.8089066743850708,1.4118003845214844,0.01323697529733181,0.09056974202394485,0.762572169303894,1.416735053062439,0.25059789419174194,0.04405287653207779,0.8375504612922668,1.4703291654586792,0.028712838888168335,0.18056483566761017,0.7740533947944641,1.4644674062728882,0.25792235136032104,0.10724277794361115,0.7286120057106018,1.4308154582977295,-0.05113447830080986,0.096580870449543,0.6976065635681152,1.4488743543624878,0.1769821047782898,0.05420384556055069
0.7437520027160645,0.5737220644950867,0.006944564636796713,0.9996514916419983,0.7506740689277649,0.5481269955635071,-0.029621103778481483,0.9997075796127319,0.7552145719528198,0.545017421245575,-0.029803728684782982,0.9997710585594177,0.7600985765457153,0.5417592525482178,-0.029977668076753616,0.9998165965080261,0.7427842020988464,0.5523605346679688,0.02526109293103218,0.9996375441551208,0.7414448857307434,0.5526670217514038,0.025262322276830673,0.9994968175888062,0.7399884462356567,0.553295373916626,0.025130942463874817,0.9996080994606018,0.789961040019989,0.5327474474906921,-0.11737829446792603,0.999873161315918,0.7572839260101318,0.5528113842010498,0.1338026225566864,0.9998215436935425,0.7570138573646545,0.591404914855957,-0.01664155162870884,0.9993118643760681,0.7485317587852478,0.5953495502471924,0.05565984919667244,0.9986255168914795,0.8445585370063782,0.6140583753585815,-0.25773149728775024,0.9991744160652161,0.7966620326042175,0.66428542137146,0.33164191246032715,0.9957098364830017,0.6812795996665955,0.5092992186546326,-0.3672201335430145,0.9889776110649109,0.7097553014755249,0.6488831043243408,0.5939106345176697,0.3167782127857208,0.559277355670929,0.5300896167755127,-0.06079806014895439,0.7768341302871704,0.6488822102546692,0.6074192523956299,0.7520846128463745,0.1100558415055275,0.5275102257728577,0.5150424242019653,-0.07843050360679626,0.617286205291748,0.6418816447257996,0.5827693939208984,0.7829967737197876,0.1047232449054718,0.5481913685798645,0.532777726650238,-0.04415770620107651,0.6225333213806152,0.6393426656723022,0.5899192690849304,0.7680743336677551,0.12117370963096619,0.5616904497146606,0.5458441376686096,-0.043393757194280624,0.6160942316055298,0.6431593298912048,0.5994294881820679,0.7403150796890259,0.1322726458311081,0.8557513356208801,1.0303164720535278,-0.1692512482404709,0.9074750542640686,0.8254345059394836,1.0371956825256348,0.16944155097007751,0.8988280892372131,0.8111872673034668,1.2004724740982056,-0.16838127374649048,0.3635531961917877,0.7778998613357544,1.2185313701629639,0.18952734768390656,0.17614920437335968,0.8178120851516724,1.474584937095642,0.016544539481401443,0.08446218818426132,0.764025866985321,1.486032247543335,0.2518012523651123,0.04220914840698242,0.8441561460494995,1.530838131904602,0.033057890832424164,0.1702224165201187,0.775953471660614,1.535335659980774,0.25521737337112427,0.10152328014373779,0.7413698434829712,1.5005321502685547,-0.05249584838747978,0.09071578085422516,0.7007185816764832,1.5245171785354614,0.16584381461143494,0.05147269368171692
0.7437957525253296,0.5735576748847961,0.01477496325969696,0.9996547698974609,0.7507511973381042,0.5478114485740662,-0.020776893943548203,0.9997089505195618,0.7552936673164368,0.5447065830230713,-0.02094404585659504,0.9997722506523132,0.7601903676986694,0.5414501428604126,-0.021101295948028564,0.9998174905776978,0.7428166270256042,0.5520849823951721,0.033712614327669144,0.9996406435966492,0.7414543628692627,0.5524241924285889,0.03370904177427292,0.9995026588439941,0.7399970293045044,0.5530893206596375,0.033593613654375076,0.9996116757392883,0.7900735139846802,0.532715380191803,-0.11393606662750244,0.9998738765716553,0.7571543455123901,0.5527819991111755,0.13967366516590118,0.9998239278793335,0.7570384740829468,0.5912779569625854,-0.009036109782755375,0.9993158578872681,0.7485113143920898,0.5952617526054382,0.06286521255970001,0.9986368417739868,0.8450833559036255,0.6141398549079895,-0.24819545447826385,0.999193549156189,0.7961820960044861,0.6646634340286255,0.3319844901561737,0.9958022832870483,0.6822569370269775,0.5105407238006592,-0.34988313913345337,0.989285409450531,0.707358717918396,0.6490764617919922,0.5929182767868042,0.31921178102493286,0.5623922348022461,0.5300833582878113,-0.041508063673973083,0.7819821238517761,0.6451871991157532,0.6076392531394958,0.7361640930175781,0.11280623823404312,0.5313491225242615,0.5151355266571045,-0.05559425428509712,0.6233506798744202,0.6371813416481018,0.5843073129653931,0.7657492756843567,0.10697333514690399,0.5516560077667236,0.5324175357818604,-0.02300187572836876,0.6282535791397095,0.6343940496444702,0.5906572937965393,0.7483447194099426,0.12356043606996536,0.5646739602088928,0.5453242063522339,-0.024840734899044037,0.6212701201438904,0.6389161944389343,0.6004562973976135,0.7232780456542969,0.13479170203208923,0.8565991520881653,1.030492901802063,-0.16915467381477356,0.9114922285079956,0.825699508190155,1.037185549736023,0.16933047771453857,0.9027866721153259,0.8139262199401855,1.1777642965316772,-0.17319288849830627,0.35639241337776184,0.7791109085083008,1.2100574970245361,0.18941901624202728,0.17433305084705353,0.8219023942947388,1.4626033306121826,0.007432551123201847,0.08234832435846329,0.7645143270492554,1.468316674232483,0.255412757396698,0.04144145920872688,0.8484546542167664,1.520099401473999,0.023873746395111084,0.16610682010650635,0.776068925857544,1.5158041715621948,0.2596161961555481,0.0993548035621643,0.743862509727478,1.4887129068374634,-0.05480995029211044,0.08828619867563248,0.700616180896759,1.5058631896972656,0.1773735135793686,0.05029580369591713
0.7438144087791443,0.5740215182304382,0.013031944632530212,0.9996464848518372,0.7508048415184021,0.5482418537139893,-0.020707065239548683,0.9996953010559082,0.7553702592849731,0.545204222202301,-0.020836908370256424,0.9997631311416626,0.7602967023849487,0.5420328974723816,-0.020948147401213646,0.9998088479042053,0.7428287267684937,0.5523937344551086,0.031631436198949814,0.999618649482727,0.7414774894714355,0.552689790725708,0.03160430118441582,0.9994787573814392,0.740026593208313,0.5533167719841003,0.03154244273900986,0.9995903372764587,0.7901235818862915,0.5330843329429626,-0.10606012493371964,0.9998652338981628,0.7571941614151001,0.5528542995452881,0.13765671849250793,0.9998143911361694,0.7570608854293823,0.5918323397636414,-0.008229797706007957,0.9992972612380981,0.7485164403915405,0.5957610011100769,0.06108836084604263,0.998595118522644,0.8451164960861206,0.6146053671836853,-0.24246950447559357,0.9991894364356995,0.7963665723800659,0.6646118760108948,0.3214796185493469,0.9956779479980469,0.6815136075019836,0.5113447308540344,-0.3414042592048645,0.9894100427627563,0.7052541971206665,0.647505521774292,0.5571509599685669,0.30984053015708923,0.5642858743667603,0.5301260352134705,-0.03955671191215515,0.7842137813568115,0.6152908205986023,0.6061059832572937,0.6800743341445923,0.10863279551267624,0.5350251197814941,0.5146097540855408,-0.054532188922166824,0.6259118318557739,0.6335586309432983,0.5790174007415771,0.7069442868232727,0.103470079600811,0.5549167990684509,0.53163081407547,-0.02272150106728077,0.6306314468383789,0.6283354163169861,0.5850592851638794,0.6819616556167603,0.11947935819625854,0.5671356916427612,0.5449783802032471,-0.02386496588587761,0.6233853697776794,0.6319559812545776,0.5967566967010498,0.6643060445785522,0.13079217076301575,0.8566594123840332,1.0316945314407349,-0.16819144785404205,0.9036137461662292,0.8286883234977722,1.0371872186660767,0.16834621131420135,0.8908540606498718,0.8067841529846191,1.0926871299743652,-0.16345155239105225,0.35552623867988586,0.7751156687736511,1.117113471031189,0.19916750490665436,0.17076635360717773,0.8111979365348816,1.3432878255844116,0.03912580758333206,0.08627662062644958,0.7610164284706116,1.3409432172775269,0.2917179465293884,0.04148858040571213,0.8367831110954285,1.3995367288589478,0.05843532830476761,0.1705845445394516,0.7718788385391235,1.3861126899719238,0.29996615648269653,0.10123053193092346,0.7332919836044312,1.3514018058776855,1.543171066487048e-07,0.09243573993444443,0.7005184292793274,1.36325204372406,0.2393992841243744,0.05109907314181328
0.7438768148422241,0.5741584300994873,0.011196983978152275,0.9996492862701416,0.7508350014686584,0.548288881778717,-0.02288735844194889,0.9996979832649231,0.7554194927215576,0.5452503561973572,-0.023008529096841812,0.9997643232345581,0.7603731751441956,0.5420780777931213,-0.023091306909918785,0.9998092651367188,0.7428809404373169,0.5524173378944397,0.030331775546073914,0.9996249675750732,0.741543710231781,0.5527002811431885,0.03034268319606781,0.9994899034500122,0.7401049137115479,0.5533189177513123,0.030277634039521217,0.9995992183685303,0.7902011275291443,0.5330848097801208,-0.10784988105297089,0.9998645782470703,0.7573850154876709,0.5527440905570984,0.1376560926437378,0.9998179078102112,0.7571206092834473,0.5920734405517578,-0.011067855171859264,0.9992927312850952,0.7486585974693298,0.5960543155670166,0.05937771126627922,0.9985988140106201,0.8456771969795227,0.6145334839820862,-0.24370069801807404,0.9991756081581116,0.796387255191803,0.6644020080566406,0.3219960927963257,0.9956348538398743,0.6820663809776306,0.5142470598220825,-0.368595153093338,0.9896554350852966,0.6940445303916931,0.6474822759628296,0.5282373428344727,0.31885018944740295,0.528030276298523,0.5532614588737488,-0.14217618107795715,0.7965303063392639,0.5829508900642395,0.6065351366996765,0.6087378263473511,0.1193961426615715,0.5190306901931763,0.5145794749259949,-0.17082378268241882,0.6446929574012756,0.6005354523658752,0.5776882767677307,0.632053017616272,0.11290895193815231,0.5391520261764526,0.530558705329895,-0.13245467841625214,0.6491239666938782,0.5947936177253723,0.5847060084342957,0.6067522764205933,0.13007910549640656,0.5523869395256042,0.5439055562019348,-0.12569622695446014,0.6410605311393738,0.5999549627304077,0.5964864492416382,0.5912115573883057,0.1413949877023697,0.8567411303520203,1.0321848392486572,-0.16513103246688843,0.9083883762359619,0.8284994959831238,1.037277102470398,0.16533967852592468,0.8955872058868408,0.8098835945129395,1.1644140481948853,-0.1672910451889038,0.33997398614883423,0.7756479382514954,1.174782156944275,0.21531891822814941,0.16300931572914124,0.8124274015426636,1.4345461130142212,0.029945144429802895,0.08096592873334885,0.761620283126831,1.442686676979065,0.29050952196121216,0.039250053465366364,0.8373973965644836,1.491402506828308,0.04760316014289856,0.16109183430671692,0.7732382416725159,1.4910210371017456,0.29445022344589233,0.09463007748126984,0.7375703454017639,1.4483340978622437,-0.023433856666088104,0.08737758547067642,0.7012753486633301,1.4811840057373047,0.20933644473552704,0.04827900975942612
0.7440811395645142,0.5741602182388306,0.008453558199107647,0.9996482133865356,0.7510896921157837,0.5482721328735352,-0.025728711858391762,0.999699056148529,0.7557299137115479,0.5452277064323425,-0.02587452530860901,0.9997642040252686,0.7607782483100891,0.5420449376106262,-0.02598804607987404,0.9998093843460083,0.7430778741836548,0.5523913502693176,0.028635475784540176,0.9996296167373657,0.7417121529579163,0.5526643395423889,0.028652966022491455,0.9994960427284241,0.7402333617210388,0.5532724857330322,0.02856089174747467,0.9996036291122437,0.7910075187683105,0.5329664945602417,-0.10863374173641205,0.9998651146888733,0.7574753165245056,0.5527029037475586,0.1400761902332306,0.9998195767402649,0.757391095161438,0.592146098613739,-0.013376625254750252,0.9992813467979431,0.7488672137260437,0.596136748790741,0.05842770263552666,0.9985918402671814,0.8472118377685547,0.6144565939903259,-0.25262707471847534,0.9991740584373474,0.7963802814483643,0.6644047498703003,0.3235989809036255,0.9956785440444946,0.6824489831924438,0.515862226486206,-0.38092100620269775,0.989945650100708,0.6946669816970825,0.6473979949951172,0.5469029545783997,0.3180067241191864,0.5400159955024719,0.5468334555625916,-0.11641218513250351,0.8048580884933472,0.5938102006912231,0.606979489326477,0.6758235692977905,0.1226886510848999,0.5147811770439148,0.5146319270133972,-0.1414898931980133,0.6560779809951782,0.6043902039527893,0.5771297812461853,0.702985942363739,0.11618481576442719,0.5351001620292664,0.5303806066513062,-0.10582710802555084,0.6603190302848816,0.5965007543563843,0.5842084288597107,0.6829530000686646,0.1336376816034317,0.5491445660591125,0.5436826944351196,-0.09978200495243073,0.6513317823410034,0.6006227731704712,0.5957569479942322,0.6610330939292908,0.1448521763086319,0.8576520085334778,1.0326735973358154,-0.16550303995609283,0.9141988158226013,0.8279763460159302,1.0373444557189941,0.16572347283363342,0.9022951722145081,0.8178002238273621,1.1883658170700073,-0.16312852501869202,0.32553884387016296,0.7764745354652405,1.2032479047775269,0.2193845808506012,0.1589011549949646,0.8163772821426392,1.4589346647262573,0.03782515972852707,0.07613356411457062,0.7617403268814087,1.469476580619812,0.29543861746788025,0.03780645877122879,0.8396099209785461,1.5160720348358154,0.05609257146716118,0.15370826423168182,0.7733592987060547,1.5188127756118774,0.2998400330543518,0.09001968801021576,0.7434489130973816,1.476806640625,-0.02510707452893257,0.08296293020248413,0.7010771036148071,1.5065293312072754,0.2070489376783371,0.04624268040060997
0.7440937757492065,0.5741621851921082,0.028786208480596542,0.9996421933174133,0.7511134743690491,0.5482383370399475,-0.006309644319117069,0.9996926784515381,0.7557665705680847,0.5451644659042358,-0.006457613315433264,0.9997597932815552,0.7608345150947571,0.5419346690177917,-0.006571552250534296,0.9998056888580322,0.7431210279464722,0.5523673892021179,0.04707606881856918,0.9996218681335449,0.7417668700218201,0.5526314377784729,0.04704008251428604,0.9994893074035645,0.7402903437614441,0.5532309412956238,0.04693916067481041,0.9995980262756348,0.7910674810409546,0.5328987836837769,-0.09578566998243332,0.999861478805542,0.7576577663421631,0.5526295900344849,0.14873990416526794,0.9998182058334351,0.7574102282524109,0.5921306014060974,0.004703209735453129,0.999261736869812,0.7488788366317749,0.5961436629295349,0.07512985914945602,0.9985504746437073,0.8480255007743835,0.6141613125801086,-0.23269370198249817,0.9991574883460999,0.7962360382080078,0.6644094586372375,0.32531100511550903,0.9955373406410217,0.6837374567985535,0.5137587189674377,-0.3336387872695923,0.9898098111152649,0.6949275732040405,0.6472123265266418,0.5690291523933411,0.30984121561050415,0.5447506904602051,0.5410612225532532,-0.03707503527402878,0.8026739358901978,0.6291840076446533,0.6056642532348633,0.709787130355835,0.11971905827522278,0.5184690356254578,0.5145809054374695,-0.05089383199810982,0.6536068320274353,0.6187532544136047,0.5770836472511292,0.7410709857940674,0.11424470692873001,0.5381770133972168,0.5303661823272705,-0.016458481550216675,0.6579446792602539,0.6117796301841736,0.5829227566719055,0.7195852994918823,0.1315540075302124,0.5513828992843628,0.5435429215431213,-0.019786670804023743,0.6486623883247375,0.6138509511947632,0.5940781235694885,0.6960787177085876,0.14256031811237335,0.8574854135513306,1.0325820446014404,-0.1654079109430313,0.9145616292953491,0.8280338048934937,1.0367333889007568,0.16562123596668243,0.9016768336296082,0.8148547410964966,1.1573470830917358,-0.16548210382461548,0.3188529908657074,0.7742544412612915,1.1672205924987793,0.20687811076641083,0.15418584644794464,0.8165662884712219,1.4164220094680786,0.03252801299095154,0.07431765645742416,0.7612003684043884,1.412396788597107,0.284087210893631,0.036466628313064575,0.8407317399978638,1.4742714166641235,0.0493132658302784,0.1502774953842163,0.7728937864303589,1.4596928358078003,0.28694576025009155,0.08678294718265533,0.7432559728622437,1.4265859127044678,-0.03141734004020691,0.08137990534305573,0.6999242901802063,1.4419549703598022,0.20084695518016815,0.04496152326464653
0.7443710565567017,0.5739498138427734,0.03553541749715805,0.9995970129966736,0.7516741752624512,0.5481259822845459,-0.0019203501287847757,0.9996672868728638,0.7564432621002197,0.5449973344802856,-0.0021005691960453987,0.9997348189353943,0.7617138028144836,0.5416712164878845,-0.002288535702973604,0.9997892379760742,0.7435171008110046,0.55229252576828,0.0536639504134655,0.9995943307876587,0.7421303391456604,0.5525640249252319,0.05364453047513962,0.9994396567344666,0.7405921816825867,0.5531684756278992,0.05348420888185501,0.9995664954185486,0.7916295528411865,0.5328114032745361,-0.09607551991939545,0.9998499155044556,0.7578818798065186,0.5526263117790222,0.15389786660671234,0.9998008608818054,0.7577807307243347,0.5915610194206238,0.007648645434528589,0.9991914629936218,0.7491987943649292,0.5957152247428894,0.08059601485729218,0.9984130859375,0.8487523198127747,0.6135375499725342,-0.2325296849012375,0.9990806579589844,0.7954978346824646,0.6641112565994263,0.33090654015541077,0.995523989200592,0.695571780204773,0.5100945234298706,-0.30922040343284607,0.9894503951072693,0.6910214424133301,0.6449271440505981,0.6026298403739929,0.3210878372192383,0.6041200757026672,0.5347455143928528,0.04012524336576462,0.7906560897827148,0.6508609056472778,0.6054851412773132,0.7635862231254578,0.12240628153085709,0.5811794400215149,0.5147188901901245,0.03905757516622543,0.6367546916007996,0.6370753645896912,0.5806776285171509,0.7972281575202942,0.1155971810221672,0.6012282371520996,0.531606912612915,0.061648886650800705,0.640408992767334,0.6398439407348633,0.5851348042488098,0.7901600003242493,0.13282297551631927,0.611646831035614,0.5436567068099976,0.05476696416735649,0.632937490940094,0.6435806751251221,0.5945532917976379,0.7558513283729553,0.14363498985767365,0.8593564033508301,1.0319020748138428,-0.16303882002830505,0.9211150407791138,0.822980523109436,1.0364807844161987,0.1630934476852417,0.9099110960960388,0.8252494931221008,1.1997454166412354,-0.1438586264848709,0.31266406178474426,0.7748755216598511,1.2228175401687622,0.2081693857908249,0.15942107141017914,0.828690230846405,1.4642062187194824,0.04913264885544777,0.07038422673940659,0.7693180441856384,1.4819592237472534,0.2770909368991852,0.036052778363227844,0.8507110476493835,1.51914381980896,0.06686404347419739,0.14436662197113037,0.7823653221130371,1.5297274589538574,0.28024816513061523,0.08400537073612213,0.7597492933273315,1.4941589832305908,-0.012938300147652626,0.07749004662036896,0.70916748046875,1.5218408107757568,0.1946205347776413,0.04336515814065933
0.7446785569190979,0.5739263296127319,0.0346590057015419,0.9995584487915039,0.7526003122329712,0.5480614900588989,-0.0023110704496502876,0.9996377825737,0.7575933933258057,0.5449057221412659,-0.0024864019360393286,0.9997074604034424,0.763114869594574,0.541537344455719,-0.00266479654237628,0.9997699856758118,0.7440990209579468,0.5522544980049133,0.05318327620625496,0.999559760093689,0.7426804900169373,0.5525301694869995,0.053176842629909515,0.9993783235549927,0.7410722374916077,0.5531378388404846,0.053013719618320465,0.9995248317718506,0.7928497791290283,0.5328283905982971,-0.0962672084569931,0.9998359084129333,0.7585720419883728,0.55270916223526,0.15659630298614502,0.9997710585594177,0.7583562135696411,0.5915343761444092,0.007472813129425049,0.9991174340248108,0.7495225667953491,0.5957076549530029,0.08030782639980316,0.9982584118843079,0.8502874374389648,0.613538920879364,-0.23245695233345032,0.9989743828773499,0.7933517098426819,0.6638134121894836,0.33505672216415405,0.9954317808151245,0.6972246766090393,0.5072081685066223,-0.31213003396987915,0.9892156720161438,0.687576174736023,0.6441677212715149,0.5972789525985718,0.3326278328895569,0.6066675782203674,0.5268685817718506,0.031921111047267914,0.7808887958526611,0.6453558206558228,0.6057565212249756,0.7387025952339172,0.12497946619987488,0.583076000213623,0.5128940939903259,0.026898285374045372,0.6220598220825195,0.6355098485946655,0.5865201950073242,0.7589489221572876,0.11724694818258286,0.6037420034408569,0.5311616659164429,0.051357198506593704,0.6254619359970093,0.637856125831604,0.5910822153091431,0.7671672701835632,0.13478435575962067,0.6142605543136597,0.542654812335968,0.04661129415035248,0.6196416616439819,0.6415987014770508,0.5978485941886902,0.733392059803009,0.14574669301509857,0.8611879348754883,1.031630039215088,-0.16144388914108276,0.9257036447525024,0.8182950019836426,1.0365327596664429,0.16147781908512115,0.9162091016769409,0.8266574144363403,1.2198091745376587,-0.14925149083137512,0.31832563877105713,0.7746570110321045,1.2479348182678223,0.18957854807376862,0.1682695746421814,0.8295037150382996,1.4853489398956299,0.04803013429045677,0.0691884383559227,0.7694497108459473,1.5108342170715332,0.24225139617919922,0.03688730299472809,0.8511845469474792,1.5394474267959595,0.06023281067609787,0.1443442404270172,0.7824730277061462,1.559800386428833,0.242977112531662,0.0842093676328659,0.7613115310668945,1.5211660861968994,-0.03991343453526497,0.07616536319255829,0.7090734243392944,1.5509816408157349,0.13369333744049072,0.042879458516836166
0.7452889680862427,0.5733507871627808,0.014137628488242626,0.9995010495185852,0.754212498664856,0.5471864938735962,-0.021980224177241325,0.9995855093002319,0.7596210241317749,0.543925940990448,-0.0221579410135746,0.9996632933616638,0.7657386064529419,0.5404390692710876,-0.022391032427549362,0.9997349977493286,0.7449218034744263,0.5516327619552612,0.033959124237298965,0.9995054602622986,0.7433171272277832,0.5520087480545044,0.034003399312496185,0.9992958903312683,0.741502583026886,0.5527368187904358,0.033779729157686234,0.9994608759880066,0.7946958541870117,0.5328091382980347,-0.10405538976192474,0.9998103976249695,0.7588344812393188,0.5527589321136475,0.15151968598365784,0.9997265338897705,0.759289562702179,0.5912222266197205,-0.008229964412748814,0.9989850521087646,0.7498072385787964,0.5955873131752014,0.0654420256614685,0.9979853630065918,0.8547996282577515,0.6136366724967957,-0.23425328731536865,0.9986975193023682,0.789262592792511,0.6640385389328003,0.3342081904411316,0.9951796531677246,0.7058523893356323,0.5076956748962402,-0.3215365707874298,0.9885026216506958,0.6825757622718811,0.6425302028656006,0.57062166929245,0.3492709994316101,0.6063199639320374,0.5247272253036499,0.012842193245887756,0.7606537342071533,0.636858344078064,0.605821967124939,0.6780934929847717,0.12717387080192566,0.5796196460723877,0.5127952098846436,0.003144302871078253,0.5958598256111145,0.6335283517837524,0.5862301588058472,0.6958547830581665,0.11815360188484192,0.6019018888473511,0.5310447216033936,0.03145725280046463,0.5992812514305115,0.6364798545837402,0.5904749631881714,0.6942278146743774,0.13571885228157043,0.6132279634475708,0.5422547459602356,0.028286287561058998,0.5955219268798828,0.6404762864112854,0.5965175628662109,0.6689483523368835,0.14640261232852936,0.862092137336731,1.0317975282669067,-0.16122891008853912,0.9291821122169495,0.8101819157600403,1.037669062614441,0.16125968098640442,0.9215047955513,0.8310546875,1.2303775548934937,-0.15296421945095062,0.32129478454589844,0.7727164030075073,1.2606819868087769,0.23241272568702698,0.1772032529115677,0.8376497030258179,1.4986588954925537,0.04418226331472397,0.06826756149530411,0.7718480825424194,1.5280191898345947,0.31304603815078735,0.03784295916557312,0.8586076498031616,1.5517666339874268,0.059626124799251556,0.14441746473312378,0.7852751016616821,1.575445532798767,0.3160790801048279,0.08343914151191711,0.773054301738739,1.5392930507659912,-0.06568563729524612,0.07493860274553299,0.7158291935920715,1.5761725902557373,0.1909346580505371,0.041928019374608994
0.7459696531295776,0.5721994638442993,0.015497133135795593,0.9995133280754089,0.7549699544906616,0.5460125207901001,-0.020085010677576065,0.9995986223220825,0.7603174448013306,0.5427533388137817,-0.020258918404579163,0.9996716380119324,0.766363799571991,0.5392752289772034,-0.020472830161452293,0.9997426867485046,0.7456269860267639,0.5504862070083618,0.03412436321377754,0.9995216131210327,0.7440107464790344,0.5508952736854553,0.0341300293803215,0.9993140697479248,0.742169976234436,0.5516670942306519,0.03394600376486778,0.9994760751724243,0.7950438857078552,0.5323639512062073,-0.10564690828323364,0.9998155832290649,0.7595441937446594,0.5522928833961487,0.15453121066093445,0.9997299313545227,0.7599995732307434,0.5901639461517334,-0.007280615158379078,0.9990003705024719,0.7504644989967346,0.594743549823761,0.0661381259560585,0.9980238080024719,0.8546215891838074,0.6135503649711609,-0.24139514565467834,0.9986172914505005,0.7891874313354492,0.6626374125480652,0.3389895558357239,0.9951743483543396,0.7093667984008789,0.5118017792701721,-0.3219655752182007,0.987865686416626,0.6820622086524963,0.6411234736442566,0.5748981237411499,0.35826507210731506,0.6221357583999634,0.524977445602417,0.020288335159420967,0.7531030178070068,0.612075924873352,0.6059345006942749,0.678820788860321,0.1324002593755722,0.5994011163711548,0.514090895652771,0.012752173468470573,0.5867831707000732,0.6241182088851929,0.5885825753211975,0.6983419060707092,0.12321878224611282,0.6190658807754517,0.5323137640953064,0.03353337198495865,0.5908733010292053,0.6297776103019714,0.5926507115364075,0.6897467374801636,0.14205807447433472,0.6288804411888123,0.5426146388053894,0.03323695436120033,0.5884255170822144,0.637019157409668,0.5976278185844421,0.6668146848678589,0.15268903970718384,0.8627814054489136,1.0315388441085815,-0.16212919354438782,0.9303444623947144,0.808482825756073,1.0375440120697021,0.16224530339241028,0.9247847199440002,0.8322787284851074,1.2378547191619873,-0.15468525886535645,0.3072451651096344,0.7728420495986938,1.2620972394943237,0.21923890709877014,0.17191839218139648,0.8388434648513794,1.5045639276504517,0.022203464061021805,0.06304711103439331,0.7724094986915588,1.5266867876052856,0.2610539495944977,0.03543029725551605,0.8598977327346802,1.5584098100662231,0.03428139537572861,0.13444574177265167,0.7851756811141968,1.5750560760498047,0.25966253876686096,0.07762406021356583,0.7723731398582458,1.5416080951690674,-0.08381736278533936,0.0697803720831871,0.7165531516075134,1.5689740180969238,0.13508860766887665,0.03915928676724434
0.7461674213409424,0.5727623105049133,0.054441045969724655,0.9995511174201965,0.7552317380905151,0.5466794371604919,0.017719026654958725,0.9996289610862732,0.7606644630432129,0.543437659740448,0.017602261155843735,0.9996954798698425,0.7666906118392944,0.5400151610374451,0.017511550337076187,0.9997620582580566,0.7456788420677185,0.5512316823005676,0.0811995342373848,0.9995593428611755,0.7440587282180786,0.5516673922538757,0.0813613086938858,0.9993670582771301,0.74222332239151,0.5524216890335083,0.08104931563138962,0.9995175004005432,0.7955540418624878,0.5332523584365845,-0.07298209518194199,0.9998294711112976,0.7616761922836304,0.5524235367774963,0.22089461982250214,0.9997491836547852,0.7611657381057739,0.5908224582672119,0.025704577565193176,0.9990735650062561,0.7514553070068359,0.5953759551048279,0.11007436364889145,0.9981688857078552,0.8581271171569824,0.6142018437385559,-0.22756221890449524,0.9986572265625,0.7893961071968079,0.6626442670822144,0.3972928524017334,0.995510995388031,0.7169121503829956,0.5161685347557068,-0.3221905529499054,0.9881519675254822,0.6815574169158936,0.6412811279296875,0.5836433172225952,0.38709086179733276,0.6157991886138916,0.5257818698883057,0.013431472703814507,0.7532302141189575,0.5903950929641724,0.612939715385437,0.6370773911476135,0.1375507265329361,0.5910629034042358,0.5161105990409851,0.0019818712025880814,0.57757568359375,0.5984731912612915,0.6917082071304321,0.6568660140037537,0.1258816421031952,0.6116924285888672,0.5362855792045593,0.029651710763573647,0.5795726776123047,0.6052958965301514,0.6860484480857849,0.6319618821144104,0.14502471685409546,0.6215718388557434,0.54686039686203,0.028558120131492615,0.580114483833313,0.6138919591903687,0.686648428440094,0.6176674365997314,0.15728908777236938,0.8690775036811829,1.0310403108596802,-0.16247649490833282,0.9336200952529907,0.8066388368606567,1.0386216640472412,0.16283616423606873,0.9295629858970642,0.8468291163444519,1.2665841579437256,-0.19990786910057068,0.29199621081352234,0.7771493196487427,1.2872740030288696,0.2546052038669586,0.16752077639102936,0.8565239906311035,1.5324510335922241,-0.09666565805673599,0.05780375003814697,0.7846789360046387,1.5547139644622803,0.3082423210144043,0.03289862722158432,0.8748695254325867,1.5835543870925903,-0.09359030425548553,0.12480796128511429,0.7952784299850464,1.6038299798965454,0.30809175968170166,0.07235371321439743,0.7980026006698608,1.5764195919036865,-0.24404308199882507,0.06409090757369995,0.7387029528617859,1.6009747982025146,0.15917082130908966,0.036197442561388016
0.7467184662818909,0.573595404624939,0.06675000488758087,0.9995847940444946,0.7558122277259827,0.5470260977745056,0.02794213593006134,0.999657154083252,0.7612419724464417,0.5437694787979126,0.02778235450387001,0.9997182488441467,0.7672305703163147,0.5403575897216797,0.027687063440680504,0.999780535697937,0.7461024522781372,0.5516887307167053,0.09205099940299988,0.9995927810668945,0.7444987297058105,0.5521425008773804,0.09218943119049072,0.9994141459465027,0.7426875233650208,0.5529278516769409,0.09196793287992477,0.9995543360710144,0.7960215210914612,0.5335680246353149,-0.07630210369825363,0.9998424649238586,0.7636831998825073,0.5524804592132568,0.21454565227031708,0.9997667074203491,0.7623172402381897,0.5922195911407471,0.03188858926296234,0.9991398453712463,0.7526077032089233,0.5969232320785522,0.11670752614736557,0.9982966184616089,0.857983410358429,0.6144641041755676,-0.22961130738258362,0.9987416863441467,0.7932583093643188,0.6640047430992126,0.40555524826049805,0.995681881904602,0.7168844938278198,0.5161004662513733,-0.32790374755859375,0.9883233308792114,0.6996239423751831,0.6504136919975281,0.6436752080917358,0.3888517916202545,0.6210532188415527,0.5369346141815186,0.010464181192219257,0.756104052066803,0.5953169465065002,0.62836754322052,0.7563919425010681,0.13551336526870728,0.5993938446044922,0.5279073119163513,-0.0012777993688359857,0.5766637325286865,0.6031091213226318,0.6772737503051758,0.7966260313987732,0.12346751242876053,0.6188488006591797,0.5506992936134338,0.0335332490503788,0.5784777402877808,0.6090949773788452,0.6773860454559326,0.7754172086715698,0.14266039431095123,0.6278358697891235,0.561431348323822,0.027746137231588364,0.5779280066490173,0.6167058944702148,0.6819658279418945,0.7412514090538025,0.15498822927474976,0.8741132020950317,1.0313594341278076,-0.1656694859266281,0.9356110692024231,0.8123448491096497,1.0436784029006958,0.16619154810905457,0.9323723316192627,0.8494002223014832,1.2586169242858887,-0.1924310028553009,0.29712575674057007,0.793312668800354,1.2829445600509644,0.23899081349372864,0.1730591505765915,0.8561485409736633,1.5251461267471313,-0.05317379906773567,0.05619962140917778,0.7955693602561951,1.5485825538635254,0.2957429885864258,0.03273170441389084,0.875072181224823,1.5766593217849731,-0.04376644268631935,0.12197104841470718,0.8052711486816406,1.5980448722839355,0.2967988848686218,0.07170853018760681,0.7955107092857361,1.5660934448242188,-0.1578734815120697,0.06220853328704834,0.7469987273216248,1.5903681516647339,0.1611095666885376,0.0353655144572258
0.7484864592552185,0.5753716230392456,0.0675128921866417,0.9995866417884827,0.7575558423995972,0.5482707619667053,0.028731295838952065,0.9996650815010071,0.7628950476646423,0.5451762080192566,0.028574323281645775,0.999721109867096,0.7687389850616455,0.5420158505439758,0.028436636552214622,0.9997861385345459,0.7481118440628052,0.5526666641235352,0.09029361605644226,0.9995987415313721,0.7466691732406616,0.5530427694320679,0.09042055904865265,0.9994130730628967,0.7450377941131592,0.5537756085395813,0.09021724760532379,0.9995607733726501,0.7972427606582642,0.5352265238761902,-0.07852870225906372,0.9998445510864258,0.7675917744636536,0.5527704358100891,0.2028750628232956,0.9997644424438477,0.7644016146659851,0.5952705144882202,0.0317501425743103,0.9991411566734314,0.7548406720161438,0.5991297960281372,0.11335797607898712,0.9982954859733582,0.8595360517501831,0.6147132515907288,-0.2250698059797287,0.9987240433692932,0.7939656376838684,0.6640196442604065,0.3889640271663666,0.9954692125320435,0.7218472957611084,0.5136196613311768,-0.2913108468055725,0.9872260689735413,0.7055319547653198,0.6505469083786011,0.6324843764305115,0.38130760192871094,0.6645938158035278,0.5391887426376343,0.0865684300661087,0.73699551820755,0.6312009692192078,0.648702085018158,0.7520034909248352,0.13187600672245026,0.6526817083358765,0.5329063534736633,0.08427120000123978,0.5554659366607666,0.610837459564209,0.6579272150993347,0.7885830998420715,0.12070459872484207,0.6687196493148804,0.5571338534355164,0.11103995889425278,0.5577583312988281,0.6173387765884399,0.6596774458885193,0.7708373069763184,0.14007748663425446,0.6739739775657654,0.5663751363754272,0.10141201317310333,0.558692216873169,0.6263664960861206,0.6642667055130005,0.7384166717529297,0.15233467519283295,0.8733934164047241,1.0307897329330444,-0.16563954949378967,0.9347605109214783,0.8126035928726196,1.043630599975586,0.16615030169487,0.9333584904670715,0.8481038808822632,1.2497398853302002,-0.14122489094734192,0.2940291464328766,0.7921040058135986,1.2759538888931274,0.23185589909553528,0.17365440726280212,0.8523357510566711,1.5137962102890015,0.0314706414937973,0.053039222955703735,0.7935292720794678,1.537369966506958,0.2902093529701233,0.031316354870796204,0.8721457719802856,1.5652711391448975,0.04409237205982208,0.11532285809516907,0.8040815591812134,1.5852582454681396,0.2916550636291504,0.06803573668003082,0.7909718751907349,1.5545281171798706,-0.05170164257287979,0.05882228910923004,0.7441116571426392,1.5805069208145142,0.17000041902065277,0.03343779966235161
0.7488967180252075,0.5768448114395142,0.05922393128275871,0.9996101260185242,0.758095383644104,0.5489842295646667,0.022977719083428383,0.999686062335968,0.7634477019309998,0.5459188222885132,0.022853564471006393,0.9997369050979614,0.76923668384552,0.5428292751312256,0.022843891754746437,0.999799370765686,0.7485123872756958,0.5533421039581299,0.08842269331216812,0.9996238350868225,0.7470420598983765,0.5536860823631287,0.08862890303134918,0.9994467496871948,0.7453819513320923,0.5543816089630127,0.08831698447465897,0.9995879530906677,0.7978833913803101,0.5359366536140442,-0.08012700080871582,0.9998540878295898,0.7682475447654724,0.552880585193634,0.19692352414131165,0.9997772574424744,0.7651522159576416,0.5968064665794373,0.022853370755910873,0.9991884827613831,0.7553998231887817,0.6002100110054016,0.10837118327617645,0.9983813762664795,0.8610156178474426,0.6160067915916443,-0.22809343039989471,0.9987523555755615,0.7950059175491333,0.6642335653305054,0.38179531693458557,0.9956309199333191,0.7217345237731934,0.5151174664497375,-0.29397574067115784,0.9874697923660278,0.7115615606307983,0.6568782925605774,0.6256924271583557,0.4033029079437256,0.6438759565353394,0.5462872385978699,0.058655548840761185,0.7411960959434509,0.6293004155158997,0.6934269666671753,0.7023404836654663,0.14521795511245728,0.6262653470039368,0.5422580242156982,0.04920017719268799,0.5547658801078796,0.5916084051132202,0.6786279678344727,0.7310166358947754,0.131435826420784,0.6442427635192871,0.5659670233726501,0.07964248210191727,0.5569849610328674,0.5893358588218689,0.682243287563324,0.7025728821754456,0.15294978022575378,0.6519519090652466,0.5742219090461731,0.07418882846832275,0.5603895783424377,0.5992311835289001,0.6779312491416931,0.6829668283462524,0.1666637510061264,0.8745532035827637,1.0305448770523071,-0.1655016541481018,0.937143087387085,0.812884509563446,1.0437055826187134,0.1660715639591217,0.9367521405220032,0.8531215786933899,1.264907717704773,-0.1489085555076599,0.2783123850822449,0.7916480898857117,1.289258599281311,0.23670628666877747,0.16607891023159027,0.8614668846130371,1.5274442434310913,-0.008617241866886616,0.048479121178388596,0.799016535282135,1.552964448928833,0.30435341596603394,0.028788920491933823,0.8796439170837402,1.5765025615692139,-0.0017906378488987684,0.10576196014881134,0.8101662397384644,1.6000033617019653,0.3062644898891449,0.0623939111828804,0.8074390292167664,1.5720136165618896,-0.12873511016368866,0.05381125211715698,0.7548409700393677,1.6011290550231934,0.17858897149562836,0.030622055754065514
0.749963641166687,0.5775682330131531,0.061348479241132736,0.9996287226676941,0.759030282497406,0.549402117729187,0.02245670184493065,0.9997036457061768,0.7642887830734253,0.5462987422943115,0.02230542153120041,0.9997502565383911,0.7699648141860962,0.5431888699531555,0.022226644679903984,0.9998102784156799,0.7497116923332214,0.5538114905357361,0.08513714373111725,0.9996437430381775,0.7483311295509338,0.5541363954544067,0.0852767676115036,0.999473512172699,0.7467336654663086,0.554799497127533,0.08504684269428253,0.9996088743209839,0.7992209196090698,0.5360864400863647,-0.08073969185352325,0.999862015247345,0.7706174850463867,0.5528554916381836,0.19361922144889832,0.9997872114181519,0.7666076421737671,0.5974239706993103,0.025395434349775314,0.9992261528968811,0.7572556734085083,0.6008884310722351,0.1076975017786026,0.9984578490257263,0.8608675003051758,0.617419421672821,-0.23540738224983215,0.9987841248512268,0.7988094091415405,0.6638401746749878,0.37901759147644043,0.9956104755401611,0.7117563486099243,0.5302653312683105,-0.30090194940567017,0.9876231551170349,0.7188209295272827,0.6569358706474304,0.6191514730453491,0.3970092833042145,0.6374145746231079,0.5614203214645386,0.06445987522602081,0.7449701428413391,0.6284228563308716,0.6724327802658081,0.7011138200759888,0.14766612648963928,0.6219910383224487,0.5562700629234314,0.05631713196635246,0.559501588344574,0.5979683995246887,0.6648333668708801,0.7311784029006958,0.13489621877670288,0.6358764171600342,0.5770205855369568,0.08623563498258591,0.5618899464607239,0.5863848924636841,0.676684558391571,0.7045186161994934,0.1574234813451767,0.6437886357307434,0.5853129625320435,0.08141064643859863,0.5654822587966919,0.5866236686706543,0.6764878034591675,0.6827003955841064,0.17161883413791656,0.8733949661254883,1.0305695533752441,-0.16587698459625244,0.9391322135925293,0.8163779377937317,1.0440974235534668,0.1664002239704132,0.9390654563903809,0.8514679074287415,1.2541050910949707,-0.1482848823070526,0.2743139863014221,0.7921197414398193,1.2798500061035156,0.2341538667678833,0.1607993245124817,0.860704243183136,1.5183346271514893,0.004223142750561237,0.045516371726989746,0.796005368232727,1.5415339469909668,0.2867513597011566,0.02711942046880722,0.8792527914047241,1.5696182250976562,0.013557587750256062,0.09986773133277893,0.8070889711380005,1.589440107345581,0.28690892457962036,0.058768775314092636,0.8001554608345032,1.558142900466919,-0.08144789934158325,0.050739679485559464,0.7494359612464905,1.586084246635437,0.1778278350830078,0.02884262427687645
0.7516407370567322,0.5773022770881653,0.04395531862974167,0.9996522068977356,0.7605401277542114,0.5493435263633728,0.007527748588472605,0.9997233748435974,0.7656600475311279,0.5462527871131897,0.0074034519493579865,0.9997661709785461,0.7712458968162537,0.5431400537490845,0.007314862217754126,0.9998229146003723,0.7516003251075745,0.5537121295928955,0.06936738640069962,0.9996664524078369,0.750313401222229,0.5540309548377991,0.06946809589862823,0.9995061159133911,0.748799204826355,0.5546770095825195,0.06926324218511581,0.9996336102485657,0.8001125454902649,0.5358732342720032,-0.08963121473789215,0.9998713731765747,0.7715073823928833,0.5525219440460205,0.18634308874607086,0.9997994899749756,0.7675861120223999,0.5970437526702881,0.010736326687037945,0.9992786645889282,0.7585720419883728,0.6004777550697327,0.09164144843816757,0.9985589385032654,0.8615776300430298,0.6165961623191833,-0.24000325798988342,0.9988587498664856,0.7987732887268066,0.6639000177383423,0.3713032603263855,0.9958335161209106,0.7115832567214966,0.5290976762771606,-0.3226686120033264,0.9883883595466614,0.7166197896003723,0.655495822429657,0.6105011105537415,0.4163975119590759,0.6146381497383118,0.5646572113037109,0.05213909596204758,0.757392168045044,0.6132802963256836,0.6614179015159607,0.7012909650802612,0.15947262942790985,0.5889567732810974,0.5609591007232666,0.0439833365380764,0.5704987645149231,0.5928667187690735,0.6604574918746948,0.7313082814216614,0.14278391003608704,0.6051507592201233,0.582892656326294,0.07303059846162796,0.5723478198051453,0.5879068970680237,0.6675588488578796,0.7058719396591187,0.16637934744358063,0.617118775844574,0.5908172130584717,0.06850593537092209,0.5753383636474609,0.5866149663925171,0.6688418984413147,0.6834206581115723,0.1815793216228485,0.873890221118927,1.0082453489303589,-0.1586543172597885,0.9430819749832153,0.8185731768608093,1.0418378114700317,0.1591237485408783,0.9432883262634277,0.8578965067863464,1.2680199146270752,-0.13591031730175018,0.26728880405426025,0.7981680631637573,1.2908177375793457,0.20530542731285095,0.15994718670845032,0.8655213117599487,1.5293070077896118,0.0137445954605937,0.04283669590950012,0.803536057472229,1.5536116361618042,0.24513503909111023,0.026292169466614723,0.8827903866767883,1.578815221786499,0.022505581378936768,0.09395915269851685,0.8134863972663879,1.5986971855163574,0.2438700944185257,0.05602205917239189,0.8124308586120605,1.5683043003082275,-0.08754907548427582,0.04775265231728554,0.7651053667068481,1.6003669500350952,0.1127219945192337,0.027642816305160522
0.7519116401672363,0.5776252746582031,0.02589108981192112,0.9996617436408997,0.7606070041656494,0.5495876669883728,-0.008083407767117023,0.999732255935669,0.7656863331794739,0.5465260148048401,-0.008227880112826824,0.9997735619544983,0.7712092399597168,0.5434707403182983,-0.008313214406371117,0.999828577041626,0.7517586946487427,0.5538789629936218,0.05024627596139908,0.9996771812438965,0.750527024269104,0.5541630387306213,0.05030680447816849,0.9995235204696655,0.749073326587677,0.5547803044319153,0.05011869594454765,0.999646008014679,0.800092339515686,0.5359013676643372,-0.09626376628875732,0.9998754262924194,0.7717743515968323,0.5524512529373169,0.16890347003936768,0.9998049736022949,0.7678402662277222,0.59743732213974,-0.0022984035313129425,0.9992997050285339,0.7591086626052856,0.6007969975471497,0.07453523576259613,0.9985957741737366,0.8612942695617676,0.6167249083518982,-0.2421795129776001,0.9989038109779358,0.7987260222434998,0.6656420230865479,0.351859450340271,0.9958798885345459,0.7115156054496765,0.5358372926712036,-0.3589601218700409,0.988940417766571,0.7218464016914368,0.6933483481407166,0.6052193641662598,0.4170423746109009,0.5848713517189026,0.5687674283981323,-0.04431416466832161,0.7718981504440308,0.6164906620979309,0.6840941309928894,0.7236617207527161,0.16323673725128174,0.5523072481155396,0.563022792339325,-0.06108485907316208,0.5898206830024719,0.5917739272117615,0.654696524143219,0.7559518814086914,0.1460772305727005,0.5700880885124207,0.5819373726844788,-0.023572837933897972,0.5915325284004211,0.5906980037689209,0.6604336500167847,0.7331475019454956,0.17007973790168762,0.5839279294013977,0.5908916592597961,-0.02609625831246376,0.5927343964576721,0.5896590948104858,0.6793762445449829,0.7081537246704102,0.18531908094882965,0.8754152059555054,1.016159176826477,-0.15393583476543427,0.9456368684768677,0.8184612989425659,1.0422096252441406,0.15444812178611755,0.945682942867279,0.8547042608261108,1.2619096040725708,-0.15249456465244293,0.2610006332397461,0.7975801229476929,1.2842720746994019,0.15611685812473297,0.15845565497875214,0.8616579174995422,1.5257920026779175,-0.023175982758402824,0.040673695504665375,0.8030959963798523,1.5475798845291138,0.17999161779880524,0.025636974722146988,0.8800616264343262,1.5756980180740356,-0.01486084796488285,0.0897674560546875,0.8125110864639282,1.5937591791152954,0.17757679522037506,0.05376465991139412,0.8046826124191284,1.5647106170654297,-0.1314413845539093,0.045654188841581345,0.756953775882721,1.59270179271698,0.04709113389253616,0.026773499324917793
0.7518867254257202,0.5778177380561829,0.00023714301642030478,0.9996711611747742,0.7605668306350708,0.5497055053710938,-0.03205127269029617,0.9997406601905823,0.7656465768814087,0.5466244220733643,-0.03213748335838318,0.9997809529304504,0.7711665630340576,0.5435571670532227,-0.03221302479505539,0.9998343586921692,0.7517157793045044,0.5540089011192322,0.02471284568309784,0.9996881484985352,0.7504710555076599,0.5542752742767334,0.024832217022776604,0.9995402097702026,0.7490048408508301,0.5548736453056335,0.024624789133667946,0.9996566772460938,0.8001164197921753,0.5358313322067261,-0.10762946307659149,0.9998791813850403,0.7715458869934082,0.5521808862686157,0.15382912755012512,0.9998080134391785,0.7677856683731079,0.5975687503814697,-0.02371874451637268,0.9993212223052979,0.7590047121047974,0.6008948087692261,0.05170913413167,0.9986288547515869,0.8617334365844727,0.6175294518470764,-0.2503090798854828,0.998950719833374,0.7935193181037903,0.667214035987854,0.340593159198761,0.9960401654243469,0.7115957140922546,0.5454179644584656,-0.36726662516593933,0.9896646738052368,0.7195461392402649,0.7081466317176819,0.5969463586807251,0.43958792090415955,0.5868938565254211,0.5700917840003967,-0.048228636384010315,0.783566415309906,0.622784435749054,0.6889646649360657,0.7265152335166931,0.16918262839317322,0.5557593703269958,0.5658467411994934,-0.06500907987356186,0.5998315811157227,0.5961380004882812,0.6699737906455994,0.7572026252746582,0.14969685673713684,0.5750712156295776,0.5836508274078369,-0.03394170477986336,0.6005899310112,0.5932749509811401,0.6627874374389648,0.7391202449798584,0.1735103875398636,0.5884209275245667,0.5922374129295349,-0.032478343695402145,0.6027517318725586,0.594613790512085,0.6772515773773193,0.7127562165260315,0.18974019587039948,0.8761031031608582,1.0222229957580566,-0.15259474515914917,0.9495014548301697,0.8123363256454468,1.0426124334335327,0.15324650704860687,0.9495371580123901,0.8561761975288391,1.2790862321853638,-0.15690039098262787,0.24449147284030914,0.7950656414031982,1.296047568321228,0.1966935396194458,0.15138812363147736,0.8638227581977844,1.5415846109390259,-0.039847299456596375,0.0372873954474926,0.8006057739257812,1.5589925050735474,0.2490246295928955,0.023690853267908096,0.8821815252304077,1.5899157524108887,-0.03332827612757683,0.08301327377557755,0.8103883862495422,1.6036456823349,0.2479313611984253,0.04967736825346947,0.8091556429862976,1.5848867893218994,-0.17064587771892548,0.04190432280302048,0.7612571120262146,1.6099380254745483,0.05258268117904663,0.024576593190431595
0.7513033747673035,0.5779393315315247,-0.004346713423728943,0.9996768832206726,0.760086178779602,0.5497148633003235,-0.038086824119091034,0.9997434020042419,0.765152096748352,0.546634316444397,-0.03820063918828964,0.9997830986976624,0.7705232501029968,0.5435745716094971,-0.03824044018983841,0.9998359680175781,0.7514142394065857,0.5540093183517456,0.02092459797859192,0.999691367149353,0.7502807974815369,0.5542703866958618,0.021009134128689766,0.999546229839325,0.7489163875579834,0.5548599362373352,0.02081032656133175,0.9996594190597534,0.799911618232727,0.535823404788971,-0.11919430643320084,0.9998806118965149,0.7715440988540649,0.5516356825828552,0.15260125696659088,0.9998086094856262,0.7674381732940674,0.5977621078491211,-0.02966073714196682,0.9993206262588501,0.758814811706543,0.6010458469390869,0.04869413375854492,0.9986224174499512,0.8616123199462891,0.6181752681732178,-0.271946519613266,0.9990084767341614,0.7934691309928894,0.6685293912887573,0.34345296025276184,0.9962065815925598,0.709614634513855,0.5467681884765625,-0.4207417070865631,0.990430474281311,0.7219210863113403,0.7078197598457336,0.5981072187423706,0.45936065912246704,0.5733405947685242,0.5717621445655823,-0.14573238790035248,0.8018126487731934,0.6253539323806763,0.6850407123565674,0.7279044389724731,0.19620059430599213,0.5397149324417114,0.566891074180603,-0.17768093943595886,0.6285640001296997,0.5965124368667603,0.6667599081993103,0.7569077014923096,0.17067211866378784,0.5581440329551697,0.5846685767173767,-0.140605628490448,0.6288944482803345,0.594752848148346,0.6619108319282532,0.7382475137710571,0.19570666551589966,0.5595142841339111,0.5903285145759583,-0.12925393879413605,0.6301957964897156,0.5963384509086609,0.671984076499939,0.7129337787628174,0.21338814496994019,0.8769780993461609,1.0263028144836426,-0.1568426787853241,0.9528075456619263,0.8125314712524414,1.043891191482544,0.1576397716999054,0.9528692960739136,0.8562759160995483,1.2770365476608276,-0.15556086599826813,0.2278827577829361,0.794131875038147,1.2959399223327637,0.24041089415550232,0.14277471601963043,0.8660845756530762,1.5377049446105957,-0.00855410099029541,0.03408464416861534,0.8006930351257324,1.5561978816986084,0.32313597202301025,0.021881103515625,0.8857749700546265,1.5858685970306396,0.0016243126010522246,0.07610087841749191,0.8110682368278503,1.600378394126892,0.32695189118385315,0.04569551348686218,0.8109009861946106,1.5784868001937866,-0.15048055350780487,0.03844056650996208,0.7621690630912781,1.6053699254989624,0.18844954669475555,0.022664131596684456
0.7512830495834351,0.5779603719711304,-0.03037026897072792,0.9996880888938904,0.7600146532058716,0.5497554540634155,-0.06416810303926468,0.9997515082359314,0.7650723457336426,0.5466514825820923,-0.0642317607998848,0.9997889399528503,0.7704110741615295,0.5435778498649597,-0.0642300546169281,0.9998406171798706,0.7513796091079712,0.5541368722915649,-0.00439628167077899,0.9997003078460693,0.75025475025177,0.554435133934021,-0.004268870688974857,0.9995594620704651,0.7488600015640259,0.5550724864006042,-0.004433454014360905,0.9996685981750488,0.7998932600021362,0.5357521176338196,-0.14353445172309875,0.9998840093612671,0.7716178894042969,0.5516220927238464,0.1335095912218094,0.9998133182525635,0.7674435973167419,0.5976424813270569,-0.05448589473962784,0.9993436336517334,0.7588065266609192,0.6010177731513977,0.025156551972031593,0.9986631870269775,0.8615862727165222,0.6181547045707703,-0.29816409945487976,0.9990831017494202,0.7934401035308838,0.6684563755989075,0.3370322585105896,0.9964661002159119,0.7210885882377625,0.5815725326538086,-0.45998868346214294,0.9912467002868652,0.7133148312568665,0.6886881589889526,0.5870245099067688,0.4922431409358978,0.5666322112083435,0.5710690021514893,-0.20552468299865723,0.8199875950813293,0.6252193450927734,0.6795725226402283,0.7085393667221069,0.2418917566537857,0.5306276082992554,0.5665727853775024,-0.24480068683624268,0.6594647765159607,0.592828631401062,0.663525402545929,0.7335197925567627,0.2082880735397339,0.546242892742157,0.5840030312538147,-0.20320551097393036,0.6594109535217285,0.5917395353317261,0.6596068739891052,0.7124775648117065,0.23458994925022125,0.5541903376579285,0.5890610814094543,-0.1878904104232788,0.659942626953125,0.5919935703277588,0.6709137558937073,0.6913825273513794,0.25355929136276245,0.8809515237808228,1.0282477140426636,-0.15824425220489502,0.9563568830490112,0.8126493692398071,1.0438742637634277,0.15923967957496643,0.9563729166984558,0.8643674850463867,1.285054326057434,-0.1255606710910797,0.20867608487606049,0.7944857478141785,1.298505425453186,0.26575446128845215,0.1316329687833786,0.8744601011276245,1.540140151977539,0.06943254917860031,0.03085945174098015,0.8023781776428223,1.5532556772232056,0.38830995559692383,0.019884075969457626,0.8932209014892578,1.5858997106552124,0.08283759653568268,0.06889472156763077,0.8122875094413757,1.5972949266433716,0.3964463472366333,0.04150152578949928,0.8251226544380188,1.5811054706573486,-0.06659677624702454,0.03485539183020592,0.7701538801193237,1.6040701866149902,0.25605735182762146,0.02062261663377285
0.7512472867965698,0.5762891173362732,-0.03385106101632118,0.9997004270553589,0.7599404454231262,0.5486931204795837,-0.06617079675197601,0.9997599720954895,0.7650154232978821,0.5455183386802673,-0.06624865531921387,0.9997953772544861,0.7703615427017212,0.5423741936683655,-0.06624998897314072,0.9998456239700317,0.7512543797492981,0.553283154964447,-0.00776922982186079,0.9997100830078125,0.7501033544540405,0.5536803603172302,-0.007654090411961079,0.9995741844177246,0.7487000226974487,0.5544120073318481,-0.007810668088495731,0.9996785521507263,0.7998781800270081,0.5345134735107422,-0.14234164357185364,0.999888002872467,0.7715659141540527,0.5508091449737549,0.1294528692960739,0.9998185038566589,0.76740962266922,0.5950077772140503,-0.05696488544344902,0.9993708729743958,0.7587751150131226,0.5992166996002197,0.020979659631848335,0.9987124800682068,0.8609763383865356,0.6179931163787842,-0.2960866689682007,0.9991508722305298,0.7934590578079224,0.667627215385437,0.33421140909194946,0.996694028377533,0.7239437103271484,0.5862399339675903,-0.45442432165145874,0.9920000433921814,0.7116286158561707,0.6764277219772339,0.5734345316886902,0.5214031934738159,0.5626141428947449,0.5696065425872803,-0.20881152153015137,0.8366554975509644,0.6130059361457825,0.677263081073761,0.6769399046897888,0.2813047170639038,0.5258960723876953,0.5648096799850464,-0.24995115399360657,0.6881438493728638,0.5934774279594421,0.6617912650108337,0.6979221701622009,0.2396034598350525,0.5439039468765259,0.5823583602905273,-0.2089584618806839,0.6877908110618591,0.5919429063796997,0.6559123396873474,0.6758749485015869,0.26669031381607056,0.550845205783844,0.5879534482955933,-0.19159731268882751,0.6877261996269226,0.5939944982528687,0.6645861864089966,0.6588283777236938,0.2868931293487549,0.8814694285392761,1.0283124446868896,-0.1584068238735199,0.9596933126449585,0.8129051327705383,1.042999505996704,0.15946322679519653,0.9596095681190491,0.8636770248413086,1.2827327251434326,-0.1278468817472458,0.19231420755386353,0.7940288782119751,1.2979928255081177,0.26791802048683167,0.1221136674284935,0.8729780316352844,1.5388646125793457,0.06504011899232864,0.02799309603869915,0.8013062477111816,1.5523293018341064,0.3842185139656067,0.01812642253935337,0.8917773365974426,1.5844531059265137,0.07839791476726532,0.062486015260219574,0.8113657236099243,1.5953892469406128,0.3913913071155548,0.03777611255645752,0.8231102228164673,1.5797879695892334,-0.06677105277776718,0.031666744500398636,0.7675852179527283,1.6039756536483765,0.2489335834980011,0.018818898126482964
0.7511637806892395,0.5762931704521179,-0.03805633261799812,0.9997121095657349,0.7598455548286438,0.5486970543861389,-0.06956715881824493,0.9997671246528625,0.7649263739585876,0.5455208420753479,-0.06965069472789764,0.9998012781143188,0.770270049571991,0.5423679947853088,-0.06964686512947083,0.999849796295166,0.7511743307113647,0.553304135799408,-0.012551585212349892,0.9997184872627258,0.7500301599502563,0.5537111163139343,-0.012448044493794441,0.9995874166488647,0.7486499547958374,0.5544505715370178,-0.012588120996952057,0.9996862411499023,0.7998663783073425,0.5344291925430298,-0.14198333024978638,0.9998912811279297,0.7714787125587463,0.5507549047470093,0.12295398861169815,0.9998223185539246,0.7673923969268799,0.5947855710983276,-0.05913781374692917,0.9993909001350403,0.7587593793869019,0.5990882515907288,0.01684911735355854,0.9987529516220093,0.8601600527763367,0.6178722381591797,-0.2923576235771179,0.9992102384567261,0.7934783101081848,0.6673634052276611,0.3268546462059021,0.9968688488006592,0.7224514484405518,0.5841928720474243,-0.4568200707435608,0.9926638007164001,0.7088874578475952,0.6714394092559814,0.5616100430488586,0.5449591875076294,0.5631223320960999,0.5689899325370789,-0.23494121432304382,0.8518437147140503,0.6085015535354614,0.6686925888061523,0.6742694973945618,0.31802722811698914,0.5264773964881897,0.5639808177947998,-0.27710458636283875,0.7149980068206787,0.5936086177825928,0.6595874428749084,0.6969456076622009,0.26884913444519043,0.5458167195320129,0.5815355181694031,-0.23761728405952454,0.7144256830215454,0.5911898612976074,0.6497464776039124,0.676484227180481,0.2962566018104553,0.5549165606498718,0.5874802470207214,-0.2182333767414093,0.7136344313621521,0.5915493965148926,0.6532688140869141,0.6574422121047974,0.31717726588249207,0.8813046216964722,1.0275721549987793,-0.15702389180660248,0.9626798033714294,0.812976062297821,1.0413395166397095,0.15797159075737,0.9625427722930908,0.8636722564697266,1.2788543701171875,-0.12298299372196198,0.17972180247306824,0.7949599027633667,1.2955573797225952,0.25867196917533875,0.11533550918102264,0.873069167137146,1.5386924743652344,0.06819205731153488,0.02563629113137722,0.8005026578903198,1.55130136013031,0.35053592920303345,0.016861775889992714,0.8920575380325317,1.5817950963974,0.08204632997512817,0.05728183686733246,0.8106564283370972,1.5951141119003296,0.3551391363143921,0.03487062826752663,0.82237309217453,1.5794912576675415,-0.054994553327560425,0.02913040481507778,0.7649157643318176,1.6034142971038818,0.22467723488807678,0.017510665580630302
0.7511397004127502,0.5758567452430725,-0.03093809261918068,0.9997179508209229,0.7598218321800232,0.5484537482261658,-0.06258157640695572,0.9997686147689819,0.7649030685424805,0.5452696681022644,-0.06267239898443222,0.9998018145561218,0.770249605178833,0.5420913696289062,-0.06268469989299774,0.9998499751091003,0.7511415481567383,0.5530737638473511,-0.005656634457409382,0.9997196793556213,0.7499886751174927,0.5534970760345459,-0.0055673373863101006,0.9995894432067871,0.7486080527305603,0.5542437434196472,-0.005693583749234676,0.9996855854988098,0.7998659014701843,0.534238874912262,-0.13684585690498352,0.9998917579650879,0.771435022354126,0.5505341291427612,0.12739920616149902,0.9998218417167664,0.7673435807228088,0.5937519073486328,-0.05235080048441887,0.9993952512741089,0.7587375044822693,0.5983099341392517,0.023473186418414116,0.998766303062439,0.8590545654296875,0.6174601912498474,-0.28592178225517273,0.9992589950561523,0.7944634556770325,0.6671749353408813,0.3296658396720886,0.9970187544822693,0.724725067615509,0.5860469341278076,-0.4375866949558258,0.9932382702827454,0.7088648080825806,0.6706855893135071,0.5467784404754639,0.5670687556266785,0.5653716921806335,0.5694665908813477,-0.2117162048816681,0.8653546571731567,0.6196935176849365,0.6671134829521179,0.633054792881012,0.3530178368091583,0.5302387475967407,0.5638333559036255,-0.2537350058555603,0.738837480545044,0.5940876007080078,0.6545153856277466,0.6520233154296875,0.29644325375556946,0.5490561127662659,0.5811172127723694,-0.2134566605091095,0.7380624413490295,0.5907843708992004,0.6433472037315369,0.6298254728317261,0.32400497794151306,0.5584853887557983,0.5871651768684387,-0.19468441605567932,0.7365517020225525,0.5905365943908691,0.6453201174736023,0.6149210929870605,0.34529489278793335,0.8810952305793762,1.0267399549484253,-0.1566954404115677,0.9649864435195923,0.8168624043464661,1.0402052402496338,0.1575232297182083,0.964785635471344,0.8625839948654175,1.2656664848327637,-0.1254919171333313,0.17242492735385895,0.8004857301712036,1.2864660024642944,0.2528969645500183,0.11185784637928009,0.8717758059501648,1.521841287612915,0.07175152748823166,0.023951159790158272,0.8009421229362488,1.5406602621078491,0.34319478273391724,0.01618798077106476,0.890877902507782,1.5676419734954834,0.08686298877000809,0.053623758256435394,0.8114547729492188,1.585497498512268,0.3482806980609894,0.03317927196621895,0.8199227452278137,1.5550389289855957,-0.03521161526441574,0.027393639087677002,0.7641807794570923,1.5829704999923706,0.22678694128990173,0.016830669716000557
0.7510966658592224,0.5758515000343323,-0.033553846180438995,0.9997324347496033,0.7598049640655518,0.5484143495559692,-0.06258469074964523,0.999778687953949,0.7648813724517822,0.5451738834381104,-0.06268028169870377,0.9998105764389038,0.7702570557594299,0.5419023036956787,-0.06271640956401825,0.9998564720153809,0.7509626150131226,0.5530786514282227,-0.0068731107749044895,0.9997329711914062,0.7496756315231323,0.5535258054733276,-0.006803319789469242,0.9996088743209839,0.7481489777565002,0.5543116927146912,-0.006949139293283224,0.9996986985206604,0.799859881401062,0.5340585112571716,-0.13508997857570648,0.9998969435691833,0.7703403830528259,0.5506545305252075,0.13013580441474915,0.9998292326927185,0.7673166990280151,0.5935487747192383,-0.05226447060704231,0.9994239807128906,0.7586721181869507,0.5981397032737732,0.022148456424474716,0.998820424079895,0.8594905734062195,0.6173202395439148,-0.2836940884590149,0.9993136525154114,0.7944275736808777,0.6671680808067322,0.3318847715854645,0.997174084186554,0.7315712571144104,0.5805824398994446,-0.4314420223236084,0.9938055872917175,0.709854006767273,0.6701508164405823,0.5543383955955505,0.5880681872367859,0.5655642747879028,0.56807941198349,-0.19425508379936218,0.8775768876075745,0.6277121305465698,0.666441798210144,0.6494465470314026,0.3802873492240906,0.5338811278343201,0.5635657906532288,-0.23349761962890625,0.7598631381988525,0.5945056676864624,0.6535471677780151,0.6690866351127625,0.31685808300971985,0.5527831315994263,0.5808258056640625,-0.19535598158836365,0.7589324712753296,0.5911394357681274,0.6412800550460815,0.6511363387107849,0.3443771004676819,0.5620062947273254,0.5870568156242371,-0.17768442630767822,0.7568797469139099,0.5912840366363525,0.6432926058769226,0.6330739259719849,0.36602872610092163,0.880853533744812,1.0262287855148315,-0.15715603530406952,0.9677219986915588,0.8165472149848938,1.0397838354110718,0.15796861052513123,0.9674232006072998,0.8620556592941284,1.2650094032287598,-0.13358263671398163,0.16784654557704926,0.799562931060791,1.2862457036972046,0.2770860195159912,0.10767040401697159,0.8711854815483093,1.5212323665618896,0.04203930124640465,0.02238323725759983,0.8008251190185547,1.5406237840652466,0.3901452422142029,0.015282549895346165,0.8900065422058105,1.5675972700119019,0.055633027106523514,0.05028851330280304,0.8111518621444702,1.5854535102844238,0.39765024185180664,0.030979035422205925,0.8153497576713562,1.5548673868179321,-0.07088058441877365,0.025727445259690285,0.7586662173271179,1.582929253578186,0.2750328481197357,0.015888143330812454
0.7505143880844116,0.5758622288703918,-0.03223505616188049,0.9997358322143555,0.7590352296829224,0.5484752058982849,-0.060897987335920334,0.999779999256134,0.7641831636428833,0.5452131032943726,-0.060992397367954254,0.9998114109039307,0.7696214914321899,0.5419295430183411,-0.06104563549160957,0.9998569488525391,0.7502031922340393,0.5531833171844482,-0.00603924784809351,0.9997342824935913,0.7489005327224731,0.5536458492279053,-0.005963352508842945,0.999610185623169,0.7474124431610107,0.5544319748878479,-0.006089930888265371,0.9996974468231201,0.7996953725814819,0.5340550541877747,-0.1341378390789032,0.9998982548713684,0.7696806192398071,0.5506938099861145,0.12881968915462494,0.9998290538787842,0.7670086622238159,0.593535840511322,-0.050643473863601685,0.9994313716888428,0.7583197355270386,0.5980274677276611,0.022715041413903236,0.9988279342651367,0.8594843149185181,0.6168613433837891,-0.2784947156906128,0.9993601441383362,0.7944321036338806,0.6673265099525452,0.32831424474716187,0.9972718358039856,0.7347432374954224,0.5775113701820374,-0.4256490170955658,0.9943040609359741,0.7108635902404785,0.6701252460479736,0.5549304485321045,0.6001402735710144,0.568095326423645,0.5628282427787781,-0.1832951307296753,0.8883625268936157,0.6326465010643005,0.6660391092300415,0.6587393879890442,0.40288886427879333,0.5352833867073059,0.5588837265968323,-0.22005602717399597,0.7784124612808228,0.5947610139846802,0.6530105471611023,0.67957603931427,0.3348042368888855,0.5548434257507324,0.5804980397224426,-0.18261143565177917,0.7773668169975281,0.5914110541343689,0.6402915716171265,0.6613688468933105,0.3622702956199646,0.5639671087265015,0.5866924524307251,-0.16684648394584656,0.7747304439544678,0.5917404294013977,0.6424957513809204,0.6426363587379456,0.38380852341651917,0.8787541389465332,1.0246391296386719,-0.15714131295681,0.9698646068572998,0.8171669244766235,1.0373685359954834,0.15789155662059784,0.9693751931190491,0.8588415384292603,1.248496651649475,-0.13366363942623138,0.16879065334796906,0.8010256886482239,1.2730942964553833,0.26825428009033203,0.10883163660764694,0.8690670132637024,1.5067347288131714,0.047435544431209564,0.021730627864599228,0.8004404306411743,1.526405930519104,0.3796302080154419,0.015265107154846191,0.889396071434021,1.5553832054138184,0.06208210438489914,0.04887684807181358,0.8111381530761719,1.5726417303085327,0.3847554922103882,0.030452650040388107,0.8094947934150696,1.5389792919158936,-0.04793054237961769,0.02504771575331688,0.7529903650283813,1.5640778541564941,0.24691633880138397,0.015719842165708542
0.7505247592926025,0.5757452845573425,-0.029030004516243935,0.999736487865448,0.7590471506118774,0.5484277009963989,-0.05819150060415268,0.9997784495353699,0.7642081379890442,0.5451446175575256,-0.05828779935836792,0.9998108744621277,0.7696965932846069,0.5418239235877991,-0.05833753943443298,0.9998558759689331,0.7501949071884155,0.5531800389289856,-0.003484837245196104,0.9997337460517883,0.7488831877708435,0.5536490082740784,-0.0034285984002053738,0.9996102452278137,0.7473917603492737,0.5544421672821045,-0.003557927208021283,0.9996943473815918,0.7997637987136841,0.5340478420257568,-0.12197358906269073,0.9998982548713684,0.7695260643959045,0.5509964823722839,0.12749430537223816,0.9998294711112976,0.7670862078666687,0.5933637022972107,-0.048327989876270294,0.9994369745254517,0.7582845687866211,0.5979242920875549,0.024718567728996277,0.9988325834274292,0.8589426875114441,0.616824209690094,-0.2633231282234192,0.9994047284126282,0.7945185899734497,0.667603075504303,0.3265291154384613,0.9973686337471008,0.735149621963501,0.5755212306976318,-0.4056486487388611,0.9947912693023682,0.7116981744766235,0.6701251268386841,0.5495426654815674,0.618218719959259,0.5697927474975586,0.5610243082046509,-0.1711852252483368,0.8983655571937561,0.6344929337501526,0.6657454967498779,0.6550570726394653,0.4285195469856262,0.5370590686798096,0.5561714768409729,-0.20565147697925568,0.7959761023521423,0.5947255492210388,0.6515184044837952,0.6752057075500488,0.3538859784603119,0.5550593733787537,0.5801619291305542,-0.16888770461082458,0.7947231531143188,0.5910996794700623,0.63880455493927,0.6595292091369629,0.3802829384803772,0.5642402172088623,0.5855991244316101,-0.15464705228805542,0.7917881608009338,0.5925232768058777,0.6414138078689575,0.640524685382843,0.40184682607650757,0.876083493232727,1.0243488550186157,-0.15593762695789337,0.9723184108734131,0.8191503286361694,1.0372419357299805,0.15649506449699402,0.9716396331787109,0.8535968065261841,1.2346439361572266,-0.13440489768981934,0.1753254532814026,0.8017628788948059,1.2612991333007812,0.2761261761188507,0.10912517458200455,0.8674443364143372,1.4939124584197998,0.042745016515254974,0.02169838175177574,0.8003906011581421,1.510237216949463,0.3952210545539856,0.015177831053733826,0.8888913989067078,1.5451143980026245,0.058087099343538284,0.04895305261015892,0.812031626701355,1.5572667121887207,0.40391355752944946,0.03014303185045719,0.7990427017211914,1.5235340595245361,-0.05186915397644043,0.024883730337023735,0.7470658421516418,1.5457934141159058,0.30406898260116577,0.015532474033534527
0.7503637075424194,0.5756619572639465,-0.028574924916028976,0.9997451901435852,0.7589939832687378,0.5484269261360168,-0.05768955498933792,0.9997856616973877,0.7641717791557312,0.5451428294181824,-0.05778881907463074,0.9998167157173157,0.7696745991706848,0.5418207049369812,-0.05783272534608841,0.999860405921936,0.7501079440116882,0.5531824231147766,-0.0032889347057789564,0.9997419714927673,0.748787522315979,0.5536543726921082,-0.003211845178157091,0.9996218085289001,0.7472888231277466,0.5544508099555969,-0.0033621396869421005,0.9997029304504395,0.7997246980667114,0.5340455770492554,-0.12259691953659058,0.9999018907546997,0.7690879702568054,0.5510967969894409,0.1281011700630188,0.9998350143432617,0.7668650150299072,0.5932603478431702,-0.04751555621623993,0.9994556903839111,0.7579268217086792,0.5978075265884399,0.02506309188902378,0.9988681077957153,0.858323872089386,0.616580069065094,-0.2651718854904175,0.999437153339386,0.7943878173828125,0.6674705147743225,0.32674354314804077,0.9974809288978577,0.7336010932922363,0.5754421949386597,-0.4063724875450134,0.9951494336128235,0.71162348985672,0.6682888269424438,0.561312198638916,0.631192684173584,0.5699829459190369,0.5590861439704895,-0.15360970795154572,0.9065107107162476,0.6346065402030945,0.6616440415382385,0.6842440366744995,0.4439215064048767,0.535825788974762,0.5544269680976868,-0.18936219811439514,0.8087660074234009,0.5942742824554443,0.645863950252533,0.7057814002037048,0.36529526114463806,0.5547164678573608,0.5782819986343384,-0.15246829390525818,0.8073119521141052,0.5903080701828003,0.6333515048027039,0.6885982751846313,0.3920275568962097,0.5639514923095703,0.5829488039016724,-0.13728395104408264,0.8041317462921143,0.5930807590484619,0.6346435546875,0.668792724609375,0.41436612606048584,0.8758963346481323,1.0241941213607788,-0.15662576258182526,0.9742200374603271,0.8178366422653198,1.0368071794509888,0.15722838044166565,0.9735315442085266,0.8536039590835571,1.2419617176055908,-0.1346493512392044,0.16757144033908844,0.79845130443573,1.2664189338684082,0.27436497807502747,0.10484426468610764,0.8671504855155945,1.5000361204147339,0.04228901118040085,0.02005624584853649,0.8002786636352539,1.5165072679519653,0.384718120098114,0.014191892929375172,0.8886129260063171,1.5492254495620728,0.057315122336149216,0.04542085528373718,0.8119810819625854,1.560804843902588,0.3921634554862976,0.02806752733886242,0.8016963005065918,1.534451961517334,-0.06222138926386833,0.023023521527647972,0.7495308518409729,1.5604326725006104,0.27637118101119995,0.014474594034254551
0.7503522634506226,0.575739860534668,-0.02695116400718689,0.9997596740722656,0.7589861154556274,0.5486142039299011,-0.05505364015698433,0.9997974038124084,0.7641679048538208,0.5453025102615356,-0.05516575649380684,0.9998267889022827,0.7696775197982788,0.5419390201568604,-0.055213235318660736,0.9998682141304016,0.7500975728034973,0.5534799098968506,-0.0005324857775121927,0.9997560977935791,0.7487486600875854,0.5540211200714111,-0.00045181476161815226,0.9996417760848999,0.7472039461135864,0.5548725724220276,-0.0006156890303827822,0.999717652797699,0.7994385361671448,0.5341134667396545,-0.11917747557163239,0.9999077320098877,0.7675679922103882,0.5520581603050232,0.13510039448738098,0.9998430013656616,0.7668530344963074,0.5932608246803284,-0.04515167698264122,0.9994861483573914,0.7578648328781128,0.5978038311004639,0.027769163250923157,0.9989267587661743,0.8580904006958008,0.616448163986206,-0.2647305130958557,0.9994772672653198,0.7939577698707581,0.6669057011604309,0.33643215894699097,0.9976129531860352,0.7326101064682007,0.5755907893180847,-0.40494871139526367,0.9955240488052368,0.7097106575965881,0.6667353510856628,0.5626171231269836,0.6482928991317749,0.5783997178077698,0.5662609338760376,-0.14803765714168549,0.9144203662872314,0.633846640586853,0.6603795886039734,0.6744524240493774,0.46181002259254456,0.5367194414138794,0.5541561841964722,-0.18485388159751892,0.8219015598297119,0.5919841527938843,0.6439355611801147,0.6942130327224731,0.3778860867023468,0.554176926612854,0.5770118236541748,-0.14843125641345978,0.8202689290046692,0.587610125541687,0.6316047310829163,0.6773198843002319,0.404641330242157,0.5636299848556519,0.5816408395767212,-0.13149814307689667,0.816887617111206,0.5920366048812866,0.63321852684021,0.6588736772537231,0.4275989830493927,0.8758474588394165,1.0233720541000366,-0.1568366140127182,0.9762955904006958,0.8165712356567383,1.036538004875183,0.15747235715389252,0.9755998849868774,0.8561646342277527,1.245597243309021,-0.14664790034294128,0.1623172163963318,0.7986236810684204,1.2723262310028076,0.291435569524765,0.1008467897772789,0.8703354597091675,1.5020347833633423,0.008811433799564838,0.018660955131053925,0.8024264574050903,1.5213748216629028,0.4146493375301361,0.013344124890863895,0.8916593790054321,1.5502616167068481,0.020416513085365295,0.04253651574254036,0.8139947056770325,1.565230131149292,0.423545777797699,0.026279186829924583,0.8091623187065125,1.5395928621292114,-0.10753343254327774,0.021448267623782158,0.7552334666252136,1.5660147666931152,0.3046870827674866,0.01357374805957079
0.750346302986145,0.5758789777755737,-0.030661115422844887,0.9997563362121582,0.7590059041976929,0.548738420009613,-0.05808942764997482,0.9997938275337219,0.7642163038253784,0.5453488230705261,-0.058189086616039276,0.9998235702514648,0.7697770595550537,0.5419413447380066,-0.05826420709490776,0.9998656511306763,0.7500878572463989,0.5539238452911377,-0.004306393209844828,0.9997529983520508,0.7487214207649231,0.5546095967292786,-0.004226895980536938,0.9996361136436462,0.7471511363983154,0.5555896162986755,-0.004347655456513166,0.9997109770774841,0.7994334101676941,0.5341113209724426,-0.11904670298099518,0.999906599521637,0.7673564553260803,0.5528296828269958,0.1333644688129425,0.9998385310173035,0.766900897026062,0.5932596325874329,-0.046371713280677795,0.9994778633117676,0.7578383088111877,0.5978296399116516,0.025758858770132065,0.9989062547683716,0.8577626347541809,0.6160993576049805,-0.2648121118545532,0.9995020031929016,0.7937285900115967,0.6676309108734131,0.3363853096961975,0.9976494312286377,0.7320975661277771,0.5748794674873352,-0.40918463468551636,0.9958339333534241,0.7096918821334839,0.6671848297119141,0.5643288493156433,0.6529778242111206,0.5810613632202148,0.5686561465263367,-0.16113965213298798,0.9210355877876282,0.6338484287261963,0.6594530940055847,0.683273196220398,0.4738663136959076,0.5369699597358704,0.552565336227417,-0.1958044469356537,0.8329454660415649,0.5906533002853394,0.6408870816230774,0.7024403214454651,0.3873555660247803,0.55253005027771,0.57480788230896,-0.16244232654571533,0.8312759399414062,0.5862818956375122,0.6305385828018188,0.6889260411262512,0.4139392375946045,0.5620045065879822,0.5794928073883057,-0.14540517330169678,0.8272134065628052,0.5915295481681824,0.6323853731155396,0.6695029139518738,0.4361695647239685,0.8734523057937622,1.0231566429138184,-0.15884411334991455,0.9773253798484802,0.8167460560798645,1.0350228548049927,0.15931212902069092,0.9765913486480713,0.8506485819816589,1.234085202217102,-0.14544972777366638,0.16723854839801788,0.799035906791687,1.259357213973999,0.2693210244178772,0.10636814683675766,0.8626604080200195,1.493592381477356,0.03847561404109001,0.0194260124117136,0.7989968061447144,1.5142285823822021,0.3489803373813629,0.01455430407077074,0.8854665756225586,1.5442503690719604,0.05468160659074783,0.04414166510105133,0.8114199638366699,1.5610449314117432,0.3539300262928009,0.027843793854117393,0.7954614758491516,1.5254372358322144,-0.04962456226348877,0.022349663078784943,0.7396878600120544,1.5524111986160278,0.25461453199386597,0.014475170522928238
0.7496634125709534,0.5758194327354431,-0.03136908635497093,0.9997674822807312,0.7584754228591919,0.5486045479774475,-0.0590188093483448,0.99980229139328,0.7638178467750549,0.5451762080192566,-0.05911850929260254,0.9998309016227722,0.7694292664527893,0.5417556762695312,-0.059188734740018845,0.9998711943626404,0.7489574551582336,0.553896963596344,-0.0045308866538107395,0.9997629523277283,0.7472776174545288,0.5546061992645264,-0.004445308819413185,0.9996511936187744,0.7454124689102173,0.5555952787399292,-0.004576909355819225,0.9997219443321228,0.7989994883537292,0.5340567827224731,-0.11996966600418091,0.9999104142189026,0.7649536728858948,0.552983283996582,0.1336188018321991,0.9998438358306885,0.7662967443466187,0.5931040048599243,-0.04810125380754471,0.9994985461235046,0.7566506862640381,0.5977166295051575,0.024862801656126976,0.9989430904388428,0.85707026720047,0.615877091884613,-0.26534703373908997,0.999530553817749,0.7900896668434143,0.6680795550346375,0.33623090386390686,0.997702956199646,0.7327567338943481,0.5750142335891724,-0.41419273614883423,0.9961065053939819,0.7052160501480103,0.669197678565979,0.5644617080688477,0.6654419302940369,0.5803989171981812,0.563274085521698,-0.16476476192474365,0.927391529083252,0.6053083539009094,0.6547372937202454,0.6830736398696899,0.49166327714920044,0.5374006628990173,0.552521824836731,-0.19987326860427856,0.8437181711196899,0.5893001556396484,0.6387003660202026,0.7005447149276733,0.4019961357116699,0.5523180365562439,0.5711567401885986,-0.16561242938041687,0.8419532775878906,0.5846980810165405,0.629437267780304,0.6887608170509338,0.4286205768585205,0.5618771910667419,0.5764815211296082,-0.1488368809223175,0.837546706199646,0.590419352054596,0.6316195726394653,0.6690669655799866,0.4503156244754791,0.8728801608085632,1.0226894617080688,-0.15884611010551453,0.9787619709968567,0.8101600408554077,1.0350100994110107,0.15932142734527588,0.9779690504074097,0.8506876826286316,1.2444510459899902,-0.1380012035369873,0.1584155261516571,0.7941261529922485,1.2700060606002808,0.2680749297142029,0.10081085562705994,0.8629617691040039,1.500139832496643,0.04875916242599487,0.017912456765770912,0.7943452596664429,1.5218331813812256,0.3656608462333679,0.013598845340311527,0.8855121731758118,1.548059344291687,0.06379315257072449,0.040777839720249176,0.8058501482009888,1.566994309425354,0.37243664264678955,0.025822393596172333,0.7978726625442505,1.5386669635772705,-0.05544997379183769,0.02068084292113781,0.7409870028495789,1.5628116130828857,0.2541373074054718,0.013530184514820576
0.7491294145584106,0.5761763453483582,-0.02999594435095787,0.9997734427452087,0.7581883668899536,0.5487034320831299,-0.05837789922952652,0.9998065829277039,0.7635897994041443,0.5452522039413452,-0.05848092585802078,0.9998343586921692,0.7692384123802185,0.5418224930763245,-0.058559246361255646,0.9998738169670105,0.7482954859733582,0.5541485548019409,-0.003527205903083086,0.9997678399085999,0.7464202642440796,0.5549440979957581,-0.0034455019049346447,0.9996585845947266,0.744367241859436,0.5560197830200195,-0.003582435194402933,0.9997266530990601,0.7980691194534302,0.5343603491783142,-0.1218198761343956,0.9999125599861145,0.7635446190834045,0.5536593198776245,0.13309571146965027,0.9998453855514526,0.7657588720321655,0.5936434268951416,-0.047651682049036026,0.9995108246803284,0.7557219862937927,0.5982084274291992,0.025649070739746094,0.9989597201347351,0.8561123609542847,0.6156665086746216,-0.26845723390579224,0.9995527863502502,0.7898043990135193,0.667984127998352,0.334833025932312,0.9977417588233948,0.7354035377502441,0.5747708678245544,-0.4167945384979248,0.9963480830192566,0.7065434455871582,0.684810996055603,0.5688408613204956,0.6722533106803894,0.5816589593887329,0.5592679977416992,-0.16416148841381073,0.9329030513763428,0.6010086536407471,0.6467653512954712,0.6877506375312805,0.5030696392059326,0.539983868598938,0.5525073409080505,-0.19782090187072754,0.852767825126648,0.5890778303146362,0.6348487138748169,0.7052401304244995,0.41147899627685547,0.5527308583259583,0.5699376463890076,-0.16326768696308136,0.8509450554847717,0.5843906402587891,0.6259260177612305,0.6922751665115356,0.43828773498535156,0.5621060729026794,0.5753270387649536,-0.1477123498916626,0.8461435437202454,0.5903047919273376,0.6276887059211731,0.6734291315078735,0.45948880910873413,0.871650218963623,1.0226751565933228,-0.15908919274806976,0.9800750613212585,0.8070977926254272,1.0345351696014404,0.159561425447464,0.9793099164962769,0.8492764234542847,1.2494547367095947,-0.11936372518539429,0.15268033742904663,0.7895325422286987,1.2738126516342163,0.2674395442008972,0.09783107042312622,0.8602884411811829,1.504385232925415,0.08004198968410492,0.01680661179125309,0.7902439832687378,1.527806043624878,0.36588630080223083,0.013071735389530659,0.8819509744644165,1.551231861114502,0.09632877260446548,0.03839178383350372,0.8019688725471497,1.5720964670181274,0.37239736318588257,0.024462828412652016,0.7978659272193909,1.5453839302062988,-0.023885468021035194,0.019512074068188667,0.7403126955032349,1.572158694267273,0.25377845764160156,0.012934097088873386
0.7490073442459106,0.5764513611793518,-0.051541395485401154,0.9997754693031311,0.7581925392150879,0.5486977696418762,-0.07814817875623703,0.99980628490448,0.7636305689811707,0.5452262163162231,-0.07825729250907898,0.999834418296814,0.7693830728530884,0.5417078137397766,-0.07835809886455536,0.999873161315918,0.7481783032417297,0.5541732907295227,-0.02524242177605629,0.999768078327179,0.7462408542633057,0.5549901127815247,-0.025202089920639992,0.9996604323387146,0.7441267967224121,0.5560869574546814,-0.025323498994112015,0.9997257590293884,0.7978367805480957,0.5343713760375977,-0.12998619675636292,0.9999126195907593,0.7632383108139038,0.5537846088409424,0.11735335737466812,0.9998437762260437,0.7657350301742554,0.5940801501274109,-0.06393182277679443,0.9995148181915283,0.7555254697799683,0.5986483693122864,0.007200361229479313,0.9989621639251709,0.8559415936470032,0.6156530380249023,-0.270056813955307,0.9995713829994202,0.7878638505935669,0.668329119682312,0.31905508041381836,0.9977248907089233,0.7390953302383423,0.5743340253829956,-0.42876020073890686,0.9965598583221436,0.7055615186691284,0.7015255093574524,0.5536877512931824,0.6737109422683716,0.5819634795188904,0.5581979751586914,-0.19491460919380188,0.9374425411224365,0.606798529624939,0.6480411291122437,0.6603778600692749,0.5086448192596436,0.5400109887123108,0.5533145070075989,-0.23043322563171387,0.8595492839813232,0.5887299180030823,0.6338494420051575,0.6734822988510132,0.4154878854751587,0.5527332425117493,0.5681756734848022,-0.19934457540512085,0.8577883243560791,0.5843831300735474,0.6244609355926514,0.6602030396461487,0.44263163208961487,0.5618404150009155,0.5736134052276611,-0.18028363585472107,0.8522992730140686,0.5875030755996704,0.626089870929718,0.6463201642036438,0.463161826133728,0.8696494102478027,1.023321270942688,-0.1590266078710556,0.980941116809845,0.8060144186019897,1.0345492362976074,0.15948106348514557,0.9800420999526978,0.8448494076728821,1.2485661506652832,-0.09833215177059174,0.14905071258544922,0.7892464399337769,1.270585298538208,0.26913589239120483,0.09483668208122253,0.8514770269393921,1.5030823945999146,0.12543019652366638,0.016442980617284775,0.7796918153762817,1.5243116617202759,0.38127025961875916,0.013203419744968414,0.8725636601448059,1.5509928464889526,0.14491230249404907,0.03771616145968437,0.7909237742424011,1.5706000328063965,0.389282763004303,0.024233905598521233,0.7872821092605591,1.5401893854141235,0.03155586123466492,0.0192576851695776,0.7220725417137146,1.5632169246673584,0.27064502239227295,0.013059246353805065
0.7489822506904602,0.5763202905654907,-0.049872782081365585,0.9997736811637878,0.7582926154136658,0.5483435392379761,-0.07686351984739304,0.999803900718689,0.7638372182846069,0.5447851419448853,-0.07697291672229767,0.9998323321342468,0.7698062658309937,0.5410734415054321,-0.07708390057086945,0.9998709559440613,0.7481377720832825,0.5540647506713867,-0.023807324469089508,0.9997668862342834,0.7461162805557251,0.554952085018158,-0.023756911978125572,0.9996597170829773,0.7439035773277283,0.5560866594314575,-0.023875536397099495,0.9997235536575317,0.797817051410675,0.5343217849731445,-0.1299736499786377,0.9999107718467712,0.7631089687347412,0.5539708733558655,0.11710219085216522,0.9998407363891602,0.765731692314148,0.5940714478492737,-0.0628603845834732,0.9995046257972717,0.7552566528320312,0.5986489057540894,0.008274148218333721,0.9989414811134338,0.8554479479789734,0.6156394481658936,-0.27004462480545044,0.999575138092041,0.7880000472068787,0.6685763001441956,0.320378839969635,0.9976820349693298,0.7383657097816467,0.5740972757339478,-0.42684999108314514,0.9967113137245178,0.7035971283912659,0.704042375087738,0.5534563660621643,0.6764931082725525,0.5820040702819824,0.5547428727149963,-0.1841457635164261,0.941330075263977,0.6018131375312805,0.6438986659049988,0.6608603596687317,0.5188261270523071,0.5400348901748657,0.5521907210350037,-0.2184908092021942,0.865644097328186,0.5886265635490417,0.6307832598686218,0.6753411293029785,0.42411091923713684,0.5528898239135742,0.5658261775970459,-0.18632522225379944,0.8639918565750122,0.5841369032859802,0.6223733425140381,0.6636002659797668,0.45130521059036255,0.5620538592338562,0.5716196894645691,-0.16897164285182953,0.8578560948371887,0.5878229141235352,0.6249712109565735,0.6476345658302307,0.4702959954738617,0.8671423196792603,1.0233460664749146,-0.15925271809101105,0.981503427028656,0.805580735206604,1.0343519449234009,0.15966297686100006,0.9806129336357117,0.8411693572998047,1.2380969524383545,-0.09991876035928726,0.1492929905653,0.7883774042129517,1.257689118385315,0.27299797534942627,0.09534508734941483,0.849925696849823,1.4943493604660034,0.12476108968257904,0.016652805730700493,0.7808279395103455,1.5147587060928345,0.39039966464042664,0.013898656703531742,0.8715709447860718,1.5434025526046753,0.14445935189723969,0.038133345544338226,0.7925848364830017,1.5615614652633667,0.3987370729446411,0.02471550554037094,0.7860580086708069,1.5295970439910889,0.036954887211322784,0.019632799550890923,0.7234600782394409,1.555144190788269,0.28829604387283325,0.013584543019533157
0.7487307786941528,0.5763518810272217,-0.04242318496108055,0.999779999256134,0.7581688165664673,0.5483934879302979,-0.07126517593860626,0.999808669090271,0.7636687159538269,0.5448203682899475,-0.07138805091381073,0.9998365044593811,0.7695897221565247,0.5411038994789124,-0.07146820425987244,0.9998743534088135,0.7481073141098022,0.554132342338562,-0.015242710709571838,0.9997725486755371,0.7461075782775879,0.555035412311554,-0.015177188441157341,0.9996675848960876,0.7439050674438477,0.5561875104904175,-0.015284879133105278,0.999728798866272,0.7967877388000488,0.5343701839447021,-0.1295866072177887,0.999913215637207,0.763196587562561,0.5540100932121277,0.1248600035905838,0.9998427629470825,0.7652930021286011,0.5940648317337036,-0.05889475345611572,0.9995105862617493,0.7549999952316284,0.5985995531082153,0.015518316999077797,0.9989489316940308,0.8544732332229614,0.6155462265014648,-0.2752229571342468,0.9995923042297363,0.7880904674530029,0.6682105660438538,0.3322879672050476,0.9976761341094971,0.7381837964057922,0.5739254355430603,-0.4292953908443451,0.996823787689209,0.7037885189056396,0.7007644772529602,0.5670033693313599,0.6734760403633118,0.5817403197288513,0.5527907013893127,-0.18202750384807587,0.9449894428253174,0.5996611714363098,0.6423593163490295,0.6673582792282104,0.5217713117599487,0.5400665402412415,0.5502217411994934,-0.21737201511859894,0.8721621036529541,0.5886832475662231,0.6300173997879028,0.6833664178848267,0.42804136872291565,0.5530509352684021,0.5654746890068054,-0.18463829159736633,0.8706277012825012,0.584093451499939,0.6226006150245667,0.6698840260505676,0.4561632573604584,0.5620847940444946,0.571165144443512,-0.16654789447784424,0.8638743162155151,0.5880910754203796,0.6249587535858154,0.6528823375701904,0.4742733836174011,0.8673058748245239,1.0235077142715454,-0.1643139272928238,0.9816329479217529,0.8059968948364258,1.0345436334609985,0.16487860679626465,0.9805284142494202,0.8413805961608887,1.2391465902328491,-0.1379106342792511,0.14204289019107819,0.7884705066680908,1.2595216035842896,0.27813437581062317,0.08988464623689651,0.8509058952331543,1.495345950126648,0.059060435742139816,0.015558194369077682,0.7818865776062012,1.5160918235778809,0.39334729313850403,0.013059689663350582,0.8723679780960083,1.5440698862075806,0.07496516406536102,0.03574789687991142,0.7934631705284119,1.5626097917556763,0.4011404514312744,0.023149510845541954,0.7867177724838257,1.531021237373352,-0.043450962752103806,0.01856965571641922,0.725375771522522,1.5560860633850098,0.28816893696784973,0.012916789390146732
0.7473136186599731,0.576831579208374,-0.020191345363855362,0.9997658133506775,0.7564142346382141,0.5491750836372375,-0.05668030306696892,0.999799370765686,0.7618253231048584,0.5456008315086365,-0.05681440234184265,0.9998272657394409,0.7673972845077515,0.541960597038269,-0.056902386248111725,0.999867856502533,0.7468863129615784,0.5547317862510681,0.0025063538923859596,0.9997609853744507,0.7452070713043213,0.5554805397987366,0.0025733166839927435,0.9996465444564819,0.7433062195777893,0.5564872622489929,0.002380036050453782,0.9997135400772095,0.7957165837287903,0.5344149470329285,-0.13140997290611267,0.9999094009399414,0.7632277011871338,0.5537482500076294,0.13044971227645874,0.9998359680175781,0.7638128399848938,0.5942003726959229,-0.04596379026770592,0.9994795918464661,0.7540550827980042,0.5986438393592834,0.032468415796756744,0.998891294002533,0.8531181216239929,0.6155545711517334,-0.27699196338653564,0.9995680451393127,0.7876205444335938,0.6680837869644165,0.33746689558029175,0.9976403117179871,0.7035741209983826,0.5513907670974731,-0.39898067712783813,0.9966599345207214,0.7132254242897034,0.7003840208053589,0.5923468470573425,0.6609127521514893,0.5774561762809753,0.5647106170654297,-0.05845210701227188,0.9431250691413879,0.6225458383560181,0.6677342653274536,0.722690224647522,0.5081300735473633,0.5401588678359985,0.5655235052108765,-0.08248330652713776,0.8648343682289124,0.5911663770675659,0.6495260000228882,0.7518799304962158,0.4186754524707794,0.5542091131210327,0.5834454894065857,-0.048869647085666656,0.8634291887283325,0.5891609787940979,0.6432107090950012,0.7315385937690735,0.4479151666164398,0.5666431188583374,0.5901140570640564,-0.04171619936823845,0.8568511605262756,0.5966719388961792,0.64459627866745,0.7072638869285583,0.4661945104598999,0.8671305775642395,1.0241385698318481,-0.16667583584785461,0.9808698892593384,0.8060812950134277,1.0363634824752808,0.16731013357639313,0.9800628423690796,0.8418798446655273,1.252561330795288,-0.14304091036319733,0.13628163933753967,0.7857800722122192,1.2750846147537231,0.29909107089042664,0.0857425332069397,0.8513595461845398,1.51155686378479,0.03229774162173271,0.01447292324155569,0.7864539623260498,1.5334323644638062,0.43796753883361816,0.01218234933912754,0.8730016946792603,1.5601866245269775,0.04477831721305847,0.03331370651721954,0.7984752058982849,1.5782930850982666,0.448178768157959,0.02153751812875271,0.7949506640434265,1.5521541833877563,-0.07350926101207733,0.017382675781846046,0.7393088340759277,1.5813829898834229,0.33385753631591797,0.012077325023710728
0.7460910081863403,0.5770139694213867,-0.01418854296207428,0.999753475189209,0.7553809285163879,0.5493899583816528,-0.052796363830566406,0.9997902512550354,0.7608119249343872,0.5458186864852905,-0.052939943969249725,0.9998195767402649,0.7662950754165649,0.5422061681747437,-0.053034018725156784,0.9998622536659241,0.7461195588111877,0.5548208355903625,0.008612273260951042,0.999750018119812,0.7446641325950623,0.5555077791213989,0.008705556392669678,0.9996277093887329,0.7429589033126831,0.5564917325973511,0.008503127843141556,0.9996993541717529,0.7952582240104675,0.5344018340110779,-0.13727153837680817,0.9999054074287415,0.7632453441619873,0.5531057119369507,0.13530489802360535,0.9998274445533752,0.7626743316650391,0.5943723320960999,-0.04296616092324257,0.9994487166404724,0.7531393766403198,0.5986591577529907,0.038296010345220566,0.9988301396369934,0.853101909160614,0.6155444383621216,-0.2876517176628113,0.9995411038398743,0.786182165145874,0.6681077480316162,0.34559565782546997,0.9975630044937134,0.7002785205841064,0.5450908541679382,-0.39988136291503906,0.9963164925575256,0.7129210233688354,0.7013681530952454,0.6258039474487305,0.6420356035232544,0.5787089467048645,0.5721148252487183,-0.04736115783452988,0.9363600015640259,0.6269298195838928,0.6802740097045898,0.7884403467178345,0.4835319519042969,0.5472632646560669,0.5724247097969055,-0.06649114936590195,0.8493216633796692,0.6039934754371643,0.6642475128173828,0.8249268531799316,0.4003254175186157,0.5644227862358093,0.5913869142532349,-0.03353492170572281,0.8484274744987488,0.6067667603492737,0.6665210127830505,0.8077591061592102,0.4303237795829773,0.5780807733535767,0.5990151762962341,-0.030174270272254944,0.8417877554893494,0.6013584733009338,0.6536054611206055,0.7752352952957153,0.4487146735191345,0.8665450215339661,1.029464602470398,-0.1723550260066986,0.9788344502449036,0.8046843409538269,1.0420225858688354,0.1730724424123764,0.9786568880081177,0.8399499654769897,1.2676962614059448,-0.14257296919822693,0.13453759253025055,0.7824103236198425,1.2883765697479248,0.2928735613822937,0.08529775589704514,0.849993884563446,1.528238296508789,0.038256097584962845,0.013912475667893887,0.7866135835647583,1.5492515563964844,0.41831082105636597,0.01172436960041523,0.8706587553024292,1.5787665843963623,0.051732927560806274,0.03220584616065025,0.7986012697219849,1.595927119255066,0.4269716739654541,0.02074066735804081,0.7924715280532837,1.5679875612258911,-0.06488068401813507,0.016856025904417038,0.7393509149551392,1.5954647064208984,0.3121608793735504,0.01160211581736803
0.7453293800354004,0.5769855976104736,0.011911625973880291,0.999645471572876,0.7548031806945801,0.5494279265403748,-0.03219688683748245,0.999720573425293,0.7601356506347656,0.545884907245636,-0.032418448477983475,0.9997444152832031,0.7654630541801453,0.5423136949539185,-0.032492052763700485,0.9998154044151306,0.7458250522613525,0.5548032522201538,0.03333844244480133,0.9996707439422607,0.7444933652877808,0.5554201602935791,0.0334717333316803,0.9994756579399109,0.7428876161575317,0.5562793612480164,0.03320419788360596,0.999605119228363,0.7945149540901184,0.5344004034996033,-0.13799981772899628,0.999867856502533,0.7632656097412109,0.5523735880851746,0.15579761564731598,0.9997643232345581,0.7612839937210083,0.5942639112472534,-0.025548553094267845,0.9993076920509338,0.752181887626648,0.5982268452644348,0.06161219999194145,0.998565673828125,0.8515353202819824,0.6155367493629456,-0.29261288046836853,0.9993821382522583,0.7858319878578186,0.6651651859283447,0.3659922480583191,0.9974056482315063,0.6958378553390503,0.5377380847930908,-0.3708544373512268,0.9955020546913147,0.7162454724311829,0.6957778334617615,0.6578940749168396,0.6340458393096924,0.5970064401626587,0.5725157260894775,0.03657527640461922,0.9168915748596191,0.6323744654655457,0.6807734370231628,0.8181559443473816,0.45648878812789917,0.5740484595298767,0.5750468969345093,0.025503629818558693,0.8117489814758301,0.6113981604576111,0.6731852889060974,0.8643633723258972,0.3776108920574188,0.5920079946517944,0.594761848449707,0.05899732559919357,0.8100478649139404,0.6145140528678894,0.6739262938499451,0.8381994962692261,0.4071129858493805,0.6033717393875122,0.6012763381004333,0.05564234405755997,0.8067265152931213,0.6199630498886108,0.6719395518302917,0.8029805421829224,0.4263887405395508,0.8629128336906433,1.0293796062469482,-0.18127509951591492,0.9742885231971741,0.8031188249588013,1.0426112413406372,0.18201912939548492,0.9760262370109558,0.8403717279434204,1.268262267112732,-0.1930919587612152,0.12999078631401062,0.7805711030960083,1.2893136739730835,0.3471308946609497,0.08353402465581894,0.8504541516304016,1.52860689163208,-0.034580133855342865,0.01308813039213419,0.7916811108589172,1.5538222789764404,0.5327683091163635,0.011112280189990997,0.8709942698478699,1.576697587966919,-0.0247837882488966,0.030386272817850113,0.8032177686691284,1.5991178750991821,0.5477494597434998,0.020036133006215096,0.8046016693115234,1.5782082080841064,-0.15506355464458466,0.01595183089375496,0.754768967628479,1.607248306274414,0.4267432689666748,0.011127769947052002
0.7445884943008423,0.5770943760871887,0.03671392425894737,0.9995171427726746,0.7538779973983765,0.5495849847793579,-0.008107592351734638,0.9996260404586792,0.7590471506118774,0.5460861325263977,-0.00830920971930027,0.9996563196182251,0.764130175113678,0.5425785183906555,-0.008397960104048252,0.999752938747406,0.7451411485671997,0.5548546314239502,0.05670465901494026,0.9995648860931396,0.7439097166061401,0.5554347634315491,0.05683087185025215,0.9993072152137756,0.7424126267433167,0.5562809705734253,0.056548457592725754,0.9994943141937256,0.793283224105835,0.5343964695930481,-0.1258350908756256,0.9998244643211365,0.7631748914718628,0.5521314740180969,0.17508243024349213,0.999692976474762,0.7600526809692383,0.5943953990936279,-0.0004989560693502426,0.9990660548210144,0.7512607574462891,0.598273515701294,0.08591284602880478,0.9981431365013123,0.8479459881782532,0.6155280470848083,-0.2849982678890228,0.9992164969444275,0.7863134145736694,0.6625661253929138,0.38193532824516296,0.997166633605957,0.6956974267959595,0.5328737497329712,-0.3430311977863312,0.994393527507782,0.7159275412559509,0.692395806312561,0.6524693369865417,0.6140958666801453,0.6034365892410278,0.5726940631866455,0.06063691899180412,0.8896386623382568,0.6308552026748657,0.6833060383796692,0.7974877953529358,0.4245620667934418,0.5822127461433411,0.574861466884613,0.05202405899763107,0.7684221863746643,0.6094807982444763,0.6778318285942078,0.8423309326171875,0.35204026103019714,0.600639820098877,0.5951806306838989,0.08478868752717972,0.7665316462516785,0.6122250556945801,0.6775930523872375,0.8160738945007324,0.3806145489215851,0.6106780767440796,0.6022384166717529,0.07920624315738678,0.7661113142967224,0.6196371912956238,0.6788370609283447,0.7818838357925415,0.39992639422416687,0.8584159016609192,1.0292599201202393,-0.1811206042766571,0.9684025645256042,0.800502598285675,1.042464256286621,0.18183469772338867,0.9727001190185547,0.8354999423027039,1.2670050859451294,-0.17740881443023682,0.13046641647815704,0.7734204530715942,1.2881616353988647,0.3239770531654358,0.08500107377767563,0.8439891934394836,1.5273139476776123,-0.009595225565135479,0.012748325243592262,0.7899615168571472,1.5525718927383423,0.4713417887687683,0.010931219905614853,0.8613269925117493,1.5751467943191528,0.001972491154447198,0.030289217829704285,0.8021075129508972,1.5986990928649902,0.482058048248291,0.02018214575946331,0.7972508072853088,1.578111171722412,-0.11619812250137329,0.015617569908499718,0.7537523508071899,1.6061002016067505,0.36466360092163086,0.010890721343457699
0.744570255279541,0.5770777463912964,0.030179336667060852,0.9994761943817139,0.7538819313049316,0.5495843887329102,-0.009732980281114578,0.999599814414978,0.7590612173080444,0.5460889935493469,-0.009913337416946888,0.9996339082717896,0.7641776204109192,0.5425917506217957,-0.009968490339815617,0.9997374415397644,0.745116114616394,0.554782509803772,0.05162663385272026,0.9995388388633728,0.743889331817627,0.5553014874458313,0.05175819993019104,0.9992645382881165,0.7424036264419556,0.5560737252235413,0.051462747156620026,0.9994643926620483,0.7933036088943481,0.5343382358551025,-0.11333193629980087,0.9998126029968262,0.7633553147315979,0.5517961382865906,0.17407333850860596,0.9996687173843384,0.7598087191581726,0.5944063067436218,-0.002283513778820634,0.9989781975746155,0.7510234713554382,0.5982601642608643,0.07991946488618851,0.997970461845398,0.8478436470031738,0.6155081391334534,-0.25078660249710083,0.9989728331565857,0.786681056022644,0.6604880690574646,0.38056087493896484,0.9967459440231323,0.7029634118080139,0.5276492238044739,-0.315487802028656,0.991919219493866,0.7159919142723083,0.7001038789749146,0.6470635533332825,0.5946605205535889,0.6366086602210999,0.5667665004730225,0.062182046473026276,0.8464109301567078,0.6346921920776367,0.6978078484535217,0.7855013608932495,0.38990676403045654,0.6199032068252563,0.5691403150558472,0.05729025602340698,0.7145417332649231,0.6153273582458496,0.6960341334342957,0.817608654499054,0.32404571771621704,0.6378353238105774,0.5913808345794678,0.08497961610555649,0.7127750515937805,0.6189881563186646,0.6918838024139404,0.8024505376815796,0.35113003849983215,0.6451278328895569,0.5993832349777222,0.07759570330381393,0.7158008217811584,0.6275724172592163,0.6929420232772827,0.7733548879623413,0.3703344464302063,0.8588187098503113,1.0280578136444092,-0.17537686228752136,0.9610351920127869,0.7980858087539673,1.0423386096954346,0.17631179094314575,0.9673123955726624,0.837052047252655,1.2682889699935913,-0.20648403465747833,0.13494564592838287,0.7743159532546997,1.2892589569091797,0.2873044013977051,0.08829370886087418,0.8493955731391907,1.5280811786651611,-0.10545917600393295,0.013128387741744518,0.792869508266449,1.555590033531189,0.3659050464630127,0.010935965925455093,0.8651894330978394,1.5752577781677246,-0.10154078900814056,0.032125167548656464,0.8050457239151001,1.6025159358978271,0.36927106976509094,0.02072116732597351,0.804278552532196,1.5823948383331299,-0.23202994465827942,0.015900839120149612,0.7584414482116699,1.6098729372024536,0.247244194149971,0.010778428986668587
0.7444431185722351,0.5772983431816101,0.031463079154491425,0.9993852376937866,0.7536930441856384,0.5502622723579407,-0.012110822834074497,0.9995472431182861,0.7588522434234619,0.5468254685401917,-0.012309680692851543,0.9995791912078857,0.7639372944831848,0.5433773398399353,-0.012391897849738598,0.9997038841247559,0.7449905276298523,0.555237352848053,0.05242713540792465,0.999474823474884,0.7438158392906189,0.5556515455245972,0.05261199548840523,0.9991421103477478,0.7423778772354126,0.5563330054283142,0.05234239622950554,0.9993888735771179,0.792993426322937,0.5345315933227539,-0.12278153747320175,0.9997853636741638,0.7634121179580688,0.5518414378166199,0.17315144836902618,0.9996094107627869,0.7594668865203857,0.5944377779960632,-0.00536351790651679,0.9988499283790588,0.7508354187011719,0.598272442817688,0.08061244338750839,0.9977177977561951,0.8479490280151367,0.6130199432373047,-0.26744261384010315,0.9987447261810303,0.7868639230728149,0.6567922234535217,0.3765033185482025,0.9964576959609985,0.7030748128890991,0.5169119238853455,-0.33395761251449585,0.9900799989700317,0.7124389410018921,0.6568328142166138,0.6518248915672302,0.5744122266769409,0.6370911002159119,0.5536903738975525,0.08288737386465073,0.8085131645202637,0.6389250159263611,0.6881800293922424,0.8014804720878601,0.35916879773139954,0.6203311085700989,0.5546664595603943,0.07908259332180023,0.6667410731315613,0.6198346614837646,0.695429801940918,0.8475243449211121,0.2988813519477844,0.6387878060340881,0.5788949131965637,0.11022324860095978,0.6648737788200378,0.6230565309524536,0.686956524848938,0.8249071836471558,0.32452392578125,0.646230161190033,0.5867757797241211,0.10078217834234238,0.670380175113678,0.6314771175384521,0.6866036653518677,0.7876942753791809,0.34322747588157654,0.8593120574951172,1.0272908210754395,-0.18263761699199677,0.9534575939178467,0.7985635995864868,1.0411746501922607,0.183414489030838,0.9629059433937073,0.8391427993774414,1.2675198316574097,-0.2089064121246338,0.1385989785194397,0.7748185992240906,1.2885342836380005,0.31083109974861145,0.0934661254286766,0.8527792096138,1.5274560451507568,-0.06970284134149551,0.013416506350040436,0.7980625033378601,1.5548973083496094,0.4303766191005707,0.011442037299275398,0.8671709299087524,1.5744866132736206,-0.06181362271308899,0.032703474164009094,0.8103671073913574,1.6013370752334595,0.4378787577152252,0.02252289466559887,0.8114610910415649,1.581836223602295,-0.1892927885055542,0.016116797924041748,0.763853907585144,1.610023856163025,0.3169103264808655,0.011207169853150845
0.7444733381271362,0.5773200988769531,0.023786328732967377,0.9993906021118164,0.7537031173706055,0.550334095954895,-0.0160503126680851,0.9995538592338562,0.7588672041893005,0.546899676322937,-0.016268927603960037,0.9995860457420349,0.7639703154563904,0.5434513092041016,-0.016334444284439087,0.9997084140777588,0.744947075843811,0.5553085207939148,0.04591209813952446,0.9994815587997437,0.7437333464622498,0.5557200908660889,0.04606081545352936,0.9991506338119507,0.742247462272644,0.5564033389091492,0.04580950736999512,0.9993951320648193,0.7929219007492065,0.534540593624115,-0.13105027377605438,0.9997908473014832,0.7629699110984802,0.5520220994949341,0.17199599742889404,0.999615490436554,0.7594567537307739,0.5944392085075378,-0.00885715615004301,0.9988640546798706,0.750799298286438,0.5982687473297119,0.07420197129249573,0.9977562427520752,0.8479846715927124,0.6125112175941467,-0.2722148597240448,0.9987279176712036,0.7868979573249817,0.6569182276725769,0.37474316358566284,0.9963910579681396,0.7038350105285645,0.5172988176345825,-0.3436763286590576,0.9896306395530701,0.7085437178611755,0.6458521485328674,0.6400673389434814,0.5543179512023926,0.6342850923538208,0.5505854487419128,0.05852200463414192,0.7815540432929993,0.6444743871688843,0.6652677059173584,0.7856074571609497,0.330702006816864,0.6147898435592651,0.5500096082687378,0.052683018147945404,0.6298226118087769,0.626960813999176,0.663996696472168,0.8259966969490051,0.27630388736724854,0.6341309547424316,0.5743104815483093,0.08122570812702179,0.6284643411636353,0.6295491456985474,0.6638079285621643,0.8077810406684875,0.3009450137615204,0.6430853605270386,0.582373857498169,0.07465207576751709,0.6361182332038879,0.6371957063674927,0.6671215891838074,0.7723842859268188,0.31928348541259766,0.8600055575370789,1.0296260118484497,-0.18120887875556946,0.9524247050285339,0.7999457120895386,1.0420087575912476,0.18196839094161987,0.9620713591575623,0.8397005796432495,1.2791813611984253,-0.20405694842338562,0.137765571475029,0.7775291800498962,1.2987765073776245,0.2940090596675873,0.09132390469312668,0.8531026840209961,1.5417582988739014,-0.04265890270471573,0.01296261791139841,0.7980118989944458,1.5654563903808594,0.3956722617149353,0.010823422111570835,0.8684180974960327,1.5907282829284668,-0.03232758119702339,0.0320000946521759,0.8099015951156616,1.611885905265808,0.400718629360199,0.021424714475870132,0.8090503811836243,1.591617226600647,-0.15741775929927826,0.015565842390060425,0.7613181471824646,1.6169097423553467,0.2750660479068756,0.010548071004450321
0.7444864511489868,0.5773003101348877,0.014088019728660583,0.9994115233421326,0.7537131309509277,0.550345242023468,-0.028071310371160507,0.9995706081390381,0.758882999420166,0.546909749507904,-0.028231894597411156,0.9996002912521362,0.7639952301979065,0.5434596538543701,-0.0282722320407629,0.9997188448905945,0.7448364496231079,0.555334746837616,0.0368928425014019,0.999501645565033,0.7435163855552673,0.5557481646537781,0.037109438329935074,0.9991821050643921,0.7418965101242065,0.556435227394104,0.03686567768454552,0.9994192123413086,0.7929145693778992,0.5345059633255005,-0.14003176987171173,0.9997988939285278,0.762142539024353,0.552075207233429,0.16619302332401276,0.999629557132721,0.7594259977340698,0.5942810773849487,-0.02113168127834797,0.998908281326294,0.7506043314933777,0.5981412529945374,0.06561963260173798,0.997835636138916,0.8482092022895813,0.6116974949836731,-0.2850601077079773,0.9987327456474304,0.7865551710128784,0.6569038033485413,0.3647964298725128,0.996445894241333,0.7046802639961243,0.5174363255500793,-0.3646527826786041,0.9894357919692993,0.7088935375213623,0.6535685062408447,0.6342318058013916,0.5421596169471741,0.6311273574829102,0.5488530993461609,0.0267100278288126,0.7705750465393066,0.6201073527336121,0.6427778601646423,0.7754124402999878,0.310037761926651,0.608620822429657,0.5462211966514587,0.015117819420993328,0.6073143482208252,0.6250506639480591,0.6860883831977844,0.8131683468818665,0.2609041929244995,0.624785840511322,0.5705023407936096,0.047316886484622955,0.606236457824707,0.6272280812263489,0.6841046810150146,0.7950133085250854,0.2856537103652954,0.6330792903900146,0.579237163066864,0.0433235839009285,0.6160143613815308,0.6350270509719849,0.6873840093612671,0.7623123526573181,0.30426889657974243,0.8601037859916687,1.0310256481170654,-0.18028788268566132,0.9506024122238159,0.7994597554206848,1.042313814163208,0.18102701008319855,0.9601637125015259,0.83982914686203,1.2834500074386597,-0.1935453861951828,0.1323661506175995,0.7768862843513489,1.3018147945404053,0.29149216413497925,0.08764071017503738,0.8531351089477539,1.5470699071884155,-0.03720296174287796,0.012205420061945915,0.7948611974716187,1.5688108205795288,0.3970262408256531,0.010081347078084946,0.868883490562439,1.5951119661331177,-0.027562802657485008,0.030245736241340637,0.8052245378494263,1.6146423816680908,0.40283775329589844,0.020063597708940506,0.8084200620651245,1.5970224142074585,-0.1567310392856598,0.014731111004948616,0.7600187063217163,1.6214797496795654,0.272125244140625,0.009874420240521431
0.7444940805435181,0.5775355696678162,0.013603131286799908,0.9994412660598755,0.753722071647644,0.5507262945175171,-0.02846139669418335,0.9995896220207214,0.758893609046936,0.5472552180290222,-0.028623733669519424,0.999617874622345,0.7640108466148376,0.5437517762184143,-0.02867197059094906,0.9997308254241943,0.7447446584701538,0.555795431137085,0.03553936630487442,0.9995244145393372,0.7433485388755798,0.5562146902084351,0.03573159500956535,0.99922114610672,0.7416452169418335,0.5568953156471252,0.03549470379948616,0.9994467496871948,0.7929783463478088,0.5345134735107422,-0.13671182096004486,0.9998083710670471,0.7619832754135132,0.5522908568382263,0.16718870401382446,0.9996436834335327,0.7594419717788696,0.5943134427070618,-0.021476848050951958,0.9989565014839172,0.7505522966384888,0.5981886982917786,0.06434619426727295,0.997927188873291,0.8511155247688293,0.6112765073776245,-0.28490516543388367,0.9987688660621643,0.7865985631942749,0.6570549607276917,0.363263338804245,0.9965898990631104,0.7064905166625977,0.5156118273735046,-0.37701377272605896,0.9893931150436401,0.7012006044387817,0.6550695896148682,0.594399094581604,0.5322337746620178,0.6291515827178955,0.5448073148727417,0.01365611981600523,0.7611988186836243,0.6187015771865845,0.6419677138328552,0.6688393950462341,0.2876896262168884,0.604459822177887,0.5395346283912659,0.0022327653132379055,0.5855373740196228,0.6237165331840515,0.7166051864624023,0.6986440420150757,0.2428465634584427,0.6188122630119324,0.5642164945602417,0.042294181883335114,0.5843280553817749,0.6253246068954468,0.7136381268501282,0.6725952625274658,0.2666855454444885,0.6274757981300354,0.5741361975669861,0.03259643167257309,0.5957349538803101,0.6318801641464233,0.7160813808441162,0.6510151028633118,0.28523874282836914,0.865268349647522,1.0310157537460327,-0.17964932322502136,0.9488552808761597,0.799588680267334,1.041150689125061,0.18039682507514954,0.9583412408828735,0.8488629460334778,1.2844773530960083,-0.20203609764575958,0.13002601265907288,0.779309093952179,1.3022704124450684,0.27399685978889465,0.08784999698400497,0.857304573059082,1.5475181341171265,-0.06791484355926514,0.01202296931296587,0.794560968875885,1.567921757698059,0.3455663323402405,0.009909691289067268,0.8732304573059082,1.5955498218536377,-0.061414532363414764,0.030178718268871307,0.804211437702179,1.6146392822265625,0.34769558906555176,0.020298803225159645,0.8097223043441772,1.5973525047302246,-0.1993212252855301,0.014518537558615208,0.7594472169876099,1.6190274953842163,0.2079826295375824,0.009783543646335602
0.7448302507400513,0.5773723125457764,-0.0005851733149029315,0.9994845390319824,0.7538553476333618,0.5506662130355835,-0.042325519025325775,0.9996191263198853,0.7590292692184448,0.5471982359886169,-0.042469944804906845,0.9996451735496521,0.7641597986221313,0.5436772704124451,-0.04249301552772522,0.9997493624687195,0.7447873950004578,0.5557315945625305,0.025019144639372826,0.9995589852333069,0.7433658242225647,0.5561564564704895,0.025188688188791275,0.9992793202400208,0.7416496276855469,0.5568368434906006,0.02495427057147026,0.9994876384735107,0.7930082678794861,0.5342642068862915,-0.14648747444152832,0.9998223185539246,0.7619930505752563,0.5522353053092957,0.1666102409362793,0.9996702671051025,0.7596481442451477,0.5939953327178955,-0.03397686034440994,0.9990344047546387,0.7506920099258423,0.5980578064918518,0.0558074414730072,0.9980812072753906,0.852371335029602,0.6111630201339722,-0.30706480145454407,0.9988488554954529,0.7878695726394653,0.6579851508140564,0.3622455894947052,0.9968307018280029,0.7089235782623291,0.5138915181159973,-0.42897170782089233,0.9896719455718994,0.7018880844116211,0.661065936088562,0.5976159572601318,0.5235296487808228,0.6222943663597107,0.5407772660255432,-0.06333513557910919,0.7619998455047607,0.6239864826202393,0.7404987215995789,0.6907013654708862,0.2700907588005066,0.596203625202179,0.5341854691505432,-0.08231064677238464,0.5764918923377991,0.6218956708908081,0.7508860230445862,0.7221959829330444,0.22866316139698029,0.6157013177871704,0.559912383556366,-0.0413542203605175,0.5752687454223633,0.6228654980659485,0.7474250197410583,0.6949921250343323,0.2523218095302582,0.6272607445716858,0.5705863833427429,-0.045047637075185776,0.586566686630249,0.6293502449989319,0.7477598786354065,0.6728079915046692,0.2713600993156433,0.871893048286438,1.0344388484954834,-0.18266905844211578,0.9476373791694641,0.7999656796455383,1.04152512550354,0.18365664780139923,0.9574701189994812,0.85212242603302,1.286257028579712,-0.19207274913787842,0.12629103660583496,0.7811602354049683,1.3030445575714111,0.2756388783454895,0.0869373083114624,0.8584303855895996,1.5493756532669067,-0.0062649911269545555,0.011735916137695312,0.7925320863723755,1.567460298538208,0.3504813611507416,0.009664252400398254,0.8753362894058228,1.598616123199463,0.005104411393404007,0.029206594452261925,0.8010128736495972,1.6144989728927612,0.3541161119937897,0.020381424576044083,0.8092654943466187,1.5970319509506226,-0.1357007920742035,0.014085618779063225,0.7546325922012329,1.6179778575897217,0.23950691521167755,0.00966477021574974
0.7456030249595642,0.5774082541465759,-0.009521828964352608,0.9994920492172241,0.7541834712028503,0.5509270429611206,-0.05170922726392746,0.9996181130409241,0.759278416633606,0.547524631023407,-0.0518508143723011,0.9996455311775208,0.7643560171127319,0.5440722107887268,-0.051943182945251465,0.9997473359107971,0.7452313899993896,0.5558429956436157,0.012951821088790894,0.9995580911636353,0.743808388710022,0.5562285780906677,0.013073131442070007,0.9992806315422058,0.7420905828475952,0.5568819642066956,0.012852740474045277,0.9994857907295227,0.7930184602737427,0.5343856811523438,-0.15313711762428284,0.9998239278793335,0.7619997262954712,0.5523213148117065,0.1446409374475479,0.9996722936630249,0.7598879933357239,0.5939825177192688,-0.0407324954867363,0.9990347623825073,0.7510696649551392,0.5979882478713989,0.045272015035152435,0.9981064200401306,0.8526462316513062,0.6111677885055542,-0.30365651845932007,0.9988297820091248,0.7889478206634521,0.6578565239906311,0.34824058413505554,0.996872067451477,0.7090998888015747,0.5093561410903931,-0.41524210572242737,0.9889894127845764,0.6958997249603271,0.6443212032318115,0.5996983051300049,0.5032374858856201,0.6253359317779541,0.5366758704185486,-0.004537300672382116,0.7356839776039124,0.6254507303237915,0.6373449563980103,0.7397816777229309,0.2481997311115265,0.6026052236557007,0.5308687090873718,-0.012818820774555206,0.5452384948730469,0.6270237565040588,0.7109924554824829,0.7746286988258362,0.2107177972793579,0.6239026784896851,0.5575132966041565,0.017445888370275497,0.5448768138885498,0.6298825740814209,0.7204341888427734,0.7605995535850525,0.23317840695381165,0.6345354318618774,0.5677715539932251,0.010527877137064934,0.5565676093101501,0.6372753381729126,0.7245357632637024,0.7271740436553955,0.2514876127243042,0.8738387227058411,1.0347219705581665,-0.18210579454898834,0.9415892362594604,0.8030754923820496,1.0415116548538208,0.183047354221344,0.9537069201469421,0.8541752099990845,1.284706473350525,-0.16405919194221497,0.12776537239551544,0.7883082628250122,1.3020211458206177,0.2630201280117035,0.08963052928447723,0.8616294860839844,1.5474610328674316,0.02490663155913353,0.012366648763418198,0.7965539693832397,1.5675877332687378,0.34111303091049194,0.01027253083884716,0.8797787427902222,1.596713900566101,0.038170453161001205,0.030519424006342888,0.8055750131607056,1.6153771877288818,0.3443458080291748,0.021832188591361046,0.8087528347969055,1.5950894355773926,-0.08071756362915039,0.014747804030776024,0.7552326321601868,1.6173100471496582,0.21881921589374542,0.010103922337293625
0.7468324899673462,0.5759841203689575,0.0006494401022791862,0.9994888305664062,0.754956841468811,0.5501922965049744,-0.041644297540187836,0.9996155500411987,0.7600749135017395,0.5468263626098633,-0.041783176362514496,0.999645471572876,0.7653204202651978,0.5433389544487,-0.04192760959267616,0.9997460842132568,0.745794951915741,0.5549905300140381,0.02097144164144993,0.9995542168617249,0.7442365288734436,0.5553847551345825,0.02104799821972847,0.999276340007782,0.7423998713493347,0.556045413017273,0.020825227722525597,0.9994795322418213,0.7938840389251709,0.5335779786109924,-0.1449064165353775,0.9998245239257812,0.7619893550872803,0.552075982093811,0.14521878957748413,0.9996716380119324,0.7608530521392822,0.5918422341346741,-0.03083682432770729,0.9990265369415283,0.7517518401145935,0.5958538055419922,0.05188398435711861,0.9981117248535156,0.8541223406791687,0.6097458600997925,-0.28632110357284546,0.9987680315971375,0.7905768752098083,0.6556528210639954,0.3485431671142578,0.9967912435531616,0.7037193775177002,0.5073512196540833,-0.35661882162094116,0.9889463186264038,0.6968759298324585,0.6408951282501221,0.600974440574646,0.49185910820961,0.6229784488677979,0.5319647789001465,0.06593666970729828,0.7186274528503418,0.6253044605255127,0.6124563813209534,0.73216712474823,0.22962602972984314,0.5995810627937317,0.5271756052970886,0.060577839612960815,0.521963357925415,0.635894775390625,0.6460176706314087,0.7637562155723572,0.1953190267086029,0.6209359169006348,0.552280843257904,0.08661303669214249,0.5220848321914673,0.6394654512405396,0.6534629464149475,0.7519434690475464,0.21664810180664062,0.6314747929573059,0.5615700483322144,0.08121057599782944,0.5350772738456726,0.645889163017273,0.6568178534507751,0.7201343178749084,0.2342126965522766,0.873752772808075,1.0321799516677856,-0.18005716800689697,0.9426631331443787,0.8079444169998169,1.0399147272109985,0.18068845570087433,0.9547209143638611,0.8536911010742188,1.2780123949050903,-0.1646142452955246,0.1365412026643753,0.7889530062675476,1.2994506359100342,0.26414841413497925,0.09561235457658768,0.8614450693130493,1.5438116788864136,-0.0008054552599787712,0.0137760816141963,0.7995947599411011,1.5672895908355713,0.34642288088798523,0.011348770931363106,0.8796537518501282,1.5945402383804321,0.00941482000052929,0.03436572477221489,0.8098349571228027,1.614831566810608,0.3495120704174042,0.023789098486304283,0.8086312413215637,1.5904244184494019,-0.09391292184591293,0.016053343191742897,0.7574487328529358,1.617003083229065,0.22775086760520935,0.01067145261913538
0.7471564412117004,0.5754310488700867,0.001681838883087039,0.9994856119155884,0.7554046511650085,0.5497884750366211,-0.03789795935153961,0.9996119141578674,0.7606756091117859,0.5464173555374146,-0.038002144545316696,0.9996433854103088,0.7661758661270142,0.5428723692893982,-0.038122039288282394,0.9997449517250061,0.7458905577659607,0.5546299815177917,0.022792840376496315,0.9995515942573547,0.7442564368247986,0.555079996585846,0.022935379296541214,0.9992734789848328,0.7423971891403198,0.5557938814163208,0.022695299237966537,0.9994779825210571,0.7946624755859375,0.5332585573196411,-0.1260119527578354,0.9998223781585693,0.7614193558692932,0.5520837306976318,0.1526327282190323,0.9996652007102966,0.7612313628196716,0.5910571813583374,-0.026851821690797806,0.9990175366401672,0.751792848110199,0.5952005982398987,0.0537390299141407,0.9980869293212891,0.8568283319473267,0.6086877584457397,-0.26330509781837463,0.9986875057220459,0.7890704870223999,0.65518718957901,0.3484908938407898,0.9967566728591919,0.7043558359146118,0.5086871385574341,-0.35410115122795105,0.9891325831413269,0.6904457807540894,0.6403436660766602,0.5818783044815063,0.4993784725666046,0.6093512773513794,0.5300052762031555,0.037510309368371964,0.7098535895347595,0.6253963708877563,0.6141200661659241,0.6735705733299255,0.21528679132461548,0.582223117351532,0.5261707305908203,0.027768205851316452,0.5021323561668396,0.632571816444397,0.6506826281547546,0.6981397867202759,0.18339231610298157,0.6062410473823547,0.5492369532585144,0.05754999443888664,0.5013564825057983,0.6361090540885925,0.6528145670890808,0.6814335584640503,0.20377607643604279,0.6179371476173401,0.5581802129745483,0.053599100559949875,0.5173689126968384,0.6426682472229004,0.6552673578262329,0.6590412855148315,0.22135783731937408,0.8719256520271301,1.0135257244110107,-0.1720593422651291,0.9440146684646606,0.8044756054878235,1.0370502471923828,0.17289015650749207,0.9555407166481018,0.8544265031814575,1.278164029121399,-0.18657436966896057,0.1321561485528946,0.7843709588050842,1.2975375652313232,0.2668965458869934,0.09410730749368668,0.8629572987556458,1.5431568622589111,-0.07560232281684875,0.013080736622214317,0.7993503212928772,1.564174771308899,0.35306817293167114,0.01081772055476904,0.8803650736808777,1.5944178104400635,-0.07153236120939255,0.03318369761109352,0.8095825910568237,1.6100842952728271,0.3562273383140564,0.022983668372035027,0.8151982426643372,1.590543270111084,-0.21630623936653137,0.015239044092595577,0.7593346834182739,1.616198182106018,0.2204694002866745,0.010146142914891243
0.7471848726272583,0.5753901600837708,0.011395366862416267,0.9994818568229675,0.7554087042808533,0.5497876405715942,-0.0308403130620718,0.9996059536933899,0.7606791257858276,0.5464157462120056,-0.030945593491196632,0.9996421933174133,0.766177773475647,0.5428645014762878,-0.03110271319746971,0.9997423887252808,0.7459245920181274,0.554619550704956,0.030700406059622765,0.9995419979095459,0.7442854046821594,0.5550668239593506,0.03083443082869053,0.9992645978927612,0.7424169182777405,0.5557785034179688,0.03060763143002987,0.9994695782661438,0.7946524620056152,0.5330832004547119,-0.1269742101430893,0.9998226761817932,0.7612731456756592,0.5520980358123779,0.153194397687912,0.9996635913848877,0.7612358331680298,0.5909407734870911,-0.0200805626809597,0.9990141987800598,0.7518236041069031,0.5950841903686523,0.061551809310913086,0.998087465763092,0.856975257396698,0.6073959469795227,-0.26647281646728516,0.9986868500709534,0.7909501194953918,0.6548892855644226,0.34995236992836,0.9967331290245056,0.7025288343429565,0.49881812930107117,-0.34861141443252563,0.9891317486763,0.7079524993896484,0.6374768614768982,0.598665177822113,0.4868914484977722,0.609788715839386,0.5273678302764893,0.06506633013486862,0.686751663684845,0.6654916405677795,0.6229046583175659,0.7365106344223022,0.19814738631248474,0.5841291546821594,0.5240566730499268,0.059632450342178345,0.47496190667152405,0.6610021591186523,0.6322315335273743,0.7689605355262756,0.1690482348203659,0.6092895269393921,0.5485938191413879,0.09067739546298981,0.4745258688926697,0.6645640730857849,0.6351340413093567,0.7631347179412842,0.1881324201822281,0.6206261515617371,0.557280957698822,0.08197736740112305,0.4912776052951813,0.667517900466919,0.6376187205314636,0.7279099822044373,0.20472705364227295,0.8717214465141296,1.0181868076324463,-0.17297618091106415,0.9453448057174683,0.8046134114265442,1.0370802879333496,0.17367690801620483,0.9565650224685669,0.8523842692375183,1.2781058549880981,-0.1655103862285614,0.14258302748203278,0.7842938899993896,1.2974294424057007,0.2669416069984436,0.10150259733200073,0.8602045178413391,1.5426403284072876,-0.02206934615969658,0.01492712926119566,0.798453688621521,1.5637577772140503,0.3495214581489563,0.012120201252400875,0.8785387277603149,1.5934752225875854,-0.011832982301712036,0.037793003022670746,0.8085695505142212,1.609792947769165,0.3526179790496826,0.025724435225129128,0.8076256513595581,1.5901046991348267,-0.1289905309677124,0.01673259772360325,0.7586389183998108,1.6156114339828491,0.2245740443468094,0.010817211121320724
0.7470299005508423,0.5740991234779358,0.011944709345698357,0.9995072484016418,0.7552405595779419,0.5487129092216492,-0.027570649981498718,0.9996234178543091,0.760572075843811,0.5453354716300964,-0.0276876799762249,0.9996596574783325,0.7661365270614624,0.5417328476905823,-0.02785538136959076,0.9997541904449463,0.7456589341163635,0.55353182554245,0.031847450882196426,0.9995630383491516,0.7439514398574829,0.5540021657943726,0.03197453171014786,0.999299943447113,0.7420254349708557,0.5547443628311157,0.03176010772585869,0.9994931221008301,0.79478919506073,0.531801700592041,-0.11697135865688324,0.99983149766922,0.7606616020202637,0.551594614982605,0.15322397649288177,0.9996811747550964,0.7612288594245911,0.5899388790130615,-0.01669817417860031,0.9990535378456116,0.7517131567001343,0.5941250324249268,0.06205923110246658,0.9981746077537537,0.8572079539299011,0.6066086292266846,-0.24663114547729492,0.9986515641212463,0.7909883260726929,0.6549198627471924,0.3441067337989807,0.9966087937355042,0.7030298113822937,0.4998568594455719,-0.3191485106945038,0.9887585639953613,0.7107341289520264,0.6380928158760071,0.5709222555160522,0.47380828857421875,0.6128254532814026,0.5235660672187805,0.08054149150848389,0.6735096573829651,0.6548440456390381,0.6182884573936462,0.6776213049888611,0.18344372510910034,0.5889337062835693,0.5173527598381042,0.07588107883930206,0.46018925309181213,0.6510948538780212,0.6386138200759888,0.6999567747116089,0.1570712774991989,0.6133321523666382,0.5409762859344482,0.10304544866085052,0.4608856737613678,0.6544293165206909,0.641835629940033,0.693219006061554,0.1752823293209076,0.6238137483596802,0.5507575273513794,0.09538360685110092,0.4782603681087494,0.6592426896095276,0.6444921493530273,0.6667389869689941,0.19101504981517792,0.86834716796875,1.0100311040878296,-0.16479986906051636,0.9413886070251465,0.8048826456069946,1.0362064838409424,0.16535863280296326,0.9526162147521973,0.8488829731941223,1.2672029733657837,-0.15878744423389435,0.1532777100801468,0.7842669486999512,1.2909809350967407,0.22271589934825897,0.1082024872303009,0.8561636209487915,1.536163091659546,-0.021897131577134132,0.016375618055462837,0.7958664894104004,1.5588619709014893,0.2672155499458313,0.013049539178609848,0.8761616945266724,1.5898151397705078,-0.011547667905688286,0.04139707237482071,0.8064095377922058,1.6061331033706665,0.2666991651058197,0.02698126621544361,0.7960341572761536,1.5777002573013306,-0.12315503507852554,0.018095657229423523,0.7525535225868225,1.6062805652618408,0.14476421475410461,0.011429434642195702
0.7470229864120483,0.5733404159545898,0.01138499565422535,0.9995209574699402,0.75519859790802,0.5478790402412415,-0.02814025804400444,0.9996323585510254,0.7605500817298889,0.544432520866394,-0.028261039406061172,0.9996699094772339,0.7661320567131042,0.5407136082649231,-0.02841947041451931,0.999760627746582,0.745594322681427,0.5527962446212769,0.0315837636590004,0.9995738863945007,0.743863046169281,0.5533005595207214,0.031715814024209976,0.9993194341659546,0.7419252991676331,0.5540730357170105,0.03149913623929024,0.9995038509368896,0.7948943376541138,0.5306565761566162,-0.1181945949792862,0.9998369216918945,0.7605252265930176,0.5511465072631836,0.1530275046825409,0.9996898174285889,0.7613149881362915,0.5890519618988037,-0.017432834953069687,0.99907386302948,0.7517291903495789,0.5934396982192993,0.06185907870531082,0.998223066329956,0.8572481274604797,0.6060524582862854,-0.25043195486068726,0.9986318349838257,0.7910621166229248,0.6545982360839844,0.3426819443702698,0.996529757976532,0.703321635723114,0.5013999342918396,-0.32321739196777344,0.9888348579406738,0.7006353139877319,0.6404548287391663,0.5706454515457153,0.46599188446998596,0.613330066204071,0.5244934558868408,0.0795155018568039,0.6627345681190491,0.662948489189148,0.6189486384391785,0.6777499318122864,0.16939522325992584,0.5891839265823364,0.5187016725540161,0.07437613606452942,0.44470471143722534,0.6541502475738525,0.6344655156135559,0.701532244682312,0.145170658826828,0.6134260892868042,0.5414122939109802,0.10085232555866241,0.44592177867889404,0.6577726006507874,0.6378098726272583,0.6935186982154846,0.16224819421768188,0.6241539716720581,0.5509936213493347,0.09465046972036362,0.46403324604034424,0.6626209616661072,0.6410906314849854,0.6667567491531372,0.17718370258808136,0.8679569363594055,1.0053744316101074,-0.1645795851945877,0.9417656064033508,0.8055529594421387,1.034362554550171,0.16511976718902588,0.9525609016418457,0.8487673997879028,1.2620114088058472,-0.16178512573242188,0.1630929559469223,0.7842660546302795,1.2867927551269531,0.23561207950115204,0.11553534865379333,0.8560932278633118,1.5310101509094238,-0.03588638827204704,0.018150698393583298,0.7955809831619263,1.5547678470611572,0.2961105704307556,0.01434214599430561,0.8761544227600098,1.5845239162445068,-0.027077633887529373,0.04624094069004059,0.8062275648117065,1.6021173000335693,0.2971366345882416,0.029451657086610794,0.7958598732948303,1.573518991470337,-0.13752397894859314,0.01954873837530613,0.7521937489509583,1.601785659790039,0.17547127604484558,0.012113600037992
0.7470192909240723,0.5726276636123657,0.027832219377160072,0.9995353817939758,0.7551906704902649,0.5472277402877808,-0.009809755720198154,0.9996422529220581,0.760547935962677,0.5438071489334106,-0.00994484405964613,0.9996809363365173,0.7661374807357788,0.5401022434234619,-0.010127759538590908,0.9997683167457581,0.7455776929855347,0.5521323084831238,0.047259505838155746,0.9995847940444946,0.7438250184059143,0.5526883602142334,0.04737228527665138,0.9993376135826111,0.7418652772903442,0.5535045862197876,0.04715758562088013,0.9995150566101074,0.7952070832252502,0.5301942229270935,-0.0991075187921524,0.9998429417610168,0.7599136233329773,0.5511311888694763,0.1619214117527008,0.9997004270553589,0.7613266706466675,0.5887572169303894,0.00019703604630194604,0.999103307723999,0.7517142295837402,0.5931281447410583,0.07575277239084244,0.9982770085334778,0.8569914698600769,0.605563759803772,-0.22413448989391327,0.9986118078231812,0.791081964969635,0.6544040441513062,0.3430284559726715,0.9963720440864563,0.7035900354385376,0.4986076056957245,-0.2840438783168793,0.9888002276420593,0.7018404006958008,0.6417697072029114,0.5756223797798157,0.4574659764766693,0.6169537305831909,0.5253745913505554,0.13416104018688202,0.6444413661956787,0.6741064190864563,0.6220667362213135,0.6879382133483887,0.15626509487628937,0.5941491723060608,0.5200487375259399,0.13431082665920258,0.42440319061279297,0.6656601428985596,0.6314070820808411,0.7152156829833984,0.13417953252792358,0.6183668375015259,0.5428510308265686,0.16053882241249084,0.42602673172950745,0.6696704626083374,0.6349037885665894,0.6984268426895142,0.15018145740032196,0.6286578178405762,0.5522730350494385,0.14928235113620758,0.4451660215854645,0.6736059188842773,0.6381244659423828,0.6736884117126465,0.16424940526485443,0.8671275973320007,1.0002915859222412,-0.15986190736293793,0.9414710402488708,0.8059328198432922,1.0333560705184937,0.16025890409946442,0.9515978097915649,0.8468307256698608,1.2575738430023193,-0.15988363325595856,0.17999622225761414,0.7835453748703003,1.284593105316162,0.2216983288526535,0.12636323273181915,0.8549039959907532,1.5269429683685303,-0.03750209882855415,0.02106601744890213,0.7955363988876343,1.5525658130645752,0.259949266910553,0.015931734815239906,0.8754274249076843,1.5810152292251587,-0.02941526100039482,0.05335421860218048,0.8061631917953491,1.599912166595459,0.2591560482978821,0.032341450452804565,0.7933446764945984,1.568737506866455,-0.13723644614219666,0.021633952856063843,0.7519382834434509,1.5995999574661255,0.14361445605754852,0.012999562546610832
0.7469674348831177,0.5724707245826721,0.024213293567299843,0.9995195865631104,0.7551586031913757,0.5470580458641052,-0.013679293915629387,0.9996309876441956,0.7605270743370056,0.5436204671859741,-0.013819368556141853,0.9996720552444458,0.7661334872245789,0.5398997068405151,-0.013979926705360413,0.9997626543045044,0.7455132007598877,0.5520079731941223,0.044501472264528275,0.9995722770690918,0.7437313199043274,0.5525795221328735,0.0446154810488224,0.9993175864219666,0.7417488098144531,0.5534147024154663,0.04440297931432724,0.9995008111000061,0.7952264547348022,0.5301095843315125,-0.10395600646734238,0.9998385906219482,0.7596365809440613,0.5511179566383362,0.16174595057964325,0.9996912479400635,0.7613227367401123,0.588414192199707,-0.0037788026966154575,0.9990813136100769,0.7516074180603027,0.592863142490387,0.0732601210474968,0.9982357025146484,0.8569188117980957,0.6053801774978638,-0.23593051731586456,0.9985591173171997,0.7910616397857666,0.6537777781486511,0.342865914106369,0.9962738156318665,0.7013275027275085,0.4997442364692688,-0.305935800075531,0.9888632893562317,0.704586386680603,0.6426480412483215,0.5786914229393005,0.44893568754196167,0.6115739941596985,0.5260694026947021,0.10715673118829727,0.6278846859931946,0.6830123066902161,0.6273931860923767,0.6891883611679077,0.1447151154279709,0.5876914858818054,0.5208818912506104,0.10289998352527618,0.4048555791378021,0.6749238967895508,0.6346982717514038,0.7183313965797424,0.1245349794626236,0.6127323508262634,0.5436408519744873,0.13223831355571747,0.4064619839191437,0.6786192059516907,0.6372612714767456,0.6993666887283325,0.1396035999059677,0.6235997676849365,0.5530910491943359,0.12334170192480087,0.42691072821617126,0.6816710233688354,0.6399540305137634,0.6754470467567444,0.15305621922016144,0.8653649091720581,1.000547170639038,-0.16095535457134247,0.9435705542564392,0.805195152759552,1.032165765762329,0.16141188144683838,0.9530625939369202,0.8468390703201294,1.261741042137146,-0.15752875804901123,0.18066611886024475,0.7834799885749817,1.284731388092041,0.24321547150611877,0.12574133276939392,0.8558298945426941,1.5289173126220703,-0.03680107742547989,0.020813342183828354,0.7966591715812683,1.5527117252349854,0.3272744119167328,0.01569085754454136,0.8759410977363586,1.581679105758667,-0.027693677693605423,0.053011205047369,0.8073145151138306,1.599936604499817,0.3312777876853943,0.03202176094055176,0.7980106472969055,1.5730974674224854,-0.13904252648353577,0.021184606477618217,0.757915198802948,1.602197527885437,0.20540836453437805,0.012649395503103733
0.7467915415763855,0.5727134943008423,0.031921278685331345,0.9995102882385254,0.7549875974655151,0.5471599102020264,-0.007809292525053024,0.9996205568313599,0.7603284120559692,0.5437155961990356,-0.007960508577525616,0.999666154384613,0.765923798084259,0.5399923920631409,-0.008122257888317108,0.9997573494911194,0.7454281449317932,0.5520967245101929,0.05135844275355339,0.9995596408843994,0.743662416934967,0.552651584148407,0.051464639604091644,0.9993007779121399,0.7417029142379761,0.5534675717353821,0.05124051123857498,0.9994845390319824,0.7951830625534058,0.5301240682601929,-0.10567712783813477,0.9998363256454468,0.7596051096916199,0.5511201024055481,0.16458886861801147,0.9996845126152039,0.7611550092697144,0.5885334610939026,0.0009201358770951629,0.9990633130073547,0.7514846324920654,0.5929550528526306,0.07915244996547699,0.9982041716575623,0.8564422726631165,0.6052944660186768,-0.23957757651805878,0.9984655976295471,0.7919442057609558,0.6533767580986023,0.3445500433444977,0.9959953427314758,0.7002137899398804,0.50053471326828,-0.3089756369590759,0.9886200428009033,0.7234809994697571,0.643200695514679,0.5819805860519409,0.4355102777481079,0.6112492680549622,0.5265637040138245,0.10489960759878159,0.6103173494338989,0.683830738067627,0.6290566325187683,0.7067220211029053,0.13344085216522217,0.5874431729316711,0.5215489268302917,0.102205790579319,0.3869691491127014,0.6760455965995789,0.6318851113319397,0.7380791902542114,0.1151953637599945,0.6126362085342407,0.5443534851074219,0.13124239444732666,0.38877010345458984,0.6786589622497559,0.6341976523399353,0.7271796464920044,0.12931324541568756,0.6235250234603882,0.5536892414093018,0.12122593820095062,0.4096333682537079,0.6817634105682373,0.6369673013687134,0.6965504884719849,0.14196379482746124,0.8653870820999146,1.009316325187683,-0.16168925166130066,0.9438866972923279,0.8052902221679688,1.0322256088256836,0.16217434406280518,0.952982485294342,0.8463900685310364,1.262054443359375,-0.17452839016914368,0.19192640483379364,0.7830566763877869,1.284814476966858,0.24221007525920868,0.1327865868806839,0.8556696176528931,1.5290939807891846,-0.06377243250608444,0.02250610664486885,0.7966018319129944,1.5535428524017334,0.3016817271709442,0.016824645921587944,0.8756709098815918,1.5816892385482788,-0.056570589542388916,0.05742741748690605,0.8073922395706177,1.6008014678955078,0.3021911084651947,0.03416464850306511,0.798089861869812,1.5734612941741943,-0.16863203048706055,0.02247687242925167,0.7576128244400024,1.6030800342559814,0.18107035756111145,0.01321195438504219
0.7462127208709717,0.5727848410606384,0.014681247994303703,0.9995000958442688,0.754593551158905,0.5472560524940491,-0.02422739937901497,0.999611496925354,0.7600170373916626,0.5438263416290283,-0.024358103051781654,0.9996564984321594,0.7657083868980408,0.5401143431663513,-0.024499785155057907,0.9997518062591553,0.744848370552063,0.5521793365478516,0.035255689173936844,0.9995518922805786,0.7430099248886108,0.5527369976043701,0.035400692373514175,0.9992873072624207,0.7410114407539368,0.5535541772842407,0.03514816612005234,0.9994781613349915,0.7951139211654663,0.5302848219871521,-0.1153925210237503,0.9998304843902588,0.7588967680931091,0.5513246655464172,0.15850576758384705,0.9996756911277771,0.7607999444007874,0.5886003375053406,-0.013692786917090416,0.9990514516830444,0.7507316470146179,0.592991054058075,0.06541220843791962,0.9981889128684998,0.8563749194145203,0.6053351163864136,-0.25011008977890015,0.9984108805656433,0.7914806008338928,0.653939962387085,0.3432154059410095,0.9960135817527771,0.6999269723892212,0.5027592778205872,-0.3274322748184204,0.9887011051177979,0.7216446995735168,0.6564181447029114,0.5767497420310974,0.4373032748699188,0.6017073392868042,0.5269153118133545,0.08011165261268616,0.6030531525611877,0.6757580041885376,0.64958256483078,0.6810616254806519,0.1256731003522873,0.5749649405479431,0.5219619870185852,0.07187509536743164,0.37429267168045044,0.6581510901451111,0.6430677771568298,0.7068506479263306,0.10862201452255249,0.5997703075408936,0.5448604226112366,0.10683751106262207,0.37560105323791504,0.6606872081756592,0.6434313654899597,0.6907967329025269,0.12216144800186157,0.6114417314529419,0.5541196465492249,0.09813635796308517,0.3977847099304199,0.665655255317688,0.6461420059204102,0.667337954044342,0.13470551371574402,0.8650064468383789,1.0177056789398193,-0.16189557313919067,0.9452505707740784,0.8010767698287964,1.0323071479797363,0.16245098412036896,0.953728973865509,0.845744788646698,1.267493486404419,-0.173655167222023,0.18592892587184906,0.7807518839836121,1.2853127717971802,0.2860967814922333,0.12788186967372894,0.8556257486343384,1.5312453508377075,-0.05817192792892456,0.02153044566512108,0.7944827079772949,1.5534881353378296,0.40666693449020386,0.016106629744172096,0.8753529787063599,1.582255482673645,-0.049072109162807465,0.055072151124477386,0.8043920397758484,1.600055456161499,0.4141046106815338,0.032988518476486206,0.798797070980072,1.5776163339614868,-0.16455428302288055,0.021562185138463974,0.7574887275695801,1.6034071445465088,0.2832106351852417,0.012742387130856514
0.7462447285652161,0.5709090828895569,0.026363655924797058,0.9995073080062866,0.7546194791793823,0.545731782913208,-0.011549333110451698,0.9996114373207092,0.7600423097610474,0.5423812866210938,-0.011688082478940487,0.99965900182724,0.765743613243103,0.5387285947799683,-0.011844289489090443,0.9997531175613403,0.7448684573173523,0.550567626953125,0.047448817640542984,0.9995529055595398,0.7430164813995361,0.5511655211448669,0.04756362363696098,0.9992906451225281,0.7410115003585815,0.5520359873771667,0.04731837287545204,0.9994768500328064,0.7951245307922363,0.5295446515083313,-0.10241375118494034,0.9998320937156677,0.7586053609848022,0.5506376028060913,0.16917219758033752,0.9996741414070129,0.7608227133750916,0.5870231986045837,-0.001941624446772039,0.9990612864494324,0.7507287263870239,0.5913117527961731,0.07631419599056244,0.9982012510299683,0.8558915853500366,0.6049890518188477,-0.24189522862434387,0.9983862638473511,0.7910342216491699,0.653767466545105,0.3555367588996887,0.9959111213684082,0.7007200121879578,0.5002244114875793,-0.3191430866718292,0.9888553023338318,0.7190425992012024,0.6545604467391968,0.5820335745811462,0.43523555994033813,0.6025497317314148,0.5259668231010437,0.0938820093870163,0.5932742357254028,0.6731007099151611,0.6480455994606018,0.6864832639694214,0.1173294335603714,0.57513028383255,0.52165687084198,0.09058401733636856,0.36190348863601685,0.6590715646743774,0.6382821798324585,0.7137216329574585,0.10162489116191864,0.6003113985061646,0.5444332361221313,0.12172713130712509,0.3633038103580475,0.6616142392158508,0.6395015120506287,0.6929000616073608,0.11445299535989761,0.6125034689903259,0.5534992218017578,0.11109819263219833,0.3854714632034302,0.6664398908615112,0.6424669623374939,0.6718462705612183,0.12640297412872314,0.8646968007087708,1.007643222808838,-0.16227386891841888,0.9458085298538208,0.8012762069702148,1.03196120262146,0.16271457076072693,0.9540892839431763,0.8430405855178833,1.2644962072372437,-0.18096652626991272,0.2026245892047882,0.7805958986282349,1.2843722105026245,0.2632029056549072,0.14078421890735626,0.8542691469192505,1.530032753944397,-0.06984640657901764,0.025408228859305382,0.7942256331443787,1.553521990776062,0.30865198373794556,0.018655134364962578,0.874272346496582,1.5816025733947754,-0.06275048106908798,0.06390570849180222,0.8043437004089355,1.600258708000183,0.3077734112739563,0.037606168538331985,0.7962204813957214,1.5754345655441284,-0.17652997374534607,0.024726612493395805,0.7543671131134033,1.6031622886657715,0.18948526680469513,0.014220377430319786
0.7459370493888855,0.5715515613555908,0.017337340861558914,0.9994906783103943,0.7541486620903015,0.5460735559463501,-0.021374404430389404,0.9995959997177124,0.7594562768936157,0.5427566766738892,-0.021530235186219215,0.9996483325958252,0.7650469541549683,0.5391451716423035,-0.02168314903974533,0.999744176864624,0.7445851564407349,0.5508324503898621,0.03837619721889496,0.9995341300964355,0.7427736520767212,0.5513908267021179,0.03847835585474968,0.9992632865905762,0.7408180832862854,0.5522149801254272,0.03825630992650986,0.999453604221344,0.7945269346237183,0.5297282934188843,-0.11516366899013519,0.9998281002044678,0.7584871053695679,0.5507056713104248,0.16023531556129456,0.9996597170829773,0.7606126070022583,0.5876895785331726,-0.011486345902085304,0.9990217685699463,0.75058913230896,0.5918583273887634,0.06779609620571136,0.998128354549408,0.8558779954910278,0.6050443649291992,-0.24839818477630615,0.9983343482017517,0.7910436391830444,0.6539099216461182,0.3507913649082184,0.9956655502319336,0.7007822394371033,0.50029057264328,-0.32658812403678894,0.9885173439979553,0.716093897819519,0.6534799337387085,0.5780146718025208,0.4232604503631592,0.6052721738815308,0.5261816382408142,0.08745179325342178,0.5795345306396484,0.6788696050643921,0.6436371207237244,0.681062638759613,0.10887560993432999,0.5793266296386719,0.521926999092102,0.08256271481513977,0.3486277163028717,0.6698607802391052,0.6305016875267029,0.7059875130653381,0.09463700652122498,0.6048074960708618,0.5445854663848877,0.11245012283325195,0.35071441531181335,0.6715186834335327,0.633147656917572,0.694491982460022,0.10683971643447876,0.6165012121200562,0.5535887479782104,0.10372277349233627,0.37294334173202515,0.6750088930130005,0.6369813680648804,0.6689320206642151,0.11818656325340271,0.8657294511795044,1.0171128511428833,-0.1641862988471985,0.9435282945632935,0.8026431798934937,1.0332872867584229,0.16465434432029724,0.9517354369163513,0.8448042869567871,1.2660726308822632,-0.18014773726463318,0.2090609222650528,0.7825429439544678,1.288295865058899,0.2545923590660095,0.14444498717784882,0.8557261228561401,1.5320048332214355,-0.06143355369567871,0.02650388702750206,0.7959529161453247,1.5578441619873047,0.3053763508796692,0.01926392875611782,0.875726044178009,1.5838031768798828,-0.05430331081151962,0.06685589998960495,0.8064299821853638,1.6055545806884766,0.30568361282348633,0.038752540946006775,0.7971450686454773,1.577368974685669,-0.17125637829303741,0.025974970310926437,0.7554171681404114,1.6054033041000366,0.18282856047153473,0.014643318951129913
0.7459691762924194,0.570970356464386,0.012366141192615032,0.9994968771934509,0.7541817426681519,0.545521080493927,-0.02623237669467926,0.9996004104614258,0.7594807744026184,0.5422796010971069,-0.026364315301179886,0.9996517300605774,0.7650666832923889,0.5387575030326843,-0.02648373506963253,0.9997475743293762,0.7446693778038025,0.5501930117607117,0.03530120104551315,0.9995414018630981,0.7428749799728394,0.5507428646087646,0.03544086217880249,0.9992729425430298,0.7409391403198242,0.5515527129173279,0.035212572664022446,0.9994616508483887,0.7946182489395142,0.5296383500099182,-0.11969725787639618,0.9998307228088379,0.7586554884910583,0.5502541661262512,0.16048592329025269,0.9996601939201355,0.7606654167175293,0.5875240564346313,-0.01690305583178997,0.9990328550338745,0.7506355047225952,0.5916197896003723,0.06480579078197479,0.9981468915939331,0.8558576703071594,0.6056658625602722,-0.2636776566505432,0.9983481168746948,0.7919008135795593,0.6543190479278564,0.35552266240119934,0.9957807064056396,0.700851321220398,0.5008419752120972,-0.3463469445705414,0.9887844920158386,0.7061075568199158,0.6533951163291931,0.5794111490249634,0.4221199154853821,0.6056541800498962,0.5262786149978638,0.06815924495458603,0.5827677845954895,0.6542852520942688,0.6317773461341858,0.6831299662590027,0.1029779314994812,0.579707682132721,0.521386444568634,0.059067655354738235,0.345450758934021,0.6556265354156494,0.6667941808700562,0.7096515893936157,0.08967401832342148,0.6050482988357544,0.544632077217102,0.09275707602500916,0.34706345200538635,0.6577521562576294,0.6680031418800354,0.6959680914878845,0.10146195441484451,0.6166689991950989,0.5538230538368225,0.08559807389974594,0.3699854910373688,0.6631442904472351,0.6709409952163696,0.6699651479721069,0.11282163858413696,0.8649482727050781,1.0138822793960571,-0.1665894240140915,0.9437154531478882,0.8032528162002563,1.0340949296951294,0.167219877243042,0.9520443677902222,0.8465778231620789,1.2741416692733765,-0.18469732999801636,0.21031051874160767,0.7830851078033447,1.294148325920105,0.2666923403739929,0.14563879370689392,0.8571480512619019,1.5376518964767456,-0.06150291487574577,0.026679884642362595,0.7974389791488647,1.5633950233459473,0.34080180525779724,0.019297920167446136,0.8764521479606628,1.5887064933776855,-0.0545722134411335,0.06779565662145615,0.8081914186477661,1.6114224195480347,0.3433205485343933,0.03928826004266739,0.800294041633606,1.5838379859924316,-0.18051323294639587,0.026393091306090355,0.7566989660263062,1.6115615367889404,0.21432054042816162,0.01483464427292347
0.7459760904312134,0.5709905624389648,0.0056898510083556175,0.9994752407073975,0.7541800737380981,0.5455251336097717,-0.03194868192076683,0.9995834827423096,0.7594749927520752,0.5422828197479248,-0.0320805087685585,0.999638020992279,0.7650614380836487,0.5387593507766724,-0.03221680968999863,0.9997374415397644,0.7446816563606262,0.5501968860626221,0.028147557750344276,0.9995241761207581,0.7428933382034302,0.5507474541664124,0.028258655220270157,0.9992499351501465,0.7409677505493164,0.5515590906143188,0.028040874749422073,0.9994446635246277,0.7946067452430725,0.5296404361724854,-0.12301217019557953,0.9998236298561096,0.7587019205093384,0.5502601265907288,0.15202191472053528,0.999650776386261,0.7606649994850159,0.5875371694564819,-0.02243923582136631,0.9989915490150452,0.7506417036056519,0.5916321277618408,0.05722683668136597,0.9980705976486206,0.8558347821235657,0.6060629487037659,-0.2645637094974518,0.9983391761779785,0.7925053834915161,0.6554673314094543,0.3473901152610779,0.9957372546195984,0.7016106843948364,0.5010079741477966,-0.3544278144836426,0.9889403581619263,0.7019088268280029,0.6532155275344849,0.5801447033882141,0.418606162071228,0.6053957939147949,0.5263230204582214,0.03063133731484413,0.5890869498252869,0.6412137746810913,0.6274486184120178,0.6994204521179199,0.09899966418743134,0.5795038938522339,0.5205971598625183,0.02092306688427925,0.3489174246788025,0.6499561071395874,0.6654884219169617,0.7285536527633667,0.08635181933641434,0.6037167906761169,0.5439861416816711,0.053563863039016724,0.35049140453338623,0.6518912315368652,0.6682527661323547,0.7159998416900635,0.09794444590806961,0.6152617335319519,0.5535959005355835,0.047288015484809875,0.37303903698921204,0.658216655254364,0.6718170642852783,0.6870916485786438,0.10920204967260361,0.8648350834846497,1.0080868005752563,-0.16545017063617706,0.9441143274307251,0.8039623498916626,1.0342777967453003,0.1660340130329132,0.9520593881607056,0.8464609980583191,1.2739580869674683,-0.15833309292793274,0.20986628532409668,0.7830017805099487,1.2939039468765259,0.24502739310264587,0.1462962031364441,0.8566150665283203,1.5375748872756958,-0.005084652453660965,0.026558615267276764,0.7973930239677429,1.5630844831466675,0.31564366817474365,0.019281983375549316,0.8761312365531921,1.5885618925094604,0.005606357473880053,0.06727278232574463,0.8081547617912292,1.6110684871673584,0.31763628125190735,0.03875964134931564,0.7989585995674133,1.5837217569351196,-0.11090930551290512,0.02637968584895134,0.7568247318267822,1.6119492053985596,0.1881074607372284,0.014779999852180481
0.745832085609436,0.5698707103729248,0.03235341235995293,0.9995046257972717,0.7541034817695618,0.544672429561615,-0.004721979610621929,0.9996061325073242,0.759373664855957,0.5414904952049255,-0.004835952073335648,0.9996579885482788,0.76494961977005,0.538021445274353,-0.004942847415804863,0.9997521638870239,0.7446736097335815,0.5492569208145142,0.05646037310361862,0.9995503425598145,0.7428932785987854,0.5497940182685852,0.05661516636610031,0.9992914199829102,0.7409771084785461,0.5505743026733398,0.056392330676317215,0.9994755387306213,0.7945677042007446,0.529338002204895,-0.0997672751545906,0.9998334050178528,0.7588181495666504,0.5495278239250183,0.18084892630577087,0.9996687173843384,0.7604446411132812,0.5867824554443359,0.0016326389741152525,0.9990454316139221,0.7504808902740479,0.5907369256019592,0.0828336626291275,0.9981676936149597,0.8541502952575684,0.6061385869979858,-0.24666085839271545,0.998414158821106,0.7927325963973999,0.6557967662811279,0.36881548166275024,0.9958553314208984,0.7016562223434448,0.5012632012367249,-0.3413575291633606,0.9891571998596191,0.7004929780960083,0.6528030633926392,0.5951321125030518,0.4171615242958069,0.6054103374481201,0.5260937809944153,0.039746321737766266,0.5945926308631897,0.6396089196205139,0.623848021030426,0.703181803226471,0.09462316334247589,0.5799145102500916,0.5192549228668213,0.031377557665109634,0.3506201207637787,0.6362075209617615,0.6706226468086243,0.7337443232536316,0.08275461196899414,0.6037123799324036,0.5429636240005493,0.06216713786125183,0.3518337905406952,0.6372349858283997,0.6727284789085388,0.7176156640052795,0.09410752356052399,0.6147762537002563,0.5531912446022034,0.0560629777610302,0.3739951252937317,0.644256055355072,0.6766951680183411,0.689527153968811,0.10537351667881012,0.8641888499259949,1.003293514251709,-0.1650998890399933,0.9446411728858948,0.804286777973175,1.0346838235855103,0.16572096943855286,0.952159583568573,0.8457066416740417,1.2724276781082153,-0.17588911950588226,0.2264135628938675,0.7833679914474487,1.2937467098236084,0.2337227165699005,0.15640679001808167,0.8540424108505249,1.537506341934204,-0.059879980981349945,0.028900183737277985,0.7971378564834595,1.5631639957427979,0.28053754568099976,0.020491842180490494,0.8730575442314148,1.5884742736816406,-0.05423874780535698,0.07286874204874039,0.8078641891479492,1.6115549802780151,0.27977100014686584,0.041982658207416534,0.7961700558662415,1.5835572481155396,-0.17310240864753723,0.027995502576231956,0.7542780637741089,1.6118605136871338,0.15310505032539368,0.01546565443277359
0.7458442449569702,0.5697359442710876,0.016557136550545692,0.9995390772819519,0.7541031837463379,0.5444800853729248,-0.016481880098581314,0.9996311664581299,0.7593739628791809,0.5412973761558533,-0.01665644533932209,0.9996795654296875,0.7649531960487366,0.5378190875053406,-0.016717543825507164,0.9997676610946655,0.7446784973144531,0.5490332841873169,0.04514213651418686,0.999581515789032,0.742900550365448,0.5495470762252808,0.04534236341714859,0.9993407130241394,0.7409921884536743,0.550297200679779,0.045127250254154205,0.9995108842849731,0.7946403622627258,0.5289808511734009,-0.1030329093337059,0.9998437166213989,0.7590188384056091,0.5490579605102539,0.1770467460155487,0.9996886849403381,0.7604860067367554,0.5866854786872864,-0.006086383480578661,0.9991014003753662,0.7505141496658325,0.5906756520271301,0.07600395381450653,0.9982770681381226,0.8541325330734253,0.6062291264533997,-0.24908359348773956,0.9984585046768188,0.7927759885787964,0.6574459075927734,0.3655701279640198,0.9959808588027954,0.7089759111404419,0.5014218091964722,-0.35891419649124146,0.9885154962539673,0.7312494516372681,0.7036935091018677,0.5359588861465454,0.3942016065120697,0.60996013879776,0.5264176726341248,0.001008953433483839,0.5885427594184875,0.6514785289764404,0.8008667230606079,0.5248498320579529,0.08860114961862564,0.5858219265937805,0.5193072557449341,-0.015115372836589813,0.34518304467201233,0.6376973986625671,0.8144872784614563,0.5412616729736328,0.07856336981058121,0.6087631583213806,0.543060302734375,0.024693643674254417,0.3479479253292084,0.6389403939247131,0.8094358444213867,0.505668044090271,0.08999687433242798,0.6193112134933472,0.5542870163917542,0.019231270998716354,0.37027421593666077,0.6445978283882141,0.8045852780342102,0.5019765496253967,0.10115755349397659,0.8633401989936829,1.0030148029327393,-0.16533809900283813,0.9383804202079773,0.8042858839035034,1.0363942384719849,0.16605240106582642,0.9460739493370056,0.8456783294677734,1.2725818157196045,-0.1814715713262558,0.23984858393669128,0.7834475636482239,1.2968734502792358,0.23720338940620422,0.16146263480186462,0.8538753390312195,1.538686990737915,-0.057281434535980225,0.03142918273806572,0.795330286026001,1.566544771194458,0.2845582664012909,0.02127016894519329,0.8727846145629883,1.5903832912445068,-0.050248853862285614,0.07870786637067795,0.8056028485298157,1.6161819696426392,0.2844645380973816,0.04388922452926636,0.7931634187698364,1.5837196111679077,-0.16897006332874298,0.030854063108563423,0.7505360841751099,1.6117937564849854,0.15977329015731812,0.016231874004006386
0.7456530332565308,0.5697363018989563,0.012991475872695446,0.9995601773262024,0.7540065050125122,0.5443947315216064,-0.01818045973777771,0.9996445775032043,0.7592571377754211,0.541205644607544,-0.018363531678915024,0.9996914267539978,0.7648243308067322,0.5377286076545715,-0.01842363178730011,0.9997758865356445,0.7446223497390747,0.548974871635437,0.04158509895205498,0.9995996952056885,0.7428575158119202,0.5494903326034546,0.041770175099372864,0.9993716478347778,0.7409629821777344,0.5502410531044006,0.0415632463991642,0.9995335936546326,0.7945476770401001,0.5289561748504639,-0.10289344936609268,0.9998491406440735,0.7590281367301941,0.548913836479187,0.1752963364124298,0.999701976776123,0.7602333426475525,0.5866857767105103,-0.007500801235437393,0.9991303086280823,0.750248908996582,0.5906820297241211,0.07219307869672775,0.9983325004577637,0.8538087606430054,0.6065160632133484,-0.24557450413703918,0.9985037446022034,0.7927672266960144,0.6588432788848877,0.3617335259914398,0.9960224628448486,0.7121350765228271,0.5013131499290466,-0.3653447926044464,0.9882597327232361,0.7295418977737427,0.6940910816192627,0.54709392786026,0.3831203877925873,0.6068810820579529,0.5276032090187073,-0.028376948088407516,0.5926352143287659,0.649735689163208,0.7658960223197937,0.5959411859512329,0.08590197563171387,0.5812826156616211,0.5193552374839783,-0.043934375047683716,0.3488917052745819,0.6330324411392212,0.7637336850166321,0.6175976991653442,0.07720597088336945,0.6036933660507202,0.5432512760162354,-0.003475254401564598,0.3527633845806122,0.6329439282417297,0.7628562450408936,0.5933747887611389,0.08910331130027771,0.6144648790359497,0.5551792979240417,-0.010720668360590935,0.37414300441741943,0.6404898166656494,0.7635543942451477,0.5780783891677856,0.10013116896152496,0.8640289306640625,1.0176373720169067,-0.16233576834201813,0.9337465167045593,0.8031930923461914,1.0374563932418823,0.16311994194984436,0.9409254193305969,0.841821551322937,1.2721339464187622,-0.16783644258975983,0.2512919008731842,0.7816355228424072,1.2968348264694214,0.20315268635749817,0.16965875029563904,0.8457015752792358,1.539124846458435,-0.023936275392770767,0.03403126820921898,0.7874792218208313,1.5682246685028076,0.2267514169216156,0.0227653905749321,0.8644725680351257,1.591455101966858,-0.014165332540869713,0.08409035950899124,0.7980054616928101,1.618149995803833,0.2241864651441574,0.04590458795428276,0.7828940153121948,1.5836231708526611,-0.12401308864355087,0.03389367833733559,0.7414077520370483,1.6124837398529053,0.0934101790189743,0.017566481605172157
0.7451215982437134,0.569927453994751,0.010722327046096325,0.9995850324630737,0.753554105758667,0.5444967150688171,-0.020994821563363075,0.999660849571228,0.7587546110153198,0.5412896275520325,-0.021188033744692802,0.9997060298919678,0.7642887234687805,0.5378029942512512,-0.021225277334451675,0.9997854828834534,0.7443661689758301,0.5491151213645935,0.03898350149393082,0.9996199607849121,0.742681622505188,0.5496214032173157,0.03915313258767128,0.9994057416915894,0.7408651113510132,0.5503653287887573,0.038947731256484985,0.9995577931404114,0.7940284013748169,0.5289860367774963,-0.10356756299734116,0.9998558163642883,0.7591795325279236,0.5488983988761902,0.17435945570468903,0.9997170567512512,0.7597377896308899,0.5868090391159058,-0.010786114260554314,0.9991570115089417,0.74994957447052,0.5908128023147583,0.0691559687256813,0.9983881115913391,0.8531074523925781,0.6066418290138245,-0.24727335572242737,0.9985345602035522,0.7931177020072937,0.6594753265380859,0.3550563156604767,0.9960386753082275,0.7156951427459717,0.50089031457901,-0.3754308521747589,0.9870350956916809,0.7308046221733093,0.6919134855270386,0.5472420454025269,0.3664536774158478,0.6115999221801758,0.5287942290306091,-0.045875392854213715,0.5907047390937805,0.6499898433685303,0.7716959714889526,0.5926138162612915,0.0834944024682045,0.5887119174003601,0.519424557685852,-0.06316666305065155,0.3503618836402893,0.633675754070282,0.7685076594352722,0.6146926283836365,0.07689695805311203,0.6100883483886719,0.5445836186408997,-0.02440890111029148,0.3559566140174866,0.6339523792266846,0.7668381929397583,0.5857004523277283,0.08984889835119247,0.6194474101066589,0.557282030582428,-0.029383141547441483,0.3764301538467407,0.6415535807609558,0.767096221446991,0.5729185342788696,0.10077542066574097,0.8632044792175293,1.0082013607025146,-0.16250130534172058,0.9201576113700867,0.8032324910163879,1.0382713079452515,0.16339847445487976,0.9281201958656311,0.841498076915741,1.2718417644500732,-0.16800177097320557,0.2485741674900055,0.7812023758888245,1.296703577041626,0.20556101202964783,0.16611748933792114,0.8437467813491821,1.5396292209625244,-0.021123012527823448,0.0333331823348999,0.7846539616584778,1.569058895111084,0.2330295592546463,0.02210415154695511,0.8627227544784546,1.592819094657898,-0.010671691969037056,0.08323244750499725,0.7955940961837769,1.6198192834854126,0.23070473968982697,0.04444847255945206,0.779699981212616,1.583587884902954,-0.11816605180501938,0.034193139523267746,0.7356487512588501,1.6127371788024902,0.1017676442861557,0.01750009134411812
0.7445841431617737,0.5699211955070496,0.0023055821657180786,0.9995941519737244,0.7530648112297058,0.5444514155387878,-0.031813643872737885,0.9996642470359802,0.7582272887229919,0.5412313342094421,-0.032015956938266754,0.9997088313102722,0.7637395262718201,0.5377380847930908,-0.03206917643547058,0.9997867941856384,0.7439364194869995,0.5490896105766296,0.03013937547802925,0.9996259212493896,0.7422894239425659,0.5495894551277161,0.03028295934200287,0.9994168877601624,0.7405354976654053,0.5503232479095459,0.030069801956415176,0.9995652437210083,0.7935820817947388,0.528835117816925,-0.1174129992723465,0.9998580813407898,0.7591389417648315,0.5485996603965759,0.16956326365470886,0.9997206926345825,0.7592206001281738,0.586738646030426,-0.022166909649968147,0.9991646409034729,0.7494271993637085,0.5907562375068665,0.06045857071876526,0.9984031319618225,0.8498449325561523,0.6069203019142151,-0.2704293429851532,0.998576283454895,0.7934426069259644,0.6594861745834351,0.35503169894218445,0.996116042137146,0.7151157855987549,0.4987412095069885,-0.3921305537223816,0.9867450594902039,0.7303970456123352,0.6913689970970154,0.557019054889679,0.35167011618614197,0.6087199449539185,0.5288141965866089,-0.032389357686042786,0.5903287529945374,0.6499239802360535,0.7673283219337463,0.596023440361023,0.08041881024837494,0.5842791795730591,0.5195009112358093,-0.047393180429935455,0.34926217794418335,0.6327964067459106,0.7643014192581177,0.6284550428390503,0.07493553310632706,0.6058657765388489,0.5446276068687439,-0.0059989625588059425,0.35579773783683777,0.6326497197151184,0.7627227902412415,0.6045623421669006,0.08814096450805664,0.6161460876464844,0.5574865937232971,-0.013845381326973438,0.3751959800720215,0.6405627131462097,0.7634842395782471,0.5863361954689026,0.09907316416501999,0.8613249063491821,1.0082074403762817,-0.1666828840970993,0.9162527918815613,0.804071307182312,1.0393122434616089,0.16757996380329132,0.9250192046165466,0.8442072868347168,1.2704893350601196,-0.16450513899326324,0.25251027941703796,0.783850908279419,1.2965515851974487,0.2124442607164383,0.16911271214485168,0.8469513058662415,1.5377881526947021,0.008209294639527798,0.034799251705408096,0.78742915391922,1.5679244995117188,0.2522484362125397,0.022963855415582657,0.8655421137809753,1.5903980731964111,0.02166079171001911,0.08646029233932495,0.7981283068656921,1.6189303398132324,0.25369974970817566,0.046453047543764114,0.7828487753868103,1.5821150541305542,-0.08136636018753052,0.03593483939766884,0.7371042370796204,1.6105148792266846,0.14078167080879211,0.018349668011069298
0.7439762949943542,0.5700878500938416,0.0030746296979486942,0.9996052384376526,0.7524626851081848,0.5445548295974731,-0.03163980692625046,0.9996656179428101,0.7575721144676208,0.5413156151771545,-0.031845323741436005,0.9997091889381409,0.7630242109298706,0.5378130674362183,-0.031907789409160614,0.9997853636741638,0.7433600425720215,0.5492534637451172,0.030516043305397034,0.9996355175971985,0.7417348623275757,0.5497556924819946,0.030665498226881027,0.9994341135025024,0.7400389909744263,0.5504825711250305,0.03043735958635807,0.9995769262313843,0.7927385568618774,0.5288664102554321,-0.11880942434072495,0.9998582601547241,0.7591358423233032,0.5485872626304626,0.17408636212348938,0.9997255206108093,0.7585948705673218,0.5867519378662109,-0.021806994453072548,0.9991695284843445,0.7488106489181519,0.5907943248748779,0.06248066574335098,0.9984284043312073,0.8492444157600403,0.6073232293128967,-0.28080427646636963,0.9985706210136414,0.7930610775947571,0.6611078381538391,0.36167722940444946,0.9962593913078308,0.715262770652771,0.49734005331993103,-0.4044267535209656,0.9854322671890259,0.7388289570808411,0.7155640721321106,0.5453410744667053,0.3302932679653168,0.6047930121421814,0.5295611023902893,-0.05878825858235359,0.5745021104812622,0.6508358716964722,0.8663423657417297,0.5221131443977356,0.0762038305401802,0.5786309242248535,0.5201565027236938,-0.08057856559753418,0.3379663825035095,0.6339045166969299,0.8885571956634521,0.542927622795105,0.07226496189832687,0.6013579368591309,0.5470027327537537,-0.03398048132658005,0.3450023829936981,0.6336246728897095,0.8794048428535461,0.4950539171695709,0.08576320111751556,0.6123961210250854,0.560360312461853,-0.038405533879995346,0.3636033535003662,0.6415164470672607,0.8694660067558289,0.49567699432373047,0.09673232585191727,0.863202691078186,1.0230848789215088,-0.1731327623128891,0.9106877446174622,0.8033246994018555,1.0431840419769287,0.1740916520357132,0.9220150709152222,0.8445141911506653,1.2752047777175903,-0.18382765352725983,0.2704732120037079,0.7838408350944519,1.3044337034225464,0.24490496516227722,0.17785613238811493,0.8482142686843872,1.5431338548660278,0.004448140971362591,0.03923245519399643,0.7889915108680725,1.5772323608398438,0.30317506194114685,0.02487160451710224,0.866146445274353,1.5958266258239746,0.017317943274974823,0.09696455299854279,0.8003093004226685,1.629461407661438,0.3056812584400177,0.051575541496276855,0.783933699131012,1.588974118232727,-0.08935828506946564,0.04052430018782616,0.738657534122467,1.6186603307724,0.18166187405586243,0.020046275109052658
0.7435368299484253,0.570106565952301,0.01739286072552204,0.9996088147163391,0.7520533800125122,0.5445667505264282,-0.01987762376666069,0.9996652603149414,0.7570931315422058,0.5413211584091187,-0.020110804587602615,0.9997082948684692,0.762459397315979,0.537817120552063,-0.02020133286714554,0.9997841715812683,0.7431327700614929,0.5492817163467407,0.04452041909098625,0.9996383190155029,0.7415729761123657,0.549782395362854,0.0446304976940155,0.9994403123855591,0.7399389743804932,0.5505040287971497,0.04439544305205345,0.9995813369750977,0.7922104597091675,0.5288494825363159,-0.11628255993127823,0.9998581409454346,0.7592548131942749,0.5484731793403625,0.18025636672973633,0.9997290372848511,0.7580971121788025,0.5867108106613159,-0.01184137910604477,0.9991700649261475,0.7485215067863464,0.5907878875732422,0.07426781952381134,0.9984380602836609,0.8480948209762573,0.6074526906013489,-0.2790992558002472,0.9986295700073242,0.7935279607772827,0.661370575428009,0.37329918146133423,0.9964062571525574,0.7150312662124634,0.4969310164451599,-0.40335673093795776,0.9855092167854309,0.7356859445571899,0.7067825794219971,0.5901705026626587,0.3185523450374603,0.6065049171447754,0.529342770576477,-0.06102215126156807,0.582219123840332,0.6477046608924866,0.8157370090484619,0.6336472034454346,0.07539869099855423,0.5814818739891052,0.5195885300636292,-0.07983647286891937,0.34499701857566833,0.6282025575637817,0.8263964056968689,0.6686234474182129,0.07228737324476242,0.6032059192657471,0.5467877984046936,-0.0362800769507885,0.3521615266799927,0.6279041767120361,0.821711003780365,0.6219549775123596,0.08633723855018616,0.6140912175178528,0.5602051019668579,-0.04139217361807823,0.36901384592056274,0.6358658075332642,0.8177720308303833,0.6088688373565674,0.09763817489147186,0.864364743232727,1.0282193422317505,-0.17449136078357697,0.9115374088287354,0.8037647008895874,1.0441795587539673,0.17535364627838135,0.9232726693153381,0.8444739580154419,1.2751116752624512,-0.1670445054769516,0.28171905875205994,0.7844570279121399,1.3037656545639038,0.24738149344921112,0.1850815862417221,0.8482568860054016,1.542748212814331,0.023503528907895088,0.042054735124111176,0.791511595249176,1.5764814615249634,0.3175388276576996,0.0264434814453125,0.866369903087616,1.5951249599456787,0.03816262260079384,0.1025925874710083,0.8027456402778625,1.6285301446914673,0.3208695948123932,0.05508551001548767,0.78404700756073,1.5884567499160767,-0.06330254673957825,0.04342005401849747,0.7418357133865356,1.618085503578186,0.1995159089565277,0.02131391130387783
0.7433856725692749,0.5706527829170227,-0.004838381893932819,0.9995991587638855,0.7518651485443115,0.544998288154602,-0.042163003236055374,0.9996595978736877,0.7569247484207153,0.5417284369468689,-0.042374398559331894,0.999700129032135,0.7623177170753479,0.5382166504859924,-0.042420778423547745,0.9997786283493042,0.7429149150848389,0.5497748851776123,0.023044075816869736,0.9996333122253418,0.7413614988327026,0.5502617955207825,0.023230381309986115,0.9994298219680786,0.7397499084472656,0.5509670972824097,0.022980188950896263,0.9995738863945007,0.7922008037567139,0.5289007425308228,-0.13363827764987946,0.9998545050621033,0.7592724561691284,0.5484978556632996,0.16833046078681946,0.999715268611908,0.7580446600914001,0.5869570970535278,-0.03286261484026909,0.9991551637649536,0.74845290184021,0.5910552144050598,0.05428752303123474,0.9983931183815002,0.8481764793395996,0.6076555848121643,-0.29472246766090393,0.9985926747322083,0.7932023406028748,0.6613548398017883,0.3608979284763336,0.99648517370224,0.7142323851585388,0.49846184253692627,-0.4134009778499603,0.9853438138961792,0.7341189384460449,0.7019990682601929,0.556268572807312,0.31648215651512146,0.6051486134529114,0.5293311476707458,-0.05189884454011917,0.5858058929443359,0.6460984349250793,0.7997457385063171,0.565083920955658,0.07586801797151566,0.5792058110237122,0.5199559926986694,-0.07077234238386154,0.34501639008522034,0.6255372762680054,0.8104037046432495,0.5895215272903442,0.07329457253217697,0.6013652086257935,0.546895444393158,-0.028364846482872963,0.3523547351360321,0.6271530985832214,0.8042410016059875,0.5470402836799622,0.08800437301397324,0.6127244830131531,0.5601878762245178,-0.0324038527905941,0.3699614703655243,0.6353212594985962,0.8005168437957764,0.5408353805541992,0.09995737671852112,0.8610101938247681,1.0139265060424805,-0.174539253115654,0.912103533744812,0.8025094270706177,1.0426303148269653,0.17542889714241028,0.9247764945030212,0.8521164655685425,1.2776442766189575,-0.1934431493282318,0.2724153697490692,0.784986138343811,1.303355097770691,0.25784745812416077,0.18211938440799713,0.860506534576416,1.542573094367981,-0.02917274460196495,0.039983220398426056,0.798713207244873,1.5763850212097168,0.34362441301345825,0.02538703940808773,0.8757690191268921,1.59311842918396,-0.01913154125213623,0.09747856110334396,0.8097417950630188,1.6268197298049927,0.34759730100631714,0.053321484476327896,0.8117148280143738,1.5927408933639526,-0.15587124228477478,0.041413627564907074,0.7602952122688293,1.6186797618865967,0.21364161372184753,0.020596856251358986
0.7428869605064392,0.5710790157318115,0.003075810382142663,0.9995889663696289,0.7514881491661072,0.5451338291168213,-0.03302765637636185,0.99964439868927,0.7565566897392273,0.541835606098175,-0.0332927480340004,0.9996876120567322,0.7619591951370239,0.5383159518241882,-0.033368367701768875,0.9997665882110596,0.7424427270889282,0.5500258207321167,0.03137027099728584,0.99962317943573,0.7408737540245056,0.5505303740501404,0.03149981051683426,0.9994200468063354,0.7392751574516296,0.5512487888336182,0.03123452328145504,0.999562680721283,0.7918907403945923,0.5289663076400757,-0.12033264338970184,0.9998472929000854,0.7592175006866455,0.5485117435455322,0.17540058493614197,0.9997052550315857,0.7575989961624146,0.5871894359588623,-0.022453729063272476,0.9991195201873779,0.7478893995285034,0.5913655161857605,0.0635518804192543,0.9983294010162354,0.8467220067977905,0.6077507138252258,-0.29063230752944946,0.9986070394515991,0.7924302220344543,0.6618272066116333,0.36845916509628296,0.9965431690216064,0.7143465280532837,0.4985242486000061,-0.4212546944618225,0.9850348830223083,0.7355421781539917,0.7524029612541199,0.5715361833572388,0.3029830753803253,0.6025670766830444,0.5299959778785706,-0.1027941107749939,0.5853154063224792,0.6416136622428894,0.8168932199478149,0.5834505558013916,0.0738551914691925,0.5755996108055115,0.5201415419578552,-0.12351558357477188,0.3435555696487427,0.6197320222854614,0.8256329298019409,0.6233445405960083,0.07210830599069595,0.5980628728866577,0.5470070242881775,-0.07756932079792023,0.3506157100200653,0.6191228032112122,0.8178081512451172,0.5529051423072815,0.08691632747650146,0.6098989248275757,0.5604379177093506,-0.08259625732898712,0.3668999671936035,0.6273836493492126,0.8139045834541321,0.5483375787734985,0.09918113052845001,0.8634252548217773,1.0217076539993286,-0.1743854582309723,0.9134414196014404,0.8025590777397156,1.0439860820770264,0.17524048686027527,0.9266501069068909,0.8536470532417297,1.2761006355285645,-0.18409980833530426,0.28645727038383484,0.7902695536613464,1.3029582500457764,0.2535706162452698,0.1940547674894333,0.8658944368362427,1.5407607555389404,-0.0014523265417665243,0.04466048255562782,0.8060770034790039,1.575524091720581,0.32699328660964966,0.028969859704375267,0.882581889629364,1.5903527736663818,0.012495148926973343,0.10844928026199341,0.8174540400505066,1.6256417036056519,0.33021748065948486,0.06064894050359726,0.8123507499694824,1.5924571752548218,-0.09517400711774826,0.045631054788827896,0.7628161311149597,1.6185781955718994,0.2066640555858612,0.022829370573163033
0.7421883344650269,0.5713256001472473,-9.765556023921818e-05,0.9995099902153015,0.7509012818336487,0.5453968048095703,-0.0392092689871788,0.9995928406715393,0.7559176087379456,0.5421084761619568,-0.039442166686058044,0.9996352791786194,0.761245846748352,0.5386006236076355,-0.039515070617198944,0.9997339844703674,0.7419310808181763,0.5502321124076843,0.025631451979279518,0.999563455581665,0.7403956651687622,0.5507088303565979,0.02578260935842991,0.9993194937705994,0.7388340830802917,0.5514013171195984,0.0255199633538723,0.9994970560073853,0.7908731698989868,0.5291389226913452,-0.13848403096199036,0.9998218417167664,0.7589389085769653,0.5485222935676575,0.16220660507678986,0.9996606707572937,0.7568087577819824,0.5873141884803772,-0.03026750683784485,0.9990286231040955,0.7471028566360474,0.5913824439048767,0.05625893920660019,0.9981020092964172,0.846166729927063,0.6079327464103699,-0.297859787940979,0.9986015558242798,0.7900822162628174,0.6576020121574402,0.3680340349674225,0.9965360760688782,0.7131971120834351,0.497502863407135,-0.41324883699417114,0.985589325428009,0.7105228900909424,0.6839227676391602,0.6181278228759766,0.32735320925712585,0.6009262204170227,0.5299992561340332,-0.0772050991654396,0.6005526185035706,0.6293950080871582,0.7301503419876099,0.7390625476837158,0.08034662157297134,0.5733457803726196,0.5224689841270447,-0.09094415605068207,0.35214173793792725,0.6082656979560852,0.6339215040206909,0.7834140062332153,0.07580848783254623,0.595068097114563,0.5482730865478516,-0.038493797183036804,0.35703200101852417,0.609544575214386,0.721847414970398,0.753463864326477,0.09078583866357803,0.6073204874992371,0.5604649186134338,-0.050260670483112335,0.37420764565467834,0.6173420548439026,0.7233021259307861,0.721839964389801,0.10393761098384857,0.8640867471694946,1.0235942602157593,-0.17574915289878845,0.9178902506828308,0.8018174171447754,1.042380452156067,0.17655983567237854,0.9303728938102722,0.8538800477981567,1.2766064405441284,-0.18994614481925964,0.2679175138473511,0.790153980255127,1.3000882863998413,0.296535462141037,0.18415577709674835,0.865643322467804,1.540603518486023,-0.021859420463442802,0.04109394550323486,0.8049945831298828,1.5709078311920166,0.4246164858341217,0.027025921270251274,0.8820986747741699,1.5873560905456543,-0.011757482774555683,0.09968788921833038,0.8166292905807495,1.6169649362564087,0.43323230743408203,0.056852180510759354,0.8177949786186218,1.5928434133529663,-0.1516651064157486,0.042107660323381424,0.7673430442810059,1.6185427904129028,0.2968423366546631,0.02154356613755226
0.7420893907546997,0.5712777972221375,9.889867942547426e-05,0.999398946762085,0.750778317451477,0.5453894138336182,-0.03970692679286003,0.9995251297950745,0.755780816078186,0.5421102046966553,-0.03993148356676102,0.9995712637901306,0.7610864639282227,0.5386074781417847,-0.040024228394031525,0.9996945858001709,0.7418309450149536,0.5501993894577026,0.02451486326754093,0.9994835257530212,0.7403022050857544,0.5506728291511536,0.02465403452515602,0.9991825222969055,0.7387504577636719,0.5513630509376526,0.024397261440753937,0.9994049668312073,0.79048752784729,0.5291904211044312,-0.14328858256340027,0.9997907280921936,0.7588608860969543,0.5484925508499146,0.15290400385856628,0.9996092319488525,0.7566708922386169,0.587297260761261,-0.03149956464767456,0.9988793134689331,0.7469789981842041,0.591315507888794,0.05389565974473953,0.9977768659591675,0.8462529182434082,0.6079444885253906,-0.297274112701416,0.9985342025756836,0.788428783416748,0.6563798189163208,0.3665444552898407,0.9962193369865417,0.7094002962112427,0.49688345193862915,-0.4118254780769348,0.985741913318634,0.6985983848571777,0.656771719455719,0.6411911249160767,0.3342839479446411,0.5986319184303284,0.5303057432174683,-0.02465737983584404,0.6091317534446716,0.6309509873390198,0.6939329504966736,0.7988704442977905,0.08310160785913467,0.5705758929252625,0.524962306022644,-0.03714746609330177,0.35831257700920105,0.6056081652641296,0.6154208779335022,0.845085620880127,0.07757433503866196,0.5916346907615662,0.5496150255203247,0.008924384601414204,0.362135648727417,0.6130306124687195,0.6854712963104248,0.8218895196914673,0.09270162135362625,0.6039876341819763,0.5606185793876648,-0.0008691094699315727,0.3794991672039032,0.620306134223938,0.6883522272109985,0.7846403121948242,0.10612941533327103,0.8635896444320679,1.023637056350708,-0.1770157665014267,0.9211516976356506,0.8018430471420288,1.0418387651443481,0.17775580286979675,0.9325968027114868,0.8533176183700562,1.273856520652771,-0.18797333538532257,0.2508990466594696,0.7899486422538757,1.294445276260376,0.31696292757987976,0.17193995416164398,0.8650501370429993,1.5353443622589111,-0.021819423884153366,0.03771736100316048,0.8053438067436218,1.5602185726165771,0.46902233362197876,0.024966992437839508,0.8818404078483582,1.5802847146987915,-0.011615033261477947,0.09153230488300323,0.8165210485458374,1.6038748025894165,0.48093733191490173,0.05258277803659439,0.8165119886398315,1.5877894163131714,-0.14504602551460266,0.03883793205022812,0.7699795961380005,1.6122548580169678,0.35805371403694153,0.020093776285648346
0.741930365562439,0.5710379481315613,-0.0024105377960950136,0.9992573261260986,0.7505942583084106,0.5450757145881653,-0.04317308962345123,0.9994392991065979,0.7555571794509888,0.5418031811714172,-0.04336864501237869,0.9995003938674927,0.7608391642570496,0.5383192896842957,-0.04348699003458023,0.9996445775032043,0.7416842579841614,0.5498569011688232,0.019133176654577255,0.999367892742157,0.7401612401008606,0.5502898097038269,0.01927460916340351,0.9990107417106628,0.7386273145675659,0.5509282350540161,0.019030410796403885,0.9992820620536804,0.7903075814247131,0.5290332436561584,-0.1496669352054596,0.9997524619102478,0.7588332891464233,0.5477650761604309,0.1354466676712036,0.9995431303977966,0.7564680576324463,0.5871650576591492,-0.03558332473039627,0.9986966848373413,0.7467888593673706,0.5912142992019653,0.046891871839761734,0.9973833560943604,0.8462677001953125,0.6076360940933228,-0.2966462969779968,0.998473048210144,0.7875728607177734,0.6513624787330627,0.34343647956848145,0.9958643317222595,0.7051629424095154,0.4969231188297272,-0.4073454737663269,0.985970675945282,0.6930622458457947,0.6449114680290222,0.6332474946975708,0.3431656062602997,0.5981088280677795,0.53182053565979,-0.026397477835416794,0.6148419380187988,0.6308055520057678,0.6522258520126343,0.8075686693191528,0.0853230282664299,0.5708214044570923,0.5287096500396729,-0.03739238530397415,0.3613344728946686,0.6093796491622925,0.6336233615875244,0.8534114956855774,0.0788915604352951,0.592180609703064,0.5529093146324158,0.004205843433737755,0.36407560110092163,0.6146076321601868,0.6458829641342163,0.8329208493232727,0.09409347176551819,0.6043010950088501,0.5621871948242188,-0.004342828877270222,0.3818812966346741,0.6212756633758545,0.6491648554801941,0.7948152422904968,0.1077529564499855,0.8640307188034058,1.0243688821792603,-0.1722813993692398,0.9261759519577026,0.8018717765808105,1.0401661396026611,0.17288906872272491,0.9367008209228516,0.8538497686386108,1.276442050933838,-0.14907197654247284,0.23377656936645508,0.7874153256416321,1.2938402891159058,0.3021993041038513,0.16200321912765503,0.8647900819778442,1.5355409383773804,0.026523668318986893,0.03452233970165253,0.8048563003540039,1.5585362911224365,0.4107944965362549,0.023105580359697342,0.8814862966537476,1.5804921388626099,0.03855150565505028,0.08397475630044937,0.8160575032234192,1.6004717350006104,0.4181303083896637,0.0486823134124279,0.8190214037895203,1.5884748697280884,-0.09515409916639328,0.03565766662359238,0.7732654809951782,1.6130115985870361,0.28905561566352844,0.018611205741763115
0.7416847348213196,0.571043074131012,-0.011317032389342785,0.9991742372512817,0.7503748536109924,0.5450795888900757,-0.05390901491045952,0.9993759393692017,0.7552856802940369,0.5418071746826172,-0.05409061163663864,0.9994515180587769,0.7605068683624268,0.5383234024047852,-0.05421754717826843,0.9996068477630615,0.7416132688522339,0.549855649471283,0.00961113441735506,0.9992746114730835,0.7401325106620789,0.5502809286117554,0.009724481031298637,0.9988763332366943,0.7386229038238525,0.5509093403816223,0.009508518502116203,0.9991747736930847,0.7898858785629272,0.5290893316268921,-0.1644231528043747,0.9997217059135437,0.7589918375015259,0.5476785898208618,0.12712796032428741,0.9994848370552063,0.7561360001564026,0.5871801376342773,-0.04526504501700401,0.998556911945343,0.746667742729187,0.591265082359314,0.038652848452329636,0.9970753192901611,0.8456438183784485,0.6079846024513245,-0.31493157148361206,0.9984979629516602,0.7872294187545776,0.651276707649231,0.3424654006958008,0.9956039190292358,0.70323246717453,0.49682503938674927,-0.43481388688087463,0.9859704375267029,0.6915907263755798,0.642939031124115,0.6308704614639282,0.34416186809539795,0.5959110856056213,0.5333452224731445,-0.09840305149555206,0.6248723864555359,0.6240471005439758,0.658139169216156,0.7847450375556946,0.08875159174203873,0.5698875188827515,0.5301632285118103,-0.11957619339227676,0.37351760268211365,0.6057656407356262,0.6444922089576721,0.8272935748100281,0.08189520984888077,0.5904027223587036,0.5548471212387085,-0.07936367392539978,0.37603527307510376,0.6075747609138489,0.649910032749176,0.8023709058761597,0.09794937819242477,0.6019500494003296,0.5636656880378723,-0.07885425537824631,0.39099714159965515,0.6133602261543274,0.6542641520500183,0.7694352269172668,0.11156895011663437,0.8641070127487183,1.0292446613311768,-0.17528730630874634,0.9274506568908691,0.8040254712104797,1.0412464141845703,0.17583003640174866,0.9368166923522949,0.8509055972099304,1.2765939235687256,-0.12220382690429688,0.22083765268325806,0.7872909307479858,1.293383002281189,0.30275261402130127,0.1525948941707611,0.8641209602355957,1.5367480516433716,0.10359374433755875,0.03190787136554718,0.802078127861023,1.5579912662506104,0.44761157035827637,0.021502768620848656,0.8812524676322937,1.5833399295806885,0.12118673324584961,0.07748950272798538,0.8129472732543945,1.6008473634719849,0.45852071046829224,0.04545222967863083,0.8180460929870605,1.5868115425109863,-0.00392508041113615,0.03312881290912628,0.7683473229408264,1.6112886667251587,0.3297634720802307,0.017435012385249138
0.7419878840446472,0.5703694820404053,-0.001107900869101286,0.999152421951294,0.7504929304122925,0.5445231795310974,-0.04190083593130112,0.9993659257888794,0.7553557753562927,0.5413015484809875,-0.042070187628269196,0.9994437098503113,0.7605395913124084,0.5378794074058533,-0.04223834350705147,0.9996017813682556,0.7419346570968628,0.5491665601730347,0.018503230065107346,0.9992526173591614,0.7405250668525696,0.5495636463165283,0.01858997531235218,0.998846173286438,0.7390923500061035,0.5501605272293091,0.01840614154934883,0.9991552233695984,0.7899341583251953,0.5289086699485779,-0.15634629130363464,0.9997155070304871,0.7594180107116699,0.5472381114959717,0.13386739790439606,0.9994794130325317,0.7562774419784546,0.5867878198623657,-0.03599659353494644,0.9985292553901672,0.7469854354858398,0.590924084186554,0.04316149652004242,0.997018039226532,0.845594584941864,0.6081265211105347,-0.29840487241744995,0.9985260963439941,0.7876428365707397,0.6508914232254028,0.34194061160087585,0.9954105615615845,0.6985853910446167,0.4981983006000519,-0.4106876850128174,0.9862011671066284,0.6920779943466187,0.6440432667732239,0.6242143511772156,0.34677383303642273,0.587885320186615,0.534080445766449,-0.0775742307305336,0.6410140991210938,0.6238792538642883,0.6545812487602234,0.7543761134147644,0.09571444988250732,0.5612068176269531,0.5300844311714172,-0.09611605852842331,0.3946891725063324,0.6070470213890076,0.6386181116104126,0.79316246509552,0.08788852393627167,0.582072377204895,0.5548076033592224,-0.05514109879732132,0.3970036804676056,0.6079088449478149,0.6430924534797668,0.7691270112991333,0.10502709448337555,0.5936962366104126,0.5635009407997131,-0.05814635008573532,0.4097401797771454,0.6136151552200317,0.6483278870582581,0.7391111254692078,0.11838707327842712,0.8640041351318359,1.0287729501724243,-0.16751979291439056,0.9317233562469482,0.8059729337692261,1.0408720970153809,0.16790920495986938,0.940061628818512,0.8495231866836548,1.2753537893295288,-0.10801438987255096,0.21009890735149384,0.7874269485473633,1.2924306392669678,0.2562057375907898,0.1447543352842331,0.8610926866531372,1.5358599424362183,0.10281548649072647,0.0294764693826437,0.8002638816833496,1.5547367334365845,0.38015279173851013,0.020112566649913788,0.8783832788467407,1.5829674005508423,0.11930052936077118,0.07147672027349472,0.8106819987297058,1.5975184440612793,0.38893312215805054,0.04233306273818016,0.8152204751968384,1.578894853591919,0.00553154619410634,0.030709197744727135,0.7668648362159729,1.6047606468200684,0.26529359817504883,0.01637250743806362
0.7419968843460083,0.5704580545425415,-0.0015070588560774922,0.9991003274917603,0.7504912614822388,0.5446125864982605,-0.04276170954108238,0.9993383884429932,0.7553504705429077,0.5414060354232788,-0.042928826063871384,0.9994186162948608,0.7605267763137817,0.5380054712295532,-0.04309028014540672,0.99958336353302,0.7419640421867371,0.5491949319839478,0.01803678646683693,0.9992092847824097,0.7405925989151001,0.5495728254318237,0.018119215965270996,0.9987753033638,0.7392019629478455,0.5501651763916016,0.017923686653375626,0.999101996421814,0.7899146676063538,0.5290156006813049,-0.15440671145915985,0.9997026324272156,0.759522557258606,0.5471926331520081,0.1300610601902008,0.999458372592926,0.756290078163147,0.5868459939956665,-0.036205049604177475,0.9984681606292725,0.7470532655715942,0.5909483432769775,0.04374052956700325,0.996916651725769,0.8456295728683472,0.6085090041160583,-0.2972392141819,0.9985172152519226,0.7876473069190979,0.6494613885879517,0.3318396508693695,0.995306670665741,0.6987789273262024,0.5071489810943604,-0.3922812342643738,0.9862574338912964,0.6907278299331665,0.6388751864433289,0.6195920705795288,0.3507145047187805,0.6044468283653259,0.5393610000610352,-0.03163976967334747,0.6473218202590942,0.6236072778701782,0.6550176739692688,0.7650128602981567,0.10011347383260727,0.58306485414505,0.5360300540924072,-0.04063108190894127,0.40239980816841125,0.60515296459198,0.6448501944541931,0.8058532476425171,0.0914761871099472,0.6018969416618347,0.559377908706665,-0.01429845206439495,0.4046212434768677,0.6074466705322266,0.6493042707443237,0.7847852110862732,0.1093883141875267,0.6119675040245056,0.5675123929977417,-0.016072314232587814,0.4166368842124939,0.6141771078109741,0.6529720425605774,0.7515117526054382,0.12303964793682098,0.8640599250793457,1.0284608602523804,-0.16449148952960968,0.9342679977416992,0.8067976832389832,1.0401232242584229,0.164812371134758,0.9425768256187439,0.8468027114868164,1.2728264331817627,-0.10882546752691269,0.2014676034450531,0.7864381670951843,1.2896161079406738,0.24215920269489288,0.14046117663383484,0.8572186231613159,1.5328872203826904,0.0946439728140831,0.02760445512831211,0.7982865571975708,1.5512691736221313,0.34468621015548706,0.019166840240359306,0.874604344367981,1.581039309501648,0.1105600968003273,0.06694170087575912,0.8088863492012024,1.5942813158035278,0.3503364026546478,0.04021976888179779,0.8089851140975952,1.572371006011963,0.0028605458792299032,0.02886558696627617,0.7640825510025024,1.60032320022583,0.23426571488380432,0.015595057047903538
0.7420129776000977,0.5700933337211609,0.00032876519253477454,0.9990912675857544,0.7504941821098328,0.5444141030311584,-0.04183629900217056,0.9993371367454529,0.7553542256355286,0.5412551164627075,-0.04198964312672615,0.999413013458252,0.7605327367782593,0.537898600101471,-0.04213327169418335,0.999581515789032,0.7419761419296265,0.5488268733024597,0.020631084218621254,0.9992031455039978,0.7406088709831238,0.5491266250610352,0.02071484923362732,0.9987540245056152,0.7392211556434631,0.5496326088905334,0.02051784098148346,0.9990901350975037,0.7899768352508545,0.5289623141288757,-0.151981920003891,0.9997002482414246,0.7595579028129578,0.5466681122779846,0.1313113272190094,0.9994488954544067,0.7563003301620483,0.5867180228233337,-0.0358884260058403,0.9984487891197205,0.7470630407333374,0.5906968712806702,0.045460958033800125,0.9968962073326111,0.8454756736755371,0.6086455583572388,-0.2998039126396179,0.9985039234161377,0.7875978350639343,0.649409830570221,0.34044578671455383,0.9952128529548645,0.6986081004142761,0.5161023736000061,-0.38425692915916443,0.9860764145851135,0.6920313835144043,0.6433296799659729,0.6256614923477173,0.3511546552181244,0.6072432994842529,0.5461743474006653,-0.003985033370554447,0.6558299660682678,0.6235451698303223,0.6649895906448364,0.7646164894104004,0.1048184409737587,0.5862118005752563,0.5428181886672974,-0.016532089561223984,0.4139642119407654,0.6039590835571289,0.6543117761611938,0.805455207824707,0.09635031968355179,0.6043760776519775,0.5650178790092468,0.014365451410412788,0.4168257415294647,0.6060565710067749,0.6581483483314514,0.7813242673873901,0.11559146642684937,0.6142028570175171,0.5728118419647217,0.013006811030209064,0.42762836813926697,0.6135876774787903,0.6616490483283997,0.7491307854652405,0.12953250110149384,0.8639491200447083,1.028387427330017,-0.16912832856178284,0.9321402311325073,0.8067134022712708,1.039930820465088,0.16967514157295227,0.9410116076469421,0.8462644815444946,1.2707469463348389,-0.14040233194828033,0.18928074836730957,0.7851334810256958,1.2869755029678345,0.27769845724105835,0.13063406944274902,0.8571820259094238,1.5300756692886353,0.05127231404185295,0.025265956297516823,0.7972152829170227,1.5471853017807007,0.4236046373844147,0.01755296066403389,0.8743778467178345,1.5778343677520752,0.06563679873943329,0.061346635222435,0.807531476020813,1.5910664796829224,0.43399253487586975,0.036878108978271484,0.8087870478630066,1.571689248085022,-0.05065927654504776,0.02659742161631584,0.7617143988609314,1.595123291015625,0.31724461913108826,0.014374112710356712
0.7419848442077637,0.5700522065162659,0.00440678745508194,0.9990695714950562,0.7504531145095825,0.5444135069847107,-0.038237422704696655,0.9993312954902649,0.7553094625473022,0.5412566661834717,-0.0383819043636322,0.9994053840637207,0.7604922652244568,0.5379007458686829,-0.03853457421064377,0.999575674533844,0.7419750690460205,0.548795759677887,0.022375021129846573,0.9991931915283203,0.7406171560287476,0.5490685701370239,0.02244715765118599,0.9987366795539856,0.7392613291740417,0.5495321750640869,0.022262167185544968,0.9990783333778381,0.7899797558784485,0.5289620757102966,-0.15103423595428467,0.9996975064277649,0.7600246071815491,0.5463054180145264,0.1306886076927185,0.999454140663147,0.756297767162323,0.5866371989250183,-0.03206004202365875,0.9984365105628967,0.7470844388008118,0.5904460549354553,0.04647030681371689,0.9968958497047424,0.8445878028869629,0.609089195728302,-0.2974618077278137,0.998525857925415,0.7899659872055054,0.647756814956665,0.33458083868026733,0.9952282905578613,0.688228189945221,0.5213269591331482,-0.35825902223587036,0.9865689277648926,0.6933063268661499,0.6429654955863953,0.6130576133728027,0.35912156105041504,0.5981435775756836,0.5518539547920227,0.027610918506979942,0.6698206663131714,0.6243751049041748,0.6640664935112,0.7551858425140381,0.11576900631189346,0.5759247541427612,0.5482116937637329,0.018285468220710754,0.4311663508415222,0.6050796508789062,0.654077410697937,0.7956326603889465,0.10540305823087692,0.5935261249542236,0.5696170330047607,0.04970835894346237,0.4334525763988495,0.6071028113365173,0.6579118967056274,0.7726942300796509,0.12570907175540924,0.6043770909309387,0.5774111151695251,0.04569734260439873,0.4441029727458954,0.6143908500671387,0.66135573387146,0.7406800389289856,0.13985379040241241,0.8610221743583679,1.027065634727478,-0.16476504504680634,0.9359787702560425,0.8079546093940735,1.0390583276748657,0.16514459252357483,0.9444587826728821,0.8433941006660461,1.2610496282577515,-0.1066662073135376,0.17846304178237915,0.7854472398757935,1.2789263725280762,0.26976150274276733,0.12276594340801239,0.8554872274398804,1.5213830471038818,0.10437256097793579,0.023156663402915,0.7972209453582764,1.5372542142868042,0.40701645612716675,0.016226094216108322,0.8734909892082214,1.5701872110366821,0.12126141786575317,0.05629751831293106,0.8076044321060181,1.5812633037567139,0.4148591458797455,0.03412528336048126,0.803655743598938,1.5585777759552002,0.026852011680603027,0.024436892941594124,0.7600932121276855,1.5825824737548828,0.2995404005050659,0.013337802141904831
0.741299033164978,0.5701906681060791,-0.002607201924547553,0.999075710773468,0.7500981688499451,0.5444748997688293,-0.04540673643350601,0.9993362426757812,0.7549768686294556,0.5413320660591125,-0.04556547850370407,0.9994103908538818,0.7601833343505859,0.5380035638809204,-0.04573987051844597,0.9995769262313843,0.7416819334030151,0.5488080382347107,0.016099827364087105,0.9991939067840576,0.7404012084007263,0.5490700006484985,0.01616523787379265,0.9987348318099976,0.7391117811203003,0.5495204329490662,0.01599200814962387,0.9990696907043457,0.7899467349052429,0.5290310382843018,-0.15703871846199036,0.9997032880783081,0.7600311040878296,0.5461292266845703,0.12577636539936066,0.9994587898254395,0.7558799982070923,0.5867134928703308,-0.03778010979294777,0.9984630346298218,0.7466550469398499,0.5904438495635986,0.04246574640274048,0.9969524145126343,0.8446130752563477,0.6091029047966003,-0.3047715425491333,0.9985729455947876,0.7897737622261047,0.6477826833724976,0.32713815569877625,0.9952887296676636,0.6896839141845703,0.5231847167015076,-0.37105339765548706,0.9869443774223328,0.6942285895347595,0.6434701085090637,0.5958436727523804,0.36116939783096313,0.5977045297622681,0.5538326501846313,0.016363540664315224,0.683034360408783,0.6225520372390747,0.6665534973144531,0.7347636222839355,0.1217743456363678,0.5750242471694946,0.5504089593887329,0.013070272281765938,0.4481273293495178,0.6024076342582703,0.6566178798675537,0.769111692905426,0.11051946133375168,0.5924579501152039,0.5711777210235596,0.02173168957233429,0.4506516456604004,0.6045991778373718,0.6604281067848206,0.7485629320144653,0.13175195455551147,0.6036249399185181,0.5791527032852173,0.02804229035973549,0.45948123931884766,0.6124798655509949,0.6642751097679138,0.7207567691802979,0.146143838763237,0.8612944483757019,1.0270520448684692,-0.1644301563501358,0.938251256942749,0.8091352581977844,1.0385493040084839,0.1647820919752121,0.946664035320282,0.8430201411247253,1.2553728818893433,-0.10561702400445938,0.17466919124126434,0.7873178720474243,1.2757470607757568,0.2607480585575104,0.1204928383231163,0.8548370599746704,1.5180754661560059,0.11517095565795898,0.02224229834973812,0.7972707152366638,1.5360667705535889,0.37934938073158264,0.015908172354102135,0.8732328414916992,1.5693905353546143,0.13371804356575012,0.05420154705643654,0.8078633546829224,1.5816339254379272,0.38627177476882935,0.03337838873267174,0.7989307641983032,1.550809621810913,0.03985632210969925,0.023675035685300827,0.7550927996635437,1.5783283710479736,0.2896430790424347,0.013175039552152157
0.7409235239028931,0.5701172351837158,0.0029012146405875683,0.9991340041160583,0.7499256134033203,0.544323205947876,-0.037985607981681824,0.9993805885314941,0.75484699010849,0.5411416292190552,-0.03814896196126938,0.9994482398033142,0.7600999474525452,0.5377805829048157,-0.03830883279442787,0.9996041655540466,0.7414790391921997,0.5486928820610046,0.022540263831615448,0.9992445707321167,0.7402331233024597,0.5489358305931091,0.02259797789156437,0.9988107085227966,0.7389759421348572,0.5493639707565308,0.02246408723294735,0.9991260170936584,0.7899622917175293,0.528886079788208,-0.14729520678520203,0.999723494052887,0.7600336670875549,0.5458719730377197,0.12725186347961426,0.9994944334030151,0.755684494972229,0.5864862203598022,-0.03156832233071327,0.9985575675964355,0.7464247345924377,0.5902153849601746,0.047430749982595444,0.9971392750740051,0.8446027636528015,0.6090774536132812,-0.2922031581401825,0.9986429214477539,0.7905299663543701,0.6477964520454407,0.3291440010070801,0.9953765869140625,0.6897552013397217,0.5242117047309875,-0.3582462668418884,0.9872664213180542,0.6947290897369385,0.6445180177688599,0.5726696252822876,0.3662763237953186,0.5984600782394409,0.5546044707298279,0.0071167596615850925,0.7007588744163513,0.6207766532897949,0.6664925217628479,0.671392023563385,0.13787852227687836,0.5765588283538818,0.5499694347381592,-0.0036216042935848236,0.4758043885231018,0.599489688873291,0.654209315776825,0.6999989748001099,0.12599337100982666,0.5930629968643188,0.5706065893173218,0.018462954089045525,0.47884875535964966,0.6009658575057983,0.6577873229980469,0.6751328706741333,0.14984460175037384,0.6037883758544922,0.5788211822509766,0.02162473276257515,0.48623326420783997,0.60978764295578,0.6626604199409485,0.6543527841567993,0.1643805056810379,0.8612563014030457,1.0269782543182373,-0.16425058245658875,0.9397668838500977,0.8127235174179077,1.038191556930542,0.16461578011512756,0.9478352665901184,0.8409501910209656,1.2402349710464478,-0.11031609773635864,0.17245271801948547,0.7882291674613953,1.2658897638320923,0.24953214824199677,0.1171606257557869,0.8498283624649048,1.5042802095413208,0.09360817074775696,0.021138614043593407,0.795242190361023,1.5219770669937134,0.3403864800930023,0.01516791246831417,0.8690922856330872,1.5573253631591797,0.10971089452505112,0.05148998275399208,0.8062257766723633,1.5691699981689453,0.34543755650520325,0.03173907473683357,0.7892078757286072,1.5329471826553345,0.012256977148354053,0.02288975566625595,0.7427168488502502,1.557619571685791,0.25658923387527466,0.012822871096432209
0.7410841584205627,0.5701122879981995,0.011754816398024559,0.9991834163665771,0.7501949667930603,0.5441785454750061,-0.027425924316048622,0.9994180202484131,0.7552528977394104,0.540946364402771,-0.027591437101364136,0.9994804263114929,0.7606858015060425,0.5375245809555054,-0.027728194370865822,0.9996274709701538,0.7415139079093933,0.5486275553703308,0.032390572130680084,0.999288022518158,0.7402335405349731,0.5488842725753784,0.03245105594396591,0.9988763928413391,0.7389525771141052,0.5493242144584656,0.03229239583015442,0.9991750717163086,0.7907718420028687,0.5287190675735474,-0.13155432045459747,0.999740481376648,0.759857177734375,0.5458453893661499,0.1388091742992401,0.9995256066322327,0.7560243010520935,0.5864237546920776,-0.021717479452490807,0.9986348748207092,0.7464673519134521,0.5902115106582642,0.056407760828733444,0.9972966909408569,0.8445439338684082,0.6090845465660095,-0.2769758999347687,0.9986817836761475,0.790639340877533,0.6471706628799438,0.32988399267196655,0.995406985282898,0.6904504299163818,0.5236850380897522,-0.34212830662727356,0.987535834312439,0.7116444706916809,0.6544351577758789,0.5782802104949951,0.3704879581928253,0.6047340631484985,0.5545872449874878,0.03609191253781319,0.710706889629364,0.6251146793365479,0.664810061454773,0.6872731447219849,0.14443670213222504,0.5848387479782104,0.5499976873397827,0.02486521564424038,0.4899161159992218,0.6031410098075867,0.6538925170898438,0.7188026905059814,0.13269755244255066,0.6015963554382324,0.5713868737220764,0.05058906227350235,0.49321168661117554,0.6054173707962036,0.6577864289283752,0.6949352622032166,0.1579405814409256,0.6112194061279297,0.5795753002166748,0.050933562219142914,0.5006383061408997,0.6148048639297485,0.6619895100593567,0.6709825992584229,0.17302028834819794,0.8617650866508484,1.0265556573867798,-0.16305041313171387,0.9399064779281616,0.8139131665229797,1.0381449460983276,0.16344812512397766,0.9477047920227051,0.8409839868545532,1.2440439462661743,-0.11606532335281372,0.16561497747898102,0.7883498072624207,1.2681430578231812,0.2345549315214157,0.11187869310379028,0.8522721529006958,1.5076810121536255,0.08976668864488602,0.019627507776021957,0.7983325719833374,1.525821566581726,0.31591635942459106,0.014110956341028214,0.8724964261054993,1.559792399406433,0.10168324410915375,0.04790368303656578,0.8097613453865051,1.572385549545288,0.31985777616500854,0.029513921588659286,0.790708065032959,1.5401126146316528,0.002446400932967663,0.02141556143760681,0.7481170892715454,1.5651217699050903,0.21691274642944336,0.012051060795783997
0.7410650849342346,0.570185661315918,0.017802484333515167,0.9992265105247498,0.7501937747001648,0.5441458225250244,-0.022432584315538406,0.9994499087333679,0.7552837133407593,0.5408519506454468,-0.02259603701531887,0.9995074272155762,0.7608094215393066,0.5373404026031494,-0.02271506004035473,0.9996458888053894,0.741323709487915,0.5486376881599426,0.03844908997416496,0.9993268251419067,0.7399097681045532,0.5489020943641663,0.03849540650844574,0.9989367127418518,0.73846036195755,0.549350380897522,0.03835200518369675,0.9992188811302185,0.7909582257270813,0.5283147692680359,-0.12771113216876984,0.9997548460960388,0.758911669254303,0.545827329158783,0.1479365974664688,0.9995554089546204,0.7561461925506592,0.5864174365997314,-0.014973988756537437,0.998698353767395,0.7464486360549927,0.5902326107025146,0.06455408036708832,0.9974404573440552,0.8424609303474426,0.609108567237854,-0.2787324786186218,0.9987294673919678,0.7919254899024963,0.6446247100830078,0.34931284189224243,0.9955406188964844,0.6808388829231262,0.5311009883880615,-0.3501066565513611,0.9880671501159668,0.7247850298881531,0.6514149308204651,0.6107452511787415,0.36987927556037903,0.5778387784957886,0.5580848455429077,-0.00404756935313344,0.7296311259269714,0.6261350512504578,0.6479356288909912,0.7520612478256226,0.15333254635334015,0.5508829951286316,0.552982747554779,-0.023641087114810944,0.5188096165657043,0.5967406034469604,0.6362244486808777,0.7891355752944946,0.14185170829296112,0.5692655444145203,0.5724591016769409,0.006242969073355198,0.5220634937286377,0.5982043147087097,0.6397629976272583,0.763626217842102,0.1683725267648697,0.5823654532432556,0.5806868076324463,0.012222464196383953,0.5278624892234802,0.5942962765693665,0.6448041796684265,0.735636830329895,0.18399260938167572,0.8609411120414734,1.0264190435409546,-0.16567841172218323,0.9420928955078125,0.8165696263313293,1.0378090143203735,0.1659952700138092,0.9496868252754211,0.8375633358955383,1.2411611080169678,-0.11666512489318848,0.15950271487236023,0.788486659526825,1.262454867362976,0.2395181655883789,0.10781896859407425,0.851852297782898,1.506984829902649,0.08228205144405365,0.018345046788454056,0.7983185648918152,1.5231742858886719,0.33048155903816223,0.013283074833452702,0.8724600672721863,1.5592538118362427,0.09506870806217194,0.04491313174366951,0.8097831606864929,1.5696452856063843,0.33549270033836365,0.027739372104406357,0.7911615967750549,1.5393263101577759,-0.0020485075656324625,0.02022136002779007,0.7479389309883118,1.5632933378219604,0.2283766269683838,0.011443033814430237
0.7403658628463745,0.5710041522979736,0.02182454615831375,0.9992641806602478,0.7495156526565552,0.5446178913116455,-0.01943879760801792,0.9994782209396362,0.7547122240066528,0.5412187576293945,-0.019606830552220345,0.9995312690734863,0.7603521943092346,0.5376220345497131,-0.019729314371943474,0.9996628165245056,0.7404152750968933,0.5493262410163879,0.04332538694143295,0.9993597269058228,0.7390096187591553,0.5495699048042297,0.04338282346725464,0.9989859461784363,0.7375925779342651,0.5499687790870667,0.04324283450841904,0.9992560744285583,0.7909157276153564,0.5283192992210388,-0.12872278690338135,0.9997679591178894,0.7586055397987366,0.5458370447158813,0.154110848903656,0.9995799660682678,0.7558813691139221,0.586677610874176,-0.012797413393855095,0.998751699924469,0.7460283041000366,0.5906062722206116,0.06909120827913284,0.99755859375,0.841832160949707,0.6091699600219727,-0.2813663184642792,0.9987614750862122,0.7925780415534973,0.6442556977272034,0.355383962392807,0.9955899715423584,0.6791104078292847,0.5308847427368164,-0.3596515655517578,0.9882798790931702,0.7273821830749512,0.6514730453491211,0.6123605966567993,0.35921141505241394,0.5783925652503967,0.5574167370796204,-0.008614929392933846,0.7423725128173828,0.6007904410362244,0.6345801949501038,0.7439366579055786,0.1533462107181549,0.5523585081100464,0.552172839641571,-0.028253059834241867,0.5387665629386902,0.5921229124069214,0.6324186325073242,0.7803803086280823,0.14352314174175262,0.5712984800338745,0.5721423625946045,0.0019141677767038345,0.54268878698349,0.5938904881477356,0.6355718374252319,0.7552240490913391,0.17085176706314087,0.5838428735733032,0.5803390741348267,0.007469605654478073,0.5466907620429993,0.5951179265975952,0.6437514424324036,0.7276724576950073,0.18630921840667725,0.8606367111206055,1.0263550281524658,-0.16860325634479523,0.9411805272102356,0.8168156743049622,1.0373332500457764,0.1689606010913849,0.9486976265907288,0.835750937461853,1.2393094301223755,-0.12408648431301117,0.15423962473869324,0.7881940007209778,1.2591915130615234,0.24186377227306366,0.10385189205408096,0.8505502939224243,1.5066214799880981,0.0785062164068222,0.017271924763917923,0.798054575920105,1.5210703611373901,0.3367200791835785,0.012522784061729908,0.8717589378356934,1.559510350227356,0.0915958434343338,0.04243294522166252,0.8097426295280457,1.567570447921753,0.3419175148010254,0.026139533147215843,0.7895247936248779,1.5381560325622559,-0.0031254924833774567,0.019364476203918457,0.7466314435005188,1.5619856119155884,0.2327108383178711,0.01095473114401102
0.7403601408004761,0.5713306665420532,0.023538067936897278,0.999297022819519,0.7495031952857971,0.5447204113006592,-0.018158763647079468,0.9995035529136658,0.7547112107276917,0.5413066744804382,-0.01832433231174946,0.99955153465271,0.7603652477264404,0.5377001166343689,-0.0184323750436306,0.9996775388717651,0.7403728365898132,0.5494258403778076,0.04685516655445099,0.9993897676467896,0.7389602661132812,0.5496475100517273,0.04692273959517479,0.999028205871582,0.7375388145446777,0.5500274300575256,0.04677290469408035,0.9992884397506714,0.7911807298660278,0.5283361077308655,-0.12926125526428223,0.9997790455818176,0.7585783004760742,0.5458336472511292,0.16493430733680725,0.9995999932289124,0.7559050917625427,0.5869577527046204,-0.011975227855145931,0.9987836480140686,0.7460298538208008,0.5907962918281555,0.07275073230266571,0.9976430535316467,0.8415735363960266,0.6092985272407532,-0.287547767162323,0.9987459778785706,0.7939637303352356,0.6433899998664856,0.36648452281951904,0.9955661296844482,0.6795604228973389,0.5323139429092407,-0.3730771839618683,0.9880315661430359,0.7285605669021606,0.6517296433448792,0.6277248859405518,0.3478766977787018,0.5904718637466431,0.5573179721832275,-0.011597544886171818,0.7499237656593323,0.6207717657089233,0.6423102617263794,0.7541841268539429,0.15374799072742462,0.5672675371170044,0.5520396828651428,-0.030532751232385635,0.5529547929763794,0.5894641280174255,0.6341571807861328,0.7881664037704468,0.14634016156196594,0.584455132484436,0.5719746947288513,-0.0031271823681890965,0.5583087205886841,0.5910360813140869,0.6409332156181335,0.7636173367500305,0.17517688870429993,0.5959116816520691,0.5802204608917236,0.0032197670079767704,0.5606688261032104,0.5948679447174072,0.6458445191383362,0.7369235754013062,0.19063064455986023,0.8609935641288757,1.0263339281082153,-0.17541596293449402,0.9323816299438477,0.8168002367019653,1.0360924005508423,0.1759275645017624,0.9425001740455627,0.8356238603591919,1.2375763654708862,-0.15174616873264313,0.1469261646270752,0.7881262898445129,1.2528221607208252,0.2426910102367401,0.09990862011909485,0.8505952954292297,1.5054994821548462,0.04166030511260033,0.016088338568806648,0.7981396913528442,1.5178643465042114,0.32706648111343384,0.011697807349264622,0.8721833229064941,1.55842125415802,0.05616036802530289,0.039746228605508804,0.8099102973937988,1.56482994556427,0.3306293785572052,0.02443614974617958,0.7901648283004761,1.5393874645233154,-0.0368187390267849,0.01838810183107853,0.7465387582778931,1.5610849857330322,0.22785678505897522,0.01038033701479435
0.740765392780304,0.571232259273529,0.025814378634095192,0.9993372559547424,0.7498127818107605,0.5444484949111938,-0.016209498047828674,0.99953293800354,0.7550441026687622,0.5410074591636658,-0.01636427827179432,0.99957674741745,0.7607481479644775,0.5373884439468384,-0.01647867076098919,0.9996950030326843,0.7405799627304077,0.5492051839828491,0.04745982587337494,0.9994250535964966,0.7391068339347839,0.5494298338890076,0.04752255231142044,0.9990829825401306,0.7376308441162109,0.5498155951499939,0.04737847298383713,0.9993284940719604,0.7916896343231201,0.5281351208686829,-0.12699492275714874,0.9997920989990234,0.7585878372192383,0.5455641150474548,0.16256847977638245,0.999625027179718,0.7564083337783813,0.5868769288063049,-0.008604973554611206,0.9988433718681335,0.7463245391845703,0.5907805562019348,0.07436154782772064,0.9977715611457825,0.8414152264595032,0.6093155741691589,-0.28539973497390747,0.9987546801567078,0.794251561164856,0.6430502533912659,0.36349934339523315,0.9956339001655579,0.6771703958511353,0.5360544919967651,-0.3651304841041565,0.988114595413208,0.730189859867096,0.6449298858642578,0.6232473850250244,0.34021714329719543,0.5805959701538086,0.560135543346405,0.005850552581250668,0.7588809132575989,0.6261537671089172,0.6357268691062927,0.7547823190689087,0.15569211542606354,0.5544235110282898,0.5552052855491638,-0.010388447903096676,0.5673171281814575,0.5903717279434204,0.6238033175468445,0.7890138030052185,0.14980904757976532,0.5728619694709778,0.5737457871437073,0.017222248017787933,0.5734041333198547,0.5914636850357056,0.6337496638298035,0.764022707939148,0.17955166101455688,0.5855990052223206,0.5819498896598816,0.021481676027178764,0.5745567679405212,0.5964498519897461,0.6374027132987976,0.7377827763557434,0.194971963763237,0.8602455258369446,1.0262601375579834,-0.17513427138328552,0.9310247898101807,0.8172990083694458,1.0347033739089966,0.1756192445755005,0.9415701627731323,0.8312700390815735,1.2344744205474854,-0.14966563880443573,0.1421981155872345,0.7867953777313232,1.2490692138671875,0.2445262372493744,0.09624063968658447,0.8468445539474487,1.5023819208145142,0.04427673667669296,0.015228456817567348,0.7955834269523621,1.5141024589538574,0.33169466257095337,0.011080863885581493,0.8687564134597778,1.555824637413025,0.0604250431060791,0.037797097116708755,0.8077859878540039,1.560950517654419,0.33607831597328186,0.023118553683161736,0.7860363721847534,1.534515619277954,-0.023487115278840065,0.017719069495797157,0.7420853972434998,1.5574802160263062,0.23362815380096436,0.00998608861118555
0.7409142851829529,0.5711111426353455,0.028659051284193993,0.9993712306022644,0.74995356798172,0.5442121028900146,-0.013301694765686989,0.9995561242103577,0.7552529573440552,0.5407148003578186,-0.013457348570227623,0.9995964765548706,0.7610465288162231,0.5370407700538635,-0.013582577928900719,0.9997087717056274,0.7406125068664551,0.5490738749504089,0.049093667417764664,0.999453067779541,0.7391153573989868,0.5493255853652954,0.04913366213440895,0.9991251230239868,0.7376302480697632,0.5497365593910217,0.049000997096300125,0.9993599057197571,0.7919530272483826,0.527846097946167,-0.12496092170476913,0.9998029470443726,0.7584434747695923,0.545531690120697,0.16101959347724915,0.99964439868927,0.7566600441932678,0.586672842502594,-0.005621560383588076,0.9988968372344971,0.7464457750320435,0.5906906127929688,0.07580356299877167,0.9978907108306885,0.8390828967094421,0.6093726754188538,-0.2824956774711609,0.998782217502594,0.7945311069488525,0.6420266032218933,0.36208564043045044,0.9957482218742371,0.6750758290290833,0.535265326499939,-0.3600955903530121,0.98842853307724,0.7288409471511841,0.6317227482795715,0.6207695603370667,0.33397719264030457,0.5793789625167847,0.5597258806228638,0.007123687770217657,0.7668172121047974,0.6028562188148499,0.6221860647201538,0.7632851600646973,0.15324679017066956,0.5535994172096252,0.5551373362541199,-0.004976355936378241,0.5790612697601318,0.5904638171195984,0.6181519627571106,0.797885000705719,0.14772287011146545,0.5720880031585693,0.5726472735404968,0.02005813643336296,0.5851972699165344,0.5918264389038086,0.6214710474014282,0.774887204170227,0.1770935207605362,0.5846676826477051,0.5813005566596985,0.02244131825864315,0.5851442813873291,0.5899403095245361,0.6324732899665833,0.7477445006370544,0.19279351830482483,0.8584761619567871,1.0262078046798706,-0.1732352077960968,0.9337689876556396,0.8185741305351257,1.0321614742279053,0.17354068160057068,0.9441103339195251,0.8262398838996887,1.228209137916565,-0.13746163249015808,0.14659105241298676,0.7855280041694641,1.2469364404678345,0.24401405453681946,0.09933138638734818,0.830706775188446,1.4941638708114624,0.06389208883047104,0.016175933182239532,0.7813693881034851,1.5110199451446533,0.32355865836143494,0.011862454004585743,0.8516103625297546,1.5494076013565063,0.08270109444856644,0.04098084568977356,0.7932232618331909,1.5593452453613281,0.3269817531108856,0.024776745587587357,0.7638997435569763,1.5213204622268677,0.011315910145640373,0.019463974982500076,0.720819354057312,1.5487967729568481,0.2320077121257782,0.01093021035194397
0.74091637134552,0.5712249279022217,0.025948140770196915,0.9994111657142639,0.7499549984931946,0.5442105531692505,-0.015707742422819138,0.9995844960212708,0.7552582621574402,0.5407100915908813,-0.015838801860809326,0.9996211528778076,0.7610596418380737,0.5370323061943054,-0.015947839245200157,0.999726414680481,0.7405834794044495,0.5490818023681641,0.04663565754890442,0.9994872212409973,0.7390506863594055,0.5493390560150146,0.04668466001749039,0.9991784691810608,0.7375116348266602,0.5497589111328125,0.046561259776353836,0.9993993639945984,0.7920133471488953,0.5277912020683289,-0.12599952518939972,0.9998157024383545,0.7582019567489624,0.5455414652824402,0.15883980691432953,0.9996675252914429,0.7567004561424255,0.5867269039154053,-0.007904460653662682,0.9989615678787231,0.7464461922645569,0.5907707810401917,0.07323136180639267,0.9980214238166809,0.840362548828125,0.6093847751617432,-0.28269264101982117,0.9988005757331848,0.7940137386322021,0.6420103311538696,0.35692355036735535,0.995843768119812,0.6765437722206116,0.5346373319625854,-0.361888587474823,0.9886028170585632,0.7166459560394287,0.6344956159591675,0.6076482534408569,0.33118554949760437,0.5772005915641785,0.5596338510513306,0.011491389945149422,0.776033341884613,0.5943669676780701,0.6215475797653198,0.7320685386657715,0.15612466633319855,0.550020694732666,0.5549067854881287,-0.0022265841253101826,0.5927581787109375,0.5878928899765015,0.6220499873161316,0.7619575262069702,0.15153253078460693,0.5689610242843628,0.5726063847541809,0.02581324614584446,0.5995322465896606,0.5894255042076111,0.6240039467811584,0.7377429008483887,0.18208542466163635,0.5821191072463989,0.5811479091644287,0.027483055368065834,0.5985772013664246,0.5846205353736877,0.6313456892967224,0.7148863673210144,0.1977112740278244,0.8585443496704102,1.0255296230316162,-0.1704636812210083,0.9332088232040405,0.818252682685852,1.0312358140945435,0.1708560287952423,0.9437464475631714,0.8272326588630676,1.229391098022461,-0.1326926350593567,0.13960163295269012,0.7845150232315063,1.2481695413589478,0.24042978882789612,0.09441161155700684,0.8315719366073608,1.4948350191116333,0.06799700111150742,0.015032232739031315,0.7831388115882874,1.5111899375915527,0.3246181011199951,0.01107112132012844,0.8532627820968628,1.5496059656143188,0.08554468303918839,0.03815384954214096,0.7948567271232605,1.5603166818618774,0.3284742534160614,0.023035595193505287,0.7684326171875,1.5222680568695068,0.004116370342671871,0.01832076720893383,0.7241994738578796,1.5507960319519043,0.2229633778333664,0.010322253219783306
0.7409157752990723,0.5707353949546814,0.026861950755119324,0.9994484782218933,0.7499507665634155,0.5438054203987122,-0.013051582500338554,0.9996113181114197,0.7552568912506104,0.5402991771697998,-0.013193543069064617,0.9996450543403625,0.761060357093811,0.5366130471229553,-0.01330875325948,0.9997433423995972,0.7405630350112915,0.5487180352210999,0.047805048525333405,0.9995195269584656,0.7390204668045044,0.5490041375160217,0.047850821167230606,0.9992297887802124,0.7374686002731323,0.549457848072052,0.04772266745567322,0.9994367361068726,0.7920197248458862,0.5275662541389465,-0.11721871048212051,0.9998275637626648,0.7580026388168335,0.5454463362693787,0.15896929800510406,0.9996893405914307,0.7567031383514404,0.5863243341445923,-0.005689253099262714,0.9990233778953552,0.7464392185211182,0.5904363989830017,0.07377909123897552,0.9981414079666138,0.8404022455215454,0.6093837022781372,-0.2705788016319275,0.9988338351249695,0.7935498952865601,0.6419643759727478,0.35649925470352173,0.9959229826927185,0.6773483753204346,0.5344396233558655,-0.3445960581302643,0.9889392256736755,0.7113559246063232,0.6362529993057251,0.5991109609603882,0.3332176208496094,0.5783106088638306,0.5592600107192993,0.02196497842669487,0.785680890083313,0.5959978699684143,0.619050145149231,0.7179304361343384,0.161073237657547,0.5515906810760498,0.5545252561569214,0.009322966448962688,0.607211172580719,0.588762640953064,0.6190900802612305,0.7476884126663208,0.1561345010995865,0.5703809261322021,0.5723221898078918,0.03685694560408592,0.6140910387039185,0.5903280973434448,0.622988760471344,0.724259078502655,0.1872459352016449,0.5832485556602478,0.58086097240448,0.03776666149497032,0.6124814748764038,0.5858047008514404,0.6290453672409058,0.7011951804161072,0.20303286612033844,0.8585702776908875,1.0250111818313599,-0.1677679419517517,0.9345735311508179,0.8182433843612671,1.0308085680007935,0.16807803511619568,0.9445489048957825,0.8282076120376587,1.2268096208572388,-0.13282786309719086,0.1406276822090149,0.7843124866485596,1.2442290782928467,0.23613540828227997,0.09452004730701447,0.8343230485916138,1.4903491735458374,0.05523630976676941,0.01479310728609562,0.7836244702339172,1.502881407737732,0.30905312299728394,0.01086316630244255,0.8552799224853516,1.5435792207717896,0.07049742341041565,0.03754902258515358,0.7950620055198669,1.549802541732788,0.3118972182273865,0.022631768137216568,0.7726282477378845,1.5212616920471191,-0.009767153300344944,0.01828756183385849,0.7276192307472229,1.5446852445602417,0.2158074676990509,0.010293234139680862
0.7409588694572449,0.5709461569786072,0.026173582300543785,0.9994754195213318,0.7499715685844421,0.543919563293457,-0.013726459816098213,0.9996286630630493,0.7552761435508728,0.5403950214385986,-0.01387257594615221,0.9996605515480042,0.761078953742981,0.53670334815979,-0.013990131206810474,0.9997540712356567,0.7405924797058105,0.5488621592521667,0.04704394191503525,0.9995406270027161,0.7390592694282532,0.5491422414779663,0.04709393158555031,0.9992630481719971,0.737517237663269,0.5495935678482056,0.04695994406938553,0.9994605183601379,0.792121410369873,0.5275800228118896,-0.11336453258991241,0.9998356103897095,0.7581645846366882,0.5454493165016174,0.1585673987865448,0.9997025728225708,0.756790041923523,0.5864092111587524,-0.006394487805664539,0.9990656971931458,0.7465371489524841,0.590578019618988,0.07318830490112305,0.9982271194458008,0.8402876853942871,0.6093732714653015,-0.26502102613449097,0.998875081539154,0.7936354875564575,0.6419931054115295,0.353921115398407,0.9959900975227356,0.6778118014335632,0.5340296626091003,-0.3495427966117859,0.9892880916595459,0.7116129994392395,0.6405178308486938,0.5975078344345093,0.32884857058525085,0.5780951380729675,0.5590823292732239,0.008575348183512688,0.793186366558075,0.5962890386581421,0.6213372945785522,0.7197376489639282,0.1593935638666153,0.5510878562927246,0.5540750622749329,-0.002385849831625819,0.6172124147415161,0.588720977306366,0.6207284331321716,0.7502966523170471,0.15452173352241516,0.5698672533035278,0.5717001557350159,0.027629384770989418,0.6241807341575623,0.5905325412750244,0.6259318590164185,0.7252928018569946,0.18517477810382843,0.5827505588531494,0.5806518793106079,0.025109434500336647,0.6213752031326294,0.586816668510437,0.6310421228408813,0.7018024921417236,0.200909823179245,0.8599808812141418,1.0247174501419067,-0.1636173278093338,0.9365246295928955,0.8190644979476929,1.0306888818740845,0.16392077505588531,0.9458603262901306,0.8290961980819702,1.2286266088485718,-0.1326093077659607,0.1466846764087677,0.7859686613082886,1.2449262142181396,0.22253063321113586,0.09883900731801987,0.8353935480117798,1.492316484451294,0.04952435567975044,0.015486986376345158,0.7836250066757202,1.5058400630950928,0.28268253803253174,0.011542499996721745,0.8553670644760132,1.5451674461364746,0.06452956050634384,0.03930627927184105,0.7946862578392029,1.5525224208831787,0.28459686040878296,0.024054335430264473,0.7744506597518921,1.5242172479629517,-0.0169921163469553,0.019359657540917397,0.7286480665206909,1.547325849533081,0.18496918678283691,0.011031867004930973
0.7413256168365479,0.5709307193756104,0.02591714635491371,0.9995002746582031,0.7502728700637817,0.543819010257721,-0.014243307523429394,0.9996453523635864,0.755578339099884,0.5402767658233643,-0.014399205334484577,0.999675452709198,0.7613906860351562,0.53657466173172,-0.014522534795105457,0.9997637867927551,0.7408345937728882,0.5487884283065796,0.04650579020380974,0.9995612502098083,0.7392551302909851,0.5490729212760925,0.04654951021075249,0.9992956519126892,0.7376641035079956,0.5495364665985107,0.04643070697784424,0.9994836449623108,0.7926113605499268,0.5273973941802979,-0.11533217132091522,0.9998431205749512,0.7582184076309204,0.5453881621360779,0.15616962313652039,0.9997173547744751,0.7571601271629333,0.5864039063453674,-0.0070503889583051205,0.9991019368171692,0.7468354105949402,0.5905783176422119,0.07310301065444946,0.9983068704605103,0.8403596878051758,0.6093676686286926,-0.263558566570282,0.9988653063774109,0.7934352159500122,0.6419826149940491,0.3414018154144287,0.9959738254547119,0.6781727075576782,0.5337453484535217,-0.34284940361976624,0.989353597164154,0.7083847522735596,0.6407873034477234,0.5761106014251709,0.32736140489578247,0.5787590742111206,0.5590239763259888,0.011242395266890526,0.7963699102401733,0.596471905708313,0.6181322336196899,0.6932274103164673,0.15774288773536682,0.5520172715187073,0.5539332032203674,0.00025751686189323664,0.6227544546127319,0.5891264081001282,0.6179563403129578,0.7205392122268677,0.15348675847053528,0.5707924962043762,0.5709959864616394,0.02709958329796791,0.6302796602249146,0.6008023619651794,0.6211077570915222,0.6987103819847107,0.1841280311346054,0.583534836769104,0.5800870656967163,0.02638910338282585,0.6272826790809631,0.5865898132324219,0.6263445019721985,0.6771265268325806,0.19990678131580353,0.8598836660385132,1.0246095657348633,-0.16216105222702026,0.9331279993057251,0.8196148872375488,1.0298702716827393,0.1625020056962967,0.942643404006958,0.8248146176338196,1.2259916067123413,-0.13572317361831665,0.14697450399398804,0.7819926142692566,1.243234395980835,0.21850621700286865,0.09829536825418472,0.8289299011230469,1.4916279315948486,0.043149713426828384,0.015452764928340912,0.7769576907157898,1.5060571432113647,0.27687984704971313,0.011399958282709122,0.8493621945381165,1.5457508563995361,0.0582725927233696,0.03977102041244507,0.7890027761459351,1.5535614490509033,0.2782537341117859,0.023814549669623375,0.7642937898635864,1.5202022790908813,-0.023207196965813637,0.019650358706712723,0.7196605205535889,1.5459953546524048,0.17848233878612518,0.011070082895457745
0.7414482235908508,0.5707628130912781,0.025472724810242653,0.9995201826095581,0.7504578232765198,0.5436908006668091,-0.014335287734866142,0.9996598362922668,0.7558139562606812,0.5401617884635925,-0.014485729858279228,0.999687910079956,0.7616836428642273,0.5364797711372375,-0.014602254144847393,0.9997729659080505,0.7409746646881104,0.5486507415771484,0.04626315459609032,0.9995778799057007,0.7393810749053955,0.5489473342895508,0.0463130958378315,0.9993188977241516,0.737769365310669,0.5494226217269897,0.04618789255619049,0.9995015263557434,0.7932542562484741,0.5273725390434265,-0.11648423969745636,0.999849796295166,0.7583696246147156,0.5453018546104431,0.15610280632972717,0.9997279047966003,0.7574447393417358,0.5862621068954468,-0.007351904176175594,0.999127209186554,0.7469768524169922,0.5904304385185242,0.0726255401968956,0.9983640909194946,0.8407486081123352,0.6093597412109375,-0.2619115710258484,0.9988387823104858,0.7934266328811646,0.6420042514801025,0.33736029267311096,0.9958676695823669,0.6808174848556519,0.5331050753593445,-0.3337487578392029,0.9887399077415466,0.708114504814148,0.6411234140396118,0.5785845518112183,0.3157348930835724,0.6018257141113281,0.5539066195487976,0.025200238451361656,0.79121994972229,0.6060382127761841,0.6140422821044922,0.6957806944847107,0.15175117552280426,0.581577479839325,0.5464527010917664,0.017113031819462776,0.6205411553382874,0.6123660206794739,0.6162975430488586,0.7233753204345703,0.1493280977010727,0.5998979210853577,0.5649263262748718,0.03939931467175484,0.6292354464530945,0.6165547370910645,0.6215693950653076,0.7037103176116943,0.17977626621723175,0.6094390153884888,0.5745906233787537,0.03842533752322197,0.6262133121490479,0.5894007086753845,0.6241028904914856,0.6804664134979248,0.19514814019203186,0.8602410554885864,1.0244296789169312,-0.16108523309230804,0.9254462122917175,0.8198011517524719,1.0293558835983276,0.16151277720928192,0.9354143142700195,0.8250624537467957,1.2248528003692627,-0.1401597559452057,0.14110572636127472,0.7820802330970764,1.243277907371521,0.20831935107707977,0.09399107843637466,0.8300462961196899,1.4882973432540894,0.033997636288404465,0.014595634303987026,0.7763208746910095,1.501583218574524,0.26255491375923157,0.010717466473579407,0.8500062823295593,1.5421968698501587,0.04877867177128792,0.037976015359163284,0.7877113223075867,1.5496596097946167,0.2638072371482849,0.022583402693271637,0.7657171487808228,1.5179842710494995,-0.032182030379772186,0.018932316452264786,0.7191306948661804,1.5383085012435913,0.16871777176856995,0.01062123291194439
0.7417879104614258,0.5703478455543518,0.022235261276364326,0.9995515942573547,0.7509825229644775,0.5431041717529297,-0.015882384032011032,0.999681830406189,0.7564067840576172,0.5395268201828003,-0.016012120991945267,0.9997073411941528,0.7623496651649475,0.5358162522315979,-0.016110915690660477,0.9997873306274414,0.7413157224655151,0.5482507348060608,0.04479338228702545,0.9996044039726257,0.7396317720413208,0.5486337542533875,0.04485457390546799,0.9993587732315063,0.7379254102706909,0.549206018447876,0.04473178833723068,0.9995311498641968,0.793601393699646,0.527119517326355,-0.11697496473789215,0.9998596906661987,0.7583710551261902,0.5452834367752075,0.15702179074287415,0.9997442960739136,0.7576642036437988,0.585924506187439,-0.00895071029663086,0.9991737604141235,0.7470420598983765,0.5902627110481262,0.07097098231315613,0.9984572529792786,0.8413947224617004,0.6093776226043701,-0.25946149230003357,0.9988356828689575,0.7915470600128174,0.6422216892242432,0.3382582664489746,0.9958586692810059,0.6887340545654297,0.5278248190879822,-0.33253127336502075,0.9882885813713074,0.6984711289405823,0.6392320990562439,0.5774007439613342,0.3143095374107361,0.615868330001831,0.5494663715362549,0.029773518443107605,0.7883886694908142,0.6110092401504517,0.6123942136764526,0.6812437176704407,0.15081137418746948,0.5968811511993408,0.5426185727119446,0.01868656650185585,0.6198791861534119,0.6178220510482788,0.6123679876327515,0.7045883536338806,0.14970821142196655,0.6148971319198608,0.5626413822174072,0.04068244621157646,0.6298819184303284,0.6213765144348145,0.6196109056472778,0.6867321133613586,0.18113720417022705,0.623774528503418,0.5719684958457947,0.042196936905384064,0.6267845034599304,0.6219081878662109,0.6237727999687195,0.6652722358703613,0.1961684674024582,0.8619796633720398,1.0241482257843018,-0.1611015647649765,0.9149529933929443,0.8196446299552917,1.029350757598877,0.16156591475009918,0.9268733263015747,0.8327382802963257,1.2299281358718872,-0.1455993354320526,0.13321378827095032,0.7863525748252869,1.2495713233947754,0.2082047462463379,0.0886782854795456,0.8373003005981445,1.492226004600525,0.027205387130379677,0.01351429894566536,0.7790032625198364,1.5065146684646606,0.26342207193374634,0.00993717834353447,0.8559296727180481,1.545590877532959,0.040861956775188446,0.035337306559085846,0.7892127633094788,1.5548738241195679,0.2645803391933441,0.02097473479807377,0.7763738632202148,1.523139238357544,-0.05692281574010849,0.01779264211654663,0.7227704524993896,1.5415693521499634,0.15778042376041412,0.010005129501223564
0.7419489622116089,0.5705384016036987,0.011020599864423275,0.9995623230934143,0.750983476638794,0.543262779712677,-0.025732040405273438,0.9996876120567322,0.7563832998275757,0.5396937727928162,-0.025834107771515846,0.9997130036354065,0.7622470259666443,0.5360236763954163,-0.0258919857442379,0.9997902512550354,0.7414602637290955,0.548359751701355,0.032821156084537506,0.999612033367157,0.7398709058761597,0.548707902431488,0.03285188227891922,0.9993728399276733,0.7382622957229614,0.5492515563964844,0.03275955468416214,0.9995410442352295,0.7935830950737,0.5271701216697693,-0.12007751315832138,0.999861478805542,0.7591153383255005,0.5452535152435303,0.14642666280269623,0.9997527003288269,0.7578622698783875,0.5861666202545166,-0.01669829897582531,0.9991815686225891,0.7476484775543213,0.590667724609375,0.06050146743655205,0.9984782338142395,0.8414762616157532,0.6093795299530029,-0.26124754548072815,0.9988245964050293,0.7914851903915405,0.6468488574028015,0.3305787444114685,0.9958563446998596,0.6838349103927612,0.5198352336883545,-0.3365124464035034,0.9884474873542786,0.6935509443283081,0.6395379304885864,0.5523366928100586,0.32596784830093384,0.5877279043197632,0.546940803527832,-0.004025130998343229,0.7944974303245544,0.589264988899231,0.6133731007575989,0.6436511874198914,0.16038620471954346,0.5612421631813049,0.5386220812797546,-0.021169286221265793,0.6293579936027527,0.6018635630607605,0.6103193163871765,0.667962372303009,0.15808527171611786,0.5821717977523804,0.5591573715209961,0.007780241314321756,0.639290988445282,0.6015654802322388,0.6062666773796082,0.6466845273971558,0.19083765149116516,0.5936670303344727,0.5690418481826782,0.01029982976615429,0.6361687779426575,0.5968625545501709,0.6114447116851807,0.6274139285087585,0.20591284334659576,0.8617588877677917,1.0276453495025635,-0.16134533286094666,0.9130566120147705,0.8213950395584106,1.032375454902649,0.16177870333194733,0.9245874285697937,0.8293827772140503,1.2191106081008911,-0.14923319220542908,0.13048645853996277,0.7859573364257812,1.2370398044586182,0.21860234439373016,0.0856482982635498,0.8351418375968933,1.4815562963485718,0.03538120165467262,0.013242621906101704,0.7783724069595337,1.4929295778274536,0.29410454630851746,0.009595416486263275,0.8549196124076843,1.5379141569137573,0.05254626274108887,0.034798141568899155,0.7893549799919128,1.541918396949768,0.29885417222976685,0.020280277356505394,0.7721073031425476,1.499996542930603,-0.03238943964242935,0.017794635146856308,0.7202911972999573,1.5251445770263672,0.20793978869915009,0.009936206974089146
0.7419371604919434,0.570662796497345,-0.022162504494190216,0.9995821118354797,0.7509876489639282,0.5432779788970947,-0.055933307856321335,0.9996975660324097,0.7563984990119934,0.5396959781646729,-0.05605226755142212,0.9997240304946899,0.7622700333595276,0.5360224843025208,-0.056144196540117264,0.9997968077659607,0.7414267659187317,0.5485036373138428,0.0015082492027431726,0.9996265172958374,0.7398099899291992,0.5489159822463989,0.0015435307286679745,0.9994009137153625,0.7381566762924194,0.5495433211326599,0.0014266996877267957,0.9995597004890442,0.793675422668457,0.5271435379981995,-0.13164815306663513,0.9998663067817688,0.7590982913970947,0.5453729033470154,0.13226263225078583,0.9997642636299133,0.757874608039856,0.5862701535224915,-0.043054450303316116,0.9992141127586365,0.7476392984390259,0.591092050075531,0.03319110721349716,0.9985333681106567,0.8415484428405762,0.6095815896987915,-0.2739979326725006,0.9988600611686707,0.7898331880569458,0.6531865000724792,0.33118587732315063,0.9959337711334229,0.6849258542060852,0.5657584071159363,-0.3993312120437622,0.9890026450157166,0.6951756477355957,0.6529160141944885,0.5581931471824646,0.3452623188495636,0.5492481589317322,0.5470292568206787,-0.08347238600254059,0.8035812377929688,0.5826290845870972,0.6144248247146606,0.6621502637863159,0.17063520848751068,0.5131810903549194,0.538834273815155,-0.1070156842470169,0.6388615369796753,0.5797327160835266,0.6105553507804871,0.6880842447280884,0.1649169772863388,0.5366187691688538,0.5593075156211853,-0.06789319962263107,0.6481108069419861,0.5766109228134155,0.604353129863739,0.6677783131599426,0.19808048009872437,0.5521401762962341,0.5691820383071899,-0.06572942435741425,0.6444388628005981,0.5715098977088928,0.6124721765518188,0.6460860967636108,0.2134946584701538,0.8609699010848999,1.0222609043121338,-0.16147541999816895,0.917646050453186,0.8188341856002808,1.0408769845962524,0.16191227734088898,0.9280903935432434,0.8294271230697632,1.2410475015640259,-0.13349905610084534,0.13269898295402527,0.782712996006012,1.2615779638290405,0.2351396083831787,0.0868828222155571,0.8360449075698853,1.504602313041687,0.07476811110973358,0.013486238196492195,0.7772493362426758,1.5188510417938232,0.32879409193992615,0.009977021254599094,0.8567898869514465,1.5597683191299438,0.09257598221302032,0.034779056906700134,0.7886084318161011,1.5667154788970947,0.3346507251262665,0.0205340888351202,0.772372841835022,1.5254257917404175,-0.012352376244962215,0.0180430356413126,0.7212463617324829,1.5542452335357666,0.21977479755878448,0.010339154861867428
0.7424328923225403,0.5699836611747742,-0.020015932619571686,0.9996004700660706,0.7514797449111938,0.5427573323249817,-0.052765727043151855,0.9997062683105469,0.7569644451141357,0.5391556024551392,-0.05288371443748474,0.9997323155403137,0.762906551361084,0.5354585647583008,-0.052957821637392044,0.9998020529747009,0.7416744232177734,0.5481100678443909,0.004689078312367201,0.9996399879455566,0.7399598956108093,0.5486015677452087,0.0047139013186097145,0.9994261264801025,0.7382224798202515,0.5493167638778687,0.00459843035787344,0.9995781183242798,0.7942312359809875,0.5268380045890808,-0.12909497320652008,0.9998689889907837,0.7590702772140503,0.5453687906265259,0.13528238236904144,0.9997738599777222,0.7585254907608032,0.5859730839729309,-0.0403171107172966,0.9992378354072571,0.748009443283081,0.5910541415214539,0.035914499312639236,0.9985734820365906,0.8415581583976746,0.610144317150116,-0.27350717782974243,0.9988797307014465,0.7892785668373108,0.6571558713912964,0.3344452679157257,0.9960013628005981,0.6848610639572144,0.5441144704818726,-0.4078403413295746,0.9895378351211548,0.6901648044586182,0.6530055403709412,0.5526509284973145,0.3679848313331604,0.5420160889625549,0.5517999529838562,-0.11991886049509048,0.8156294226646423,0.572823703289032,0.6154299974441528,0.6398562788963318,0.19243811070919037,0.5053347945213318,0.5435974597930908,-0.14847567677497864,0.6563756465911865,0.5723154544830322,0.6116628646850586,0.6606784462928772,0.18151824176311493,0.526412844657898,0.5621405243873596,-0.10815168917179108,0.6650416851043701,0.559736967086792,0.6072987914085388,0.639137864112854,0.21590816974639893,0.5420554280281067,0.5723031163215637,-0.10237137228250504,0.6605374813079834,0.5641001462936401,0.6142756938934326,0.6220916509628296,0.23167018592357635,0.8613075017929077,1.0297318696975708,-0.16267332434654236,0.9201667904853821,0.8178911209106445,1.0429819822311401,0.16305674612522125,0.9299156665802002,0.8272181749343872,1.2408373355865479,-0.1341862976551056,0.139309823513031,0.7787667512893677,1.2607568502426147,0.24612101912498474,0.0917486622929573,0.8352999687194824,1.5044766664505005,0.0751148983836174,0.014925820752978325,0.7747393846511841,1.5186657905578613,0.3423997759819031,0.01115627121180296,0.8563963174819946,1.559503436088562,0.09287964552640915,0.0366608165204525,0.7870057821273804,1.5662797689437866,0.3481675982475281,0.02181749790906906,0.7711134552955627,1.525036334991455,-0.012713533826172352,0.020141420885920525,0.7187188863754272,1.5541752576828003,0.23453167080879211,0.011757219210267067
0.7424260377883911,0.5698475241661072,-0.015442810952663422,0.9996122717857361,0.7514882683753967,0.5425994396209717,-0.048614125698804855,0.9997105002403259,0.7569907903671265,0.5388974547386169,-0.04873738810420036,0.999737560749054,0.7629519701004028,0.5350687503814697,-0.04881611466407776,0.9998048543930054,0.741632878780365,0.5481082797050476,0.008428141474723816,0.9996486306190491,0.7398658990859985,0.5486180186271667,0.008460015058517456,0.999445915222168,0.7380436658859253,0.549381673336029,0.00833848211914301,0.9995914101600647,0.7942312955856323,0.5264797806739807,-0.12345795333385468,0.9998694062232971,0.7587429881095886,0.545511782169342,0.13700436055660248,0.9997802972793579,0.7585719227790833,0.5856798887252808,-0.0367513932287693,0.9992567896842957,0.7480091452598572,0.591048002243042,0.03935008868575096,0.9985990524291992,0.8423713445663452,0.6094734072685242,-0.2697211802005768,0.998939037322998,0.7858529686927795,0.658652126789093,0.3345739543437958,0.9961300492286682,0.6953058242797852,0.5675026178359985,-0.4163644313812256,0.9902961254119873,0.6895755529403687,0.6546897292137146,0.5408471822738647,0.4000445008277893,0.5342179536819458,0.5504505634307861,-0.1836542785167694,0.8309177160263062,0.5643489956855774,0.6196376085281372,0.6045054197311401,0.22591425478458405,0.4950962960720062,0.5409539937973022,-0.21751096844673157,0.681294858455658,0.5550360679626465,0.6193141937255859,0.6232828497886658,0.20582829415798187,0.5157210230827332,0.5564097166061401,-0.17592135071754456,0.6889338493347168,0.5478377342224121,0.6120900511741638,0.6005347371101379,0.24054208397865295,0.532194972038269,0.566890299320221,-0.16582708060741425,0.6837332248687744,0.5470934510231018,0.616389811038971,0.5865594744682312,0.2560368776321411,0.8602056503295898,1.0152926445007324,-0.16059353947639465,0.9265514612197876,0.8142720460891724,1.0424420833587646,0.16088204085826874,0.9352176785469055,0.8267421722412109,1.2405797243118286,-0.128824383020401,0.14861349761486053,0.7755388617515564,1.2601304054260254,0.24601249396800995,0.09602558612823486,0.8354094624519348,1.5040392875671387,0.0855703055858612,0.01648176647722721,0.7696247100830078,1.51876699924469,0.34349843859672546,0.012726401910185814,0.8565112948417664,1.5592312812805176,0.10380103439092636,0.0387178473174572,0.7823314070701599,1.566091775894165,0.3491099178791046,0.023252159357070923,0.7710540890693665,1.525079607963562,-0.006817410234361887,0.02189965546131134,0.7149882912635803,1.5556519031524658,0.2303832322359085,0.013182569295167923
0.7424625158309937,0.5697148442268372,-0.029725203290581703,0.9996342658996582,0.7516561150550842,0.5423733592033386,-0.06075016409158707,0.9997227787971497,0.7572467923164368,0.5385481119155884,-0.060848236083984375,0.9997493624687195,0.7632929086685181,0.5345858931541443,-0.06085516884922981,0.9998130798339844,0.7416609525680542,0.5480815768241882,-0.003303246106952429,0.9996649026870728,0.7398762106895447,0.5486138463020325,-0.003233468858525157,0.9994750022888184,0.7380442023277283,0.5493878126144409,-0.003337584901601076,0.9996117949485779,0.7943423986434937,0.5261057615280151,-0.12662135064601898,0.9998738169670105,0.7587645649909973,0.5455118417739868,0.13673152029514313,0.9997890591621399,0.7587525248527527,0.5851766467094421,-0.04736906662583351,0.9992874264717102,0.7480885982513428,0.5910021662712097,0.02936713397502899,0.9986497163772583,0.843664288520813,0.609115719795227,-0.27449673414230347,0.9989889860153198,0.7844524383544922,0.6599982380867004,0.3350834548473358,0.9962442517280579,0.697734534740448,0.5732578039169312,-0.44048643112182617,0.990881621837616,0.690163254737854,0.6571725606918335,0.528331458568573,0.42672663927078247,0.5357743501663208,0.5504800081253052,-0.2073901891708374,0.8441105484962463,0.5665075182914734,0.6257386803627014,0.5695412755012512,0.25795912742614746,0.4976339340209961,0.5410130023956299,-0.24718017876148224,0.7028272747993469,0.5540038347244263,0.6236572265625,0.5842462778091431,0.23120242357254028,0.5175589323043823,0.5566385984420776,-0.2031874656677246,0.7097379565238953,0.5473163723945618,0.6149912476539612,0.5584591031074524,0.2672554552555084,0.5154213309288025,0.5703139901161194,-0.18962986767292023,0.7035676836967468,0.5457849502563477,0.6181563138961792,0.5489428639411926,0.2822721600532532,0.8624238967895508,1.0175108909606934,-0.1606309860944748,0.9287670254707336,0.8120230436325073,1.0421463251113892,0.16094031929969788,0.9363345503807068,0.8319513201713562,1.242629885673523,-0.1371537446975708,0.14415277540683746,0.7769526243209839,1.2601982355117798,0.24588322639465332,0.09313827753067017,0.8477057218551636,1.5047017335891724,0.08496250212192535,0.01586802862584591,0.7703588604927063,1.5194203853607178,0.34252995252609253,0.012539852410554886,0.8685189485549927,1.5586549043655396,0.10204468667507172,0.036670684814453125,0.7826402187347412,1.566597819328308,0.34800735116004944,0.02250370755791664,0.7889588475227356,1.5302177667617798,-0.043874360620975494,0.02132929116487503,0.719131588935852,1.557730793952942,0.22982177138328552,0.013228870928287506
0.7424869537353516,0.5695177316665649,-0.035259075462818146,0.9996554851531982,0.7517787218093872,0.5421100854873657,-0.06511132419109344,0.9997348785400391,0.7574363946914673,0.5381807088851929,-0.06519829481840134,0.9997608661651611,0.7635465264320374,0.5341041684150696,-0.06518180668354034,0.9998211860656738,0.7416728734970093,0.548029363155365,-0.007748093456029892,0.9996808171272278,0.7398778200149536,0.548599123954773,-0.007668162230402231,0.9995028972625732,0.7380341291427612,0.5493888854980469,-0.007767577655613422,0.9996315240859985,0.7944258451461792,0.5257824659347534,-0.1272323578596115,0.9998781085014343,0.7587634325027466,0.5455237627029419,0.13699249923229218,0.9997972249984741,0.7588964700698853,0.5846900939941406,-0.05159289762377739,0.9993179440498352,0.7481429576873779,0.5909344553947449,0.02508634701371193,0.9987015128135681,0.8444958925247192,0.6087943315505981,-0.27542203664779663,0.9990333914756775,0.7834840416908264,0.6608517169952393,0.33555832505226135,0.9963521957397461,0.6992443203926086,0.5749521851539612,-0.4442750811576843,0.9914351105690002,0.6907361745834351,0.65875244140625,0.5187169909477234,0.45393267273902893,0.5368935465812683,0.550434947013855,-0.21570202708244324,0.8562629818916321,0.5673667192459106,0.6288309693336487,0.5489221215248108,0.289496511220932,0.4991174638271332,0.5409338474273682,-0.25683003664016724,0.7227922081947327,0.5537248849868774,0.6261774897575378,0.5616132020950317,0.25585445761680603,0.5187475681304932,0.5564867854118347,-0.21281084418296814,0.7290111780166626,0.5470361709594727,0.6169244647026062,0.5355696678161621,0.2930040657520294,0.5200670957565308,0.5724111795425415,-0.19821950793266296,0.7219929099082947,0.545561671257019,0.6192340850830078,0.5277653932571411,0.3076019883155823,0.8644034266471863,1.018516182899475,-0.16077330708503723,0.9304034113883972,0.8110842704772949,1.0420312881469727,0.16109061241149902,0.9370707273483276,0.8354493975639343,1.2432125806808472,-0.14508722722530365,0.14137645065784454,0.778529167175293,1.259952425956726,0.2457132637500763,0.09177190065383911,0.8527227640151978,1.5046359300613403,0.06920407712459564,0.015515622682869434,0.7710607051849365,1.5194473266601562,0.33856847882270813,0.01260004285722971,0.8731139898300171,1.5585975646972656,0.08372973650693893,0.03510550782084465,0.782954216003418,1.5665581226348877,0.3436901867389679,0.022152073681354523,0.7961025238037109,1.5323017835617065,-0.06629614531993866,0.02109871245920658,0.7222639322280884,1.5585124492645264,0.2117268294095993,0.013525710441172123
0.7422854900360107,0.5694878697395325,-0.030150115489959717,0.9996811151504517,0.7517806887626648,0.5419667363166809,-0.06046324968338013,0.9997523427009583,0.7574547529220581,0.537975013256073,-0.06056012585759163,0.9997772574424744,0.7635999321937561,0.5338374972343445,-0.06056421995162964,0.9998329281806946,0.7414402365684509,0.5480276942253113,-0.004039441235363483,0.999703049659729,0.7394909262657166,0.5486289858818054,-0.00396812055259943,0.999539852142334,0.7374677658081055,0.5494967103004456,-0.004072926472872496,0.9996581077575684,0.7944458723068237,0.5256606340408325,-0.12066342681646347,0.9998854994773865,0.7583423852920532,0.5457735657691956,0.13718289136886597,0.9998109936714172,0.7588459849357605,0.5846678614616394,-0.047536179423332214,0.9993634819984436,0.74776691198349,0.590987503528595,0.0283109899610281,0.9987858533859253,0.8451035618782043,0.6088966131210327,-0.264834463596344,0.9990877509117126,0.7819158434867859,0.6649714708328247,0.3358745574951172,0.9965128898620605,0.7000741958618164,0.5761796236038208,-0.4275672435760498,0.9919857382774353,0.6844311952590942,0.6601819396018982,0.4969114661216736,0.48538118600845337,0.5312734842300415,0.55011385679245,-0.22481593489646912,0.868320882320404,0.5594834089279175,0.6291292905807495,0.5031747817993164,0.32238999009132385,0.49235057830810547,0.5384323596954346,-0.2657816410064697,0.7436198592185974,0.5447521805763245,0.6261066198348999,0.5124236345291138,0.2806347608566284,0.5122466683387756,0.5507458448410034,-0.22297990322113037,0.7490606307983398,0.5489306449890137,0.6218231320381165,0.48717910051345825,0.3179696202278137,0.5240471959114075,0.564218282699585,-0.20748789608478546,0.7417459487915039,0.5430289506912231,0.6197653412818909,0.4824410378932953,0.3325800597667694,0.8643724322319031,1.0262937545776367,-0.1565486192703247,0.9354146718978882,0.810794472694397,1.0454334020614624,0.1568809449672699,0.9413338303565979,0.8357551693916321,1.2446836233139038,-0.13849666714668274,0.14854229986667633,0.7796781659126282,1.2661936283111572,0.244876429438591,0.09396825730800629,0.8523305654525757,1.5071903467178345,0.07829950749874115,0.016643552109599113,0.7719606757164001,1.5280348062515259,0.33607134222984314,0.013781250454485416,0.8734292984008789,1.560233235359192,0.09420496970415115,0.03623942658305168,0.7838336229324341,1.5759127140045166,0.3409859836101532,0.023224201053380966,0.7936130166053772,1.5337238311767578,-0.05737779289484024,0.022280795499682426,0.7219900488853455,1.5653811693191528,0.20926246047019958,0.014735087752342224
0.7422560453414917,0.5692005753517151,-0.04745811969041824,0.9996970295906067,0.7518730759620667,0.5415432453155518,-0.07427038252353668,0.9997591376304626,0.7576590776443481,0.5373831391334534,-0.07437752187252045,0.9997847080230713,0.7639178037643433,0.5330602526664734,-0.0743369609117508,0.9998375177383423,0.7413992285728455,0.5479966402053833,-0.01857483759522438,0.9997130036354065,0.739348828792572,0.5486419200897217,-0.018473921343684196,0.999560534954071,0.7371655702590942,0.5496237874031067,-0.01859143190085888,0.999671459197998,0.7946130037307739,0.525320827960968,-0.12485460191965103,0.9998870491981506,0.7577164769172668,0.5463324189186096,0.1329394429922104,0.9998131394386292,0.7588562369346619,0.5841941237449646,-0.060969751328229904,0.9993851184844971,0.7476307153701782,0.590961217880249,0.014067520387470722,0.9988167881965637,0.847283661365509,0.6087815761566162,-0.273824006319046,0.9991242289543152,0.7795090675354004,0.6655558943748474,0.33383578062057495,0.9965752363204956,0.7075105309486389,0.5808349847793579,-0.4658032953739166,0.9924901723861694,0.6849993467330933,0.6668124794960022,0.47411054372787476,0.5150363445281982,0.534698486328125,0.5495337247848511,-0.3089964985847473,0.8797166347503662,0.5600000023841858,0.6309276223182678,0.4492819309234619,0.3577516973018646,0.4965510964393616,0.5369880795478821,-0.35841014981269836,0.7635946869850159,0.5489814281463623,0.6279324889183044,0.45367878675460815,0.3075238764286041,0.5154232978820801,0.5479875206947327,-0.3127117455005646,0.7682653665542603,0.5396626591682434,0.6248943209648132,0.42498302459716797,0.34489431977272034,0.5291711091995239,0.5601580739021301,-0.29150938987731934,0.7604130506515503,0.5426830649375916,0.6223429441452026,0.4260288178920746,0.3593451976776123,0.8698188066482544,1.0262452363967896,-0.15385667979717255,0.9384055137634277,0.8086962699890137,1.0449477434158325,0.15433581173419952,0.9435763955116272,0.8487703204154968,1.2609370946884155,-0.1256953328847885,0.14489245414733887,0.7813299894332886,1.277424931526184,0.23942044377326965,0.09296563267707825,0.8640071749687195,1.517372488975525,0.09237650036811829,0.016117176041007042,0.775916337966919,1.5384869575500488,0.3352486789226532,0.013871759176254272,0.8831158876419067,1.5644516944885254,0.10677991807460785,0.03427263721823692,0.7871068120002747,1.5835750102996826,0.34023669362068176,0.022908547893166542,0.8124869465827942,1.555419921875,-0.05247423052787781,0.021419307217001915,0.7369589805603027,1.5849658250808716,0.18956562876701355,0.01477732602506876
0.7420732975006104,0.5688873529434204,-0.04080720990896225,0.9997174143791199,0.7518404722213745,0.5413397550582886,-0.06989104300737381,0.9997731447219849,0.7576426863670349,0.53716641664505,-0.07000856101512909,0.9997981190681458,0.7639099955558777,0.5328312516212463,-0.06999240815639496,0.9998473525047302,0.7411971092224121,0.5479294657707214,-0.012996092438697815,0.9997299313545227,0.7390643358230591,0.548626184463501,-0.012905413284897804,0.9995882511138916,0.7368006110191345,0.5496261119842529,-0.013033503666520119,0.999690592288971,0.7945693731307983,0.5250937938690186,-0.12663421034812927,0.9998939633369446,0.7570809125900269,0.5465096831321716,0.13304048776626587,0.9998231530189514,0.7587753534317017,0.5838519930839539,-0.05709848925471306,0.999419093132019,0.7473663091659546,0.590776801109314,0.018992112949490547,0.9988733530044556,0.8472342491149902,0.6087951064109802,-0.2841077446937561,0.9991742372512817,0.7784829139709473,0.6656723022460938,0.3486366868019104,0.9967117309570312,0.7066652774810791,0.5782832503318787,-0.44772282242774963,0.9929051995277405,0.6857059597969055,0.666153073310852,0.5128591656684875,0.5355671048164368,0.5352697372436523,0.549496591091156,-0.22411155700683594,0.8889197111129761,0.5618376135826111,0.6301881670951843,0.49460822343826294,0.3762400448322296,0.4974265694618225,0.5370904207229614,-0.2602813243865967,0.7784420847892761,0.5510350465774536,0.6279067993164062,0.5149348974227905,0.32140877842903137,0.5168317556381226,0.5484036207199097,-0.22013966739177704,0.782553493976593,0.5434618592262268,0.6242409944534302,0.4852743148803711,0.35971972346305847,0.5230973958969116,0.5697376728057861,-0.20760731399059296,0.7747533917427063,0.5432665348052979,0.6226638555526733,0.4775160849094391,0.37501221895217896,0.8697816133499146,1.0280295610427856,-0.1585623025894165,0.9415420889854431,0.8064033389091492,1.0457173585891724,0.159310981631279,0.9463397264480591,0.8503926992416382,1.2674543857574463,-0.1270444691181183,0.13673041760921478,0.7817093133926392,1.2878596782684326,0.2531870901584625,0.08787035197019577,0.8665304183959961,1.525917410850525,0.08730345964431763,0.01488360483199358,0.7812420129776001,1.5480085611343384,0.35757720470428467,0.012925459071993828,0.8869647979736328,1.5725785493850708,0.10225918143987656,0.0316576324403286,0.7918957471847534,1.5931141376495361,0.3637004792690277,0.02137305773794651,0.8103258013725281,1.5670276880264282,-0.04894541576504707,0.019847573712468147,0.7407737970352173,1.5959336757659912,0.2183990776538849,0.013842834159731865
0.7421292066574097,0.5682795643806458,-0.03793458268046379,0.9997303485870361,0.7518965005874634,0.5407730937004089,-0.06687646359205246,0.9997808933258057,0.7577179670333862,0.5364654064178467,-0.06699829548597336,0.9998056292533875,0.7639952898025513,0.5319682955741882,-0.06699363142251968,0.9998525977134705,0.7412007451057434,0.5476763844490051,-0.01020032912492752,0.9997411370277405,0.7390589118003845,0.5484961867332458,-0.010118869133293629,0.9996073842048645,0.7367711067199707,0.5495772957801819,-0.010244030505418777,0.9997037053108215,0.7945689558982849,0.5243178606033325,-0.11374063789844513,0.9998970031738281,0.7566632628440857,0.5465414524078369,0.1335259974002838,0.9998292922973633,0.758883535861969,0.5829613208770752,-0.05434759706258774,0.999440610408783,0.7474011182785034,0.5903618335723877,0.021006327122449875,0.9989118576049805,0.8471847772598267,0.6077841520309448,-0.2612116038799286,0.999221920967102,0.7787765264511108,0.6654103398323059,0.34180837869644165,0.9968678951263428,0.7134283781051636,0.5763803124427795,-0.4435855448246002,0.9934346675872803,0.68991619348526,0.6711035370826721,0.5136021971702576,0.5611481666564941,0.5360297560691833,0.5480927228927612,-0.21623802185058594,0.8980348110198975,0.5676285624504089,0.6307941675186157,0.5172639489173889,0.4005274474620819,0.4998934268951416,0.5361166000366211,-0.2531219720840454,0.7935436964035034,0.5540333986282349,0.6278774738311768,0.5393582582473755,0.3374500870704651,0.519679605960846,0.547765851020813,-0.21244938671588898,0.7968994379043579,0.544166624546051,0.6240851879119873,0.4945780336856842,0.3746856451034546,0.5261251330375671,0.5734050273895264,-0.1995665729045868,0.7889533042907715,0.5440344214439392,0.6227249503135681,0.4863514006137848,0.3903929591178894,0.8689184188842773,1.0084260702133179,-0.15061542391777039,0.9460853338241577,0.8118796348571777,0.9972997903823853,0.15114560723304749,0.9503501057624817,0.8514755964279175,1.2575322389602661,-0.12754300236701965,0.13784174621105194,0.7864640951156616,1.278939962387085,0.22276052832603455,0.09079308062791824,0.8681337237358093,1.513935923576355,0.06809888780117035,0.014690559357404709,0.7861791849136353,1.5337023735046387,0.29963284730911255,0.013201842084527016,0.8891037702560425,1.5607116222381592,0.0815432071685791,0.031119832769036293,0.7975057363510132,1.577926516532898,0.30303046107292175,0.021562609821558,0.8124911189079285,1.5519791841506958,-0.057741571217775345,0.019385019317269325,0.7443249821662903,1.5781117677688599,0.16587257385253906,0.013889335095882416
0.7421311736106873,0.5682500600814819,-0.051080454140901566,0.9997455477714539,0.7519057393074036,0.5407498478889465,-0.07641709595918655,0.999789834022522,0.7577266097068787,0.5364444255828857,-0.07651247084140778,0.9998141527175903,0.7640058994293213,0.531952440738678,-0.07648815959692001,0.9998587369918823,0.7412048578262329,0.547671377658844,-0.021692272275686264,0.9997527599334717,0.7390583753585815,0.5485066175460815,-0.02159907855093479,0.9996268153190613,0.736767590045929,0.549634575843811,-0.021727243438363075,0.9997170567512512,0.7945801019668579,0.5243081450462341,-0.11683456599712372,0.9999011754989624,0.7564409971237183,0.5469802021980286,0.12977364659309387,0.9998349547386169,0.7588822841644287,0.5829604864120483,-0.06327866017818451,0.999467134475708,0.7473949193954468,0.5903580188751221,0.009897037409245968,0.9989582300186157,0.8474953770637512,0.607710063457489,-0.2652128040790558,0.9992639422416687,0.7775373458862305,0.6652640700340271,0.3375164270401001,0.9969941973686218,0.717004656791687,0.5756540894508362,-0.4557235836982727,0.993901252746582,0.6908571124076843,0.6698618531227112,0.5169380903244019,0.5834828019142151,0.5378491282463074,0.5465527176856995,-0.2540186047554016,0.9065730571746826,0.5682739615440369,0.6297572255134583,0.5297985672950745,0.42371058464050293,0.5012829899787903,0.5357668995857239,-0.296109139919281,0.8082359433174133,0.554743230342865,0.6241333484649658,0.5582134127616882,0.35457777976989746,0.5215112566947937,0.547735333442688,-0.2549969553947449,0.811074435710907,0.5469989776611328,0.6194121837615967,0.5139269828796387,0.39178547263145447,0.5285176634788513,0.572587251663208,-0.2377415895462036,0.8028866052627563,0.5446137189865112,0.6222659945487976,0.50046706199646,0.4081023037433624,0.8719302415847778,1.0086262226104736,-0.15013359487056732,0.9490919709205627,0.8096505999565125,1.002564787864685,0.15070635080337524,0.9528672099113464,0.8550516963005066,1.2626030445098877,-0.1257714480161667,0.1332661211490631,0.7864804863929749,1.2813340425491333,0.22077003121376038,0.0897454172372818,0.8701483011245728,1.5163782835006714,0.06817057728767395,0.014001852832734585,0.7862651944160461,1.5377579927444458,0.3004559278488159,0.012867308221757412,0.8901117444038391,1.5618647336959839,0.08172053098678589,0.02952437661588192,0.7974637150764465,1.5817066431045532,0.3036581873893738,0.020794659852981567,0.817326545715332,1.5579924583435059,-0.0646708533167839,0.018508778885006905,0.7464548349380493,1.5849422216415405,0.15696218609809875,0.013494634069502354
0.7422357797622681,0.5671895742416382,-0.046265605837106705,0.999758243560791,0.751981794834137,0.5399653911590576,-0.07351139187812805,0.9997973442077637,0.757794201374054,0.5356336236000061,-0.07360782474279404,0.9998210668563843,0.7640730142593384,0.5311346650123596,-0.07359342277050018,0.9998636245727539,0.7413426637649536,0.5469743013381958,-0.017573492601513863,0.9997637271881104,0.7392160892486572,0.5479254126548767,-0.017487600445747375,0.9996454119682312,0.7369407415390015,0.5491780638694763,-0.017615141347050667,0.9997303485870361,0.7946732640266418,0.5238131880760193,-0.10763714462518692,0.9999037384986877,0.7564972639083862,0.5469476580619812,0.13305294513702393,0.9998393058776855,0.7589556574821472,0.5820252895355225,-0.060970187187194824,0.9994892477989197,0.7474914193153381,0.5893838405609131,0.013761721551418304,0.999001145362854,0.8478751182556152,0.607136070728302,-0.26113539934158325,0.9992998838424683,0.7760804295539856,0.6643790006637573,0.33816295862197876,0.9971218705177307,0.7159860730171204,0.574967622756958,-0.45014333724975586,0.9943339824676514,0.6909468173980713,0.6689667105674744,0.5091888308525085,0.6089137196540833,0.5387778878211975,0.5439634919166565,-0.2735353112220764,0.9146408438682556,0.5685361623764038,0.6297346949577332,0.5276209712028503,0.45516422390937805,0.502648651599884,0.5340267419815063,-0.3152157664299011,0.8228558897972107,0.5545684099197388,0.6240180730819702,0.5408222079277039,0.37916675209999084,0.522655189037323,0.544148862361908,-0.2742270827293396,0.8252052664756775,0.5463284254074097,0.619851291179657,0.5155869722366333,0.4154170751571655,0.528738796710968,0.5708230137825012,-0.25662270188331604,0.8167673349380493,0.5467962026596069,0.6224390268325806,0.5069159269332886,0.43140196800231934,0.8709861636161804,1.0054373741149902,-0.14857633411884308,0.9529221057891846,0.8081239461898804,1.006724238395691,0.14904433488845825,0.9563540816307068,0.8553830981254578,1.2618756294250488,-0.12201806157827377,0.14671429991722107,0.7864536046981812,1.2807782888412476,0.2153993546962738,0.10360036045312881,0.86921226978302,1.516030192375183,0.06621021032333374,0.015996308997273445,0.7861310839653015,1.5372544527053833,0.29053598642349243,0.015424245968461037,0.8886831402778625,1.5617129802703857,0.07877863943576813,0.03180224075913429,0.7973726987838745,1.5812203884124756,0.2926228940486908,0.023334745317697525,0.8182076215744019,1.557279109954834,-0.07225576043128967,0.020486338064074516,0.747978150844574,1.5850428342819214,0.14327313005924225,0.015215507708489895
0.743003249168396,0.5646064281463623,-0.06768280267715454,0.9997642636299133,0.7527182698249817,0.537850558757782,-0.08854471892118454,0.999799370765686,0.7585464715957642,0.5335397124290466,-0.08863271772861481,0.9998236298561096,0.7649339437484741,0.5290747880935669,-0.08864957839250565,0.9998651146888733,0.741927444934845,0.5450431704521179,-0.03836953267455101,0.9997680187225342,0.7396811246871948,0.5462014675140381,-0.038255222141742706,0.9996539354324341,0.7372673749923706,0.5476831793785095,-0.03843163698911667,0.9997348785400391,0.7952207326889038,0.5227066278457642,-0.10931156575679779,0.999904215335846,0.7563140988349915,0.5467439293861389,0.12092079967260361,0.99983811378479,0.7595283389091492,0.5799963474273682,-0.07265479862689972,0.9994977116584778,0.7477829456329346,0.5876045823097229,-0.004802596289664507,0.9990090131759644,0.8489251136779785,0.6066102981567383,-0.2623794674873352,0.999334454536438,0.7735731601715088,0.6627525091171265,0.32260292768478394,0.9972608685493469,0.7218056917190552,0.5800301432609558,-0.4516527056694031,0.9947683811187744,0.6929105520248413,0.6681883335113525,0.4992765486240387,0.6368120908737183,0.54530930519104,0.5437872409820557,-0.2755264341831207,0.9219508171081543,0.576389729976654,0.6290894746780396,0.5353258848190308,0.4864083528518677,0.5059547424316406,0.5342976450920105,-0.31733155250549316,0.835392951965332,0.559208333492279,0.6213087439537048,0.5442138910293579,0.4050099551677704,0.5233426094055176,0.5535679459571838,-0.2814420759677887,0.8371682167053223,0.5505325198173523,0.6150363087654114,0.5255433917045593,0.43991872668266296,0.5297033786773682,0.5708169341087341,-0.2608015835285187,0.8291252255439758,0.555892288684845,0.6194286942481995,0.517439067363739,0.45699918270111084,0.8707394599914551,1.002326250076294,-0.14451958239078522,0.9569729566574097,0.8080482482910156,0.9905570149421692,0.14513027667999268,0.9601308703422546,0.8640507459640503,1.2662720680236816,-0.09696508944034576,0.14282000064849854,0.7864372730255127,1.2831485271453857,0.21746663749217987,0.10581468045711517,0.8787204027175903,1.516613483428955,0.08930675685405731,0.015201536938548088,0.7933140993118286,1.5372637510299683,0.2975890040397644,0.014858541078865528,0.897663414478302,1.5615200996398926,0.10173285007476807,0.030263224616646767,0.8046755790710449,1.5811314582824707,0.30049604177474976,0.02245071530342102,0.831261932849884,1.5635002851486206,-0.06255033612251282,0.01928582228720188,0.7644782662391663,1.5907138586044312,0.1532144993543625,0.014396187849342823
0.7434096932411194,0.5629692077636719,-0.0745493620634079,0.9997715950012207,0.7530655264854431,0.5364736914634705,-0.09448063373565674,0.9998026490211487,0.7589020133018494,0.5321834683418274,-0.09456058591604233,0.9998272061347961,0.7653435468673706,0.5277439951896667,-0.09457235038280487,0.99986732006073,0.7422138452529907,0.5437087416648865,-0.04535321518778801,0.9997735619544983,0.739920437335968,0.5449548959732056,-0.04524048790335655,0.9996638894081116,0.737449586391449,0.5465326905250549,-0.04541786387562752,0.9997406005859375,0.7955957651138306,0.5217993259429932,-0.10964135080575943,0.9999053478240967,0.7562351822853088,0.5464206337928772,0.11462614685297012,0.9998385310173035,0.759880006313324,0.5785725116729736,-0.0777212530374527,0.9995079040527344,0.7479902505874634,0.5862497687339783,-0.011371922679245472,0.999022364616394,0.8493602871894836,0.6061924695968628,-0.26318222284317017,0.9993643164634705,0.7726284265518188,0.6613206267356873,0.31577152013778687,0.9973814487457275,0.7229544520378113,0.5820674896240234,-0.45223361253738403,0.995154082775116,0.6942609548568726,0.6676485538482666,0.4935454726219177,0.660871148109436,0.5485097765922546,0.5435405969619751,-0.27948197722435,0.9286130666732788,0.5807801485061646,0.6286989450454712,0.5353621244430542,0.5140774846076965,0.5078883171081543,0.5343409776687622,-0.3222501873970032,0.8471342325210571,0.5622099041938782,0.6197878122329712,0.5430130362510681,0.4284037947654724,0.5239295363426208,0.5582087635993958,-0.2868313789367676,0.848433792591095,0.5532652139663696,0.6127135157585144,0.5262085795402527,0.46219581365585327,0.5302689671516418,0.5708102583885193,-0.26514750719070435,0.8407171368598938,0.5604822039604187,0.6177716851234436,0.5183900594711304,0.48007965087890625,0.8704940676689148,1.0007604360580444,-0.14259208738803864,0.9604548811912537,0.8090246319770813,0.9871119260787964,0.1432596743106842,0.963367223739624,0.8664590120315552,1.2669874429702759,-0.09429101645946503,0.13803374767303467,0.7865011096000671,1.2836840152740479,0.2182552069425583,0.1057465672492981,0.881999135017395,1.5164910554885864,0.09238391369581223,0.014364444650709629,0.796798050403595,1.537017822265625,0.3008599281311035,0.014189515262842178,0.9010650515556335,1.5609277486801147,0.10497649759054184,0.02865121141076088,0.8083628416061401,1.5808486938476562,0.3040766716003418,0.02141011506319046,0.8346713781356812,1.5642187595367432,-0.06088428944349289,0.018131934106349945,0.768777072429657,1.5918140411376953,0.15547093749046326,0.013600052334368229
0.7434321641921997,0.5622419118881226,-0.08678950369358063,0.9997801184654236,0.7530733346939087,0.5356010794639587,-0.10549789667129517,0.9998080730438232,0.7589173913002014,0.531304121017456,-0.10560594499111176,0.9998315572738647,0.7653830051422119,0.5268120765686035,-0.10560359060764313,0.9998705387115479,0.7422134876251221,0.5429174304008484,-0.05634448677301407,0.9997807741165161,0.7399102449417114,0.5442453622817993,-0.05623745173215866,0.9996745586395264,0.7374221086502075,0.5458962917327881,-0.056435346603393555,0.999747097492218,0.7957491874694824,0.5208710432052612,-0.11501135677099228,0.9999074339866638,0.7558590173721313,0.5463061928749084,0.11077140271663666,0.9998400807380676,0.7598952651023865,0.5781995058059692,-0.08811037987470627,0.9995250105857849,0.7479918003082275,0.5858541131019592,-0.02160222828388214,0.9990456104278564,0.8498247265815735,0.6060468554496765,-0.2640444338321686,0.9993901252746582,0.7717558145523071,0.6609140634536743,0.31081250309944153,0.9975096583366394,0.7251807451248169,0.5827935338020325,-0.45014017820358276,0.9954922795295715,0.6946694850921631,0.6672413945198059,0.47447800636291504,0.6842091083526611,0.5572911500930786,0.5414080023765564,-0.2596960663795471,0.9343817830085754,0.5826388597488403,0.629567563533783,0.48755359649658203,0.5412327647209167,0.5157983899116516,0.5344256162643433,-0.3007183372974396,0.8565529584884644,0.5633159279823303,0.6207268238067627,0.48871612548828125,0.4511907398700714,0.5246185660362244,0.560516893863678,-0.2649381756782532,0.8574870228767395,0.5544636249542236,0.6128295063972473,0.47343820333480835,0.48419567942619324,0.5321940183639526,0.5707540512084961,-0.24494174122810364,0.8503434062004089,0.5627292990684509,0.6180464029312134,0.4703558385372162,0.5032151937484741,0.8696931004524231,0.9995859265327454,-0.14340034127235413,0.9632517099380493,0.808709442615509,0.9841796159744263,0.1440858542919159,0.966036856174469,0.8723298907279968,1.268247127532959,-0.09972679615020752,0.1298278272151947,0.7868741750717163,1.2847026586532593,0.23945745825767517,0.10313135385513306,0.8899410963058472,1.51662278175354,0.06900108605623245,0.01321064867079258,0.8019211888313293,1.5367717742919922,0.35095497965812683,0.013140758499503136,0.9083493947982788,1.5597357749938965,0.07905583083629608,0.026271723210811615,0.8126606941223145,1.578821063041687,0.3578910231590271,0.019909577444195747,0.8471571207046509,1.5695953369140625,-0.09321954101324081,0.016587939113378525,0.7786398530006409,1.5933129787445068,0.19897255301475525,0.012536340393126011
0.7436128854751587,0.5611189007759094,-0.10461493581533432,0.9997871518135071,0.7533178329467773,0.534418523311615,-0.12051685154438019,0.9998103976249695,0.7592408657073975,0.5299839377403259,-0.12060080468654633,0.9998342394828796,0.7658718824386597,0.5253413319587708,-0.12056650966405869,0.9998712539672852,0.7423304319381714,0.5420048236846924,-0.07440834492444992,0.9997846484184265,0.7400002479553223,0.543407678604126,-0.07430671155452728,0.9996829032897949,0.7374844551086426,0.5451372861862183,-0.0744624212384224,0.9997503757476807,0.7959679365158081,0.520024299621582,-0.11924122273921967,0.9999074935913086,0.7557805180549622,0.546018660068512,0.09487032890319824,0.9998377561569214,0.7600420713424683,0.576507568359375,-0.10042023658752441,0.9995284080505371,0.7480044960975647,0.5846689343452454,-0.038066890090703964,0.9990454912185669,0.8501368761062622,0.6049822568893433,-0.25913918018341064,0.9993792176246643,0.7700330018997192,0.6601889729499817,0.2849756181240082,0.9974834322929382,0.7249454259872437,0.5832057595252991,-0.4481644034385681,0.9956347942352295,0.6945010423660278,0.6694198250770569,0.3686566948890686,0.6986197829246521,0.5598981976509094,0.5405086278915405,-0.2931513786315918,0.9394540786743164,0.5824674963951111,0.6289195418357849,0.2845764756202698,0.5656051635742188,0.5188463926315308,0.5343939661979675,-0.3387081027030945,0.8659995794296265,0.5628368854522705,0.619649350643158,0.2697235941886902,0.47463807463645935,0.5248177647590637,0.560367226600647,-0.30606430768966675,0.8668140172958374,0.5542155504226685,0.6125451922416687,0.2575594484806061,0.5068665742874146,0.5325502157211304,0.5696419477462769,-0.2806416153907776,0.8597360849380493,0.5626661777496338,0.6177319884300232,0.26630836725234985,0.5249806642532349,0.8682513236999512,0.9930902719497681,-0.13443626463413239,0.9631615877151489,0.8084219694137573,0.9836300015449524,0.13513295352458954,0.9658671617507935,0.8705617785453796,1.2649285793304443,-0.10367085784673691,0.12142764031887054,0.7869597673416138,1.2779628038406372,0.20614084601402283,0.09820999950170517,0.8875945806503296,1.5106093883514404,0.0692674070596695,0.0121855353936553,0.8003250360488892,1.530289888381958,0.28635522723197937,0.012267948128283024,0.9058005213737488,1.5497326850891113,0.07996698468923569,0.02415659837424755,0.8111797571182251,1.570961356163025,0.28880181908607483,0.018483802676200867,0.8446347117424011,1.5690178871154785,-0.08742207288742065,0.01532417070120573,0.7734928727149963,1.5902061462402344,0.12412101030349731,0.01169996615499258
0.7436851859092712,0.5600759387016296,-0.09082440286874771,0.9997948408126831,0.7535531520843506,0.5336344838142395,-0.11070730537176132,0.9998156428337097,0.7595744729042053,0.5292685627937317,-0.11078862845897675,0.9998393058776855,0.7663668990135193,0.5247327089309692,-0.11079291999340057,0.9998741745948792,0.7423644065856934,0.541208028793335,-0.06314043700695038,0.9997917413711548,0.7400105595588684,0.5426589250564575,-0.06304235756397247,0.9996952414512634,0.7374836206436157,0.5444604754447937,-0.06320171058177948,0.9997581243515015,0.7959922552108765,0.5198913812637329,-0.12285449355840683,0.9999095797538757,0.7555475234985352,0.545851469039917,0.09271436184644699,0.9998424649238586,0.7600787281990051,0.5752633810043335,-0.09195186197757721,0.9995424747467041,0.7479630708694458,0.5833835005760193,-0.02774031087756157,0.9990758299827576,0.8496659994125366,0.60499107837677,-0.25992733240127563,0.9993811249732971,0.7692463397979736,0.6595734357833862,0.27950531244277954,0.997561514377594,0.7233807444572449,0.5826060175895691,-0.43817394971847534,0.9958568811416626,0.6944986581802368,0.667321503162384,0.4245827794075012,0.7135574817657471,0.5525996685028076,0.5374637246131897,-0.27326685190200806,0.9438762068748474,0.5801180601119995,0.6242427825927734,0.40987005829811096,0.5846576690673828,0.5123663544654846,0.5293525457382202,-0.31571832299232483,0.8738466501235962,0.5674696564674377,0.6196492314338684,0.4102831780910492,0.4915989637374878,0.5245499014854431,0.541593611240387,-0.28126785159111023,0.874339759349823,0.5543390512466431,0.61068195104599,0.3969802260398865,0.5228715538978577,0.5284007787704468,0.5649246573448181,-0.25952214002609253,0.8677133321762085,0.5603007078170776,0.6173954010009766,0.3916212320327759,0.541826069355011,0.8674418330192566,0.9946025609970093,-0.13446006178855896,0.9659192562103271,0.8067237734794617,0.9809305667877197,0.13508769869804382,0.9683802723884583,0.8697220087051392,1.2644855976104736,-0.10047800838947296,0.11784316599369049,0.7849940061569214,1.2797996997833252,0.20998796820640564,0.09509307146072388,0.8856576681137085,1.511740803718567,0.07695148140192032,0.01151422318071127,0.7960987687110901,1.5320645570755005,0.2918473780155182,0.01167117990553379,0.904593288898468,1.5516412258148193,0.08874841779470444,0.022937379777431488,0.8071314692497253,1.5724653005599976,0.29482007026672363,0.017483366653323174,0.8397738337516785,1.56731116771698,-0.06969474256038666,0.014395762234926224,0.7698445916175842,1.590178370475769,0.1392480581998825,0.011030578054487705
0.743852436542511,0.5594648718833923,-0.08870813995599747,0.9998066425323486,0.7539671659469604,0.5326323509216309,-0.10920175164937973,0.9998245239257812,0.7601169943809509,0.5281614661216736,-0.1092681884765625,0.9998470544815063,0.7671020030975342,0.5235746502876282,-0.10923700034618378,0.9998798370361328,0.7424593567848206,0.5405340194702148,-0.0608171746134758,0.9998016357421875,0.7400447130203247,0.5421498417854309,-0.060687195509672165,0.9997108578681946,0.7374847531318665,0.5440912842750549,-0.06083814427256584,0.9997694492340088,0.7961837649345398,0.5192984938621521,-0.12665891647338867,0.9999133348464966,0.7554259896278381,0.5457513332366943,0.09560741484165192,0.9998481273651123,0.7601815462112427,0.5743022561073303,-0.09153401851654053,0.9995640516281128,0.7479439973831177,0.5828719735145569,-0.026348482817411423,0.9991141557693481,0.8497284054756165,0.6047695279121399,-0.2637408375740051,0.999394416809082,0.7682227492332458,0.6587701439857483,0.2839620113372803,0.9976332187652588,0.7224978804588318,0.5822952389717102,-0.4397440552711487,0.9960654377937317,0.6941313743591309,0.665917158126831,0.43211278319358826,0.7273591160774231,0.5504414439201355,0.535639762878418,-0.27336838841438293,0.9480233192443848,0.5774439573287964,0.6215583682060242,0.4357784688472748,0.5986980199813843,0.5100279450416565,0.5274972915649414,-0.3174487352371216,0.8812137246131897,0.5646678805351257,0.6168822646141052,0.43563419580459595,0.5037904381752014,0.5243133306503296,0.536517858505249,-0.28159692883491516,0.8815339803695679,0.5538983941078186,0.6092708706855774,0.41615909337997437,0.535321056842804,0.5282241702079773,0.5625571012496948,-0.25966814160346985,0.8752411007881165,0.5577778220176697,0.6167169809341431,0.41610994935035706,0.5552021265029907,0.8665592074394226,0.9943802356719971,-0.13562265038490295,0.9666059017181396,0.8048030138015747,0.9831300973892212,0.1363239884376526,0.9687470197677612,0.8697289228439331,1.2688498497009277,-0.09977786988019943,0.10876602679491043,0.7849057912826538,1.282313585281372,0.21127156913280487,0.08820003271102905,0.8864108324050903,1.5177596807479858,0.09758421778678894,0.010507328435778618,0.7962884306907654,1.5356919765472412,0.30567851662635803,0.010676613077521324,0.9054095149040222,1.5570169687271118,0.11023575067520142,0.020917456597089767,0.8070424795150757,1.575155258178711,0.3100445866584778,0.01601969264447689,0.841903805732727,1.57279372215271,-0.059388626366853714,0.013130954466760159,0.7716673612594604,1.5967904329299927,0.14690032601356506,0.010114592500030994
0.7442345023155212,0.5581983923912048,-0.11766727268695831,0.9998100996017456,0.7545394897460938,0.5311295390129089,-0.13499605655670166,0.9998257756233215,0.7608798146247864,0.5264661908149719,-0.13507023453712463,0.9998486042022705,0.7680803537368774,0.521797776222229,-0.1350310742855072,0.9998798966407776,0.7425317168235779,0.5397051572799683,-0.08797432482242584,0.9998033046722412,0.7400499582290649,0.5415276885032654,-0.08784912526607513,0.9997158646583557,0.7374482154846191,0.5436700582504272,-0.0879933089017868,0.9997705221176147,0.7964580655097961,0.5182792544364929,-0.13945752382278442,0.9999134540557861,0.7552211880683899,0.545653223991394,0.08113735914230347,0.9998443126678467,0.7609751224517822,0.5720868706703186,-0.11434737592935562,0.9995717406272888,0.7480402588844299,0.58171546459198,-0.05058876425027847,0.9991212487220764,0.849977970123291,0.604750394821167,-0.2728900611400604,0.9993976950645447,0.7671829462051392,0.6587451696395874,0.2696607708930969,0.9976184964179993,0.7226198315620422,0.5827634334564209,-0.4745616018772125,0.99625563621521,0.693053126335144,0.666690468788147,0.334028422832489,0.7429015636444092,0.5504552125930786,0.5358313918113708,-0.35067737102508545,0.9521109461784363,0.5764412879943848,0.6198394298553467,0.22077295184135437,0.620152473449707,0.5101394653320312,0.5277884602546692,-0.40214020013809204,0.8892424702644348,0.5581770539283752,0.6157333850860596,0.2028568536043167,0.5236232876777649,0.5224292874336243,0.5415017604827881,-0.36712080240249634,0.8894105553627014,0.5534423589706421,0.6083187460899353,0.18556490540504456,0.5542364120483398,0.5286217331886292,0.5618492364883423,-0.3373202681541443,0.8830451965332031,0.5568866729736328,0.6138943433761597,0.19997349381446838,0.5734726190567017,0.8665429949760437,0.9936151504516602,-0.1349712312221527,0.9676684141159058,0.8032695651054382,0.9820689558982849,0.13566069304943085,0.9697097539901733,0.8686836957931519,1.2688623666763306,-0.09736941009759903,0.10645180940628052,0.7821923494338989,1.2821987867355347,0.21130773425102234,0.0887446254491806,0.8844053149223328,1.5176507234573364,0.10313849151134491,0.010181943885982037,0.7875334024429321,1.5355778932571411,0.3054685592651367,0.010590612888336182,0.900717556476593,1.556625485420227,0.11484857648611069,0.01981302537024021,0.7973499298095703,1.57485032081604,0.30945318937301636,0.01577654480934143,0.8390284776687622,1.572116732597351,-0.060981832444667816,0.01255880668759346,0.7642136812210083,1.5956248044967651,0.14063307642936707,0.009902624413371086
0.7442395091056824,0.5584388971328735,-0.10536225140094757,0.9998177289962769,0.7545406818389893,0.5312387347221375,-0.1208372712135315,0.9998315572738647,0.7608712315559387,0.5265264511108398,-0.12086564302444458,0.9998541474342346,0.7680431008338928,0.5218220949172974,-0.12084672600030899,0.9998835921287537,0.7425495386123657,0.5399318337440491,-0.075987309217453,0.9998099207878113,0.7400785684585571,0.5417879819869995,-0.07588164508342743,0.9997274875640869,0.7374770641326904,0.5439819097518921,-0.0759727731347084,0.9997787475585938,0.7962819337844849,0.518284797668457,-0.12903699278831482,0.9999154806137085,0.7553353905677795,0.5457233190536499,0.08868920058012009,0.9998460412025452,0.7609758973121643,0.5721548199653625,-0.10105949640274048,0.9995859265327454,0.7480840086936951,0.5818105340003967,-0.03939848020672798,0.9991489052772522,0.8500415682792664,0.6044300198554993,-0.26302093267440796,0.9994139671325684,0.7674272656440735,0.6587178111076355,0.2785646319389343,0.9976333379745483,0.7221987247467041,0.5829607248306274,-0.466067373752594,0.9964837431907654,0.692167341709137,0.6648973226547241,0.3761674463748932,0.7574983835220337,0.5499282479286194,0.5376349687576294,-0.3189771771430969,0.9559069871902466,0.5742542147636414,0.6190004944801331,0.30125218629837036,0.6382436752319336,0.5098307132720947,0.5294628143310547,-0.3663453459739685,0.8967404365539551,0.5549684762954712,0.61550372838974,0.2919543385505676,0.539238691329956,0.5205603837966919,0.5479399561882019,-0.3306867480278015,0.8967105150222778,0.549128532409668,0.6084808111190796,0.2714839577674866,0.5687719583511353,0.5284907817840576,0.5619993209838867,-0.30478134751319885,0.8903163075447083,0.5554540157318115,0.6124927997589111,0.28095996379852295,0.5871888995170593,0.8665825128555298,0.99351567029953,-0.1352839320898056,0.9698530435562134,0.8029893636703491,1.0108932256698608,0.13591712713241577,0.9716636538505554,0.867884635925293,1.2687809467315674,-0.0979589894413948,0.11309045553207397,0.7835280895233154,1.2820857763290405,0.2058103382587433,0.09275466203689575,0.8828656077384949,1.5170879364013672,0.08688725531101227,0.011059715412557125,0.7868406176567078,1.5351096391677856,0.28671613335609436,0.011650588363409042,0.8980996012687683,1.5562262535095215,0.09723390638828278,0.02101500704884529,0.7968026995658875,1.57460355758667,0.2885209918022156,0.016990812495350838,0.8381038904190063,1.570008397102356,-0.07681407034397125,0.013451755046844482,0.7612923383712769,1.5923421382904053,0.12410087883472443,0.010617492720484734
0.744247555732727,0.5585266351699829,-0.09726322442293167,0.9998242855072021,0.7545518279075623,0.5312607288360596,-0.1115853413939476,0.999836266040802,0.7608711123466492,0.526573121547699,-0.11159839481115341,0.9998586773872375,0.768036425113678,0.5218901038169861,-0.11159839481115341,0.9998865127563477,0.7425754070281982,0.5400248169898987,-0.0685972049832344,0.9998157024383545,0.7401111721992493,0.5418902039527893,-0.06850205361843109,0.9997376799583435,0.7375074028968811,0.544099748134613,-0.06857512146234512,0.9997859001159668,0.7962096929550171,0.5182793736457825,-0.12021876871585846,0.9999170303344727,0.7554222941398621,0.5457242131233215,0.09472972899675369,0.9998477697372437,0.7609770894050598,0.5722488760948181,-0.09112975001335144,0.9995976090431213,0.7481088042259216,0.581826388835907,-0.031214237213134766,0.9991722702980042,0.8500901460647583,0.6040993332862854,-0.25358688831329346,0.9994257688522339,0.7675920128822327,0.6586901545524597,0.28344202041625977,0.9976584315299988,0.7217615246772766,0.5830598473548889,-0.4486420750617981,0.9966807961463928,0.691712498664856,0.6641472578048706,0.38521111011505127,0.7707134485244751,0.5497117638587952,0.5379878282546997,-0.30627164244651794,0.9592785239219666,0.5731241106987,0.6189730763435364,0.3155182898044586,0.6549117565155029,0.5096911787986755,0.5296812057495117,-0.35256797075271606,0.9033336043357849,0.5536872148513794,0.6155665516853333,0.307211697101593,0.5539020299911499,0.5208468437194824,0.5436111688613892,-0.3167136311531067,0.9031201601028442,0.5472062826156616,0.6086822748184204,0.28628095984458923,0.5823899507522583,0.5285654067993164,0.5621153712272644,-0.29195448756217957,0.8967304825782776,0.5545845031738281,0.6121084094047546,0.29538336396217346,0.6001022458076477,0.8665983080863953,0.9933915734291077,-0.13497860729694366,0.9717844724655151,0.806178092956543,0.9934281706809998,0.13555338978767395,0.9733718037605286,0.8675410151481628,1.2672213315963745,-0.09972049295902252,0.11938384920358658,0.7836815714836121,1.2816071510314941,0.20234334468841553,0.09651421010494232,0.8802390098571777,1.515555739402771,0.07333424687385559,0.01181220356374979,0.7857982516288757,1.5338190793991089,0.2763015031814575,0.012505924329161644,0.895289421081543,1.5551581382751465,0.08350402861833572,0.02206849679350853,0.7959545254707336,1.57366144657135,0.277598112821579,0.0179380364716053,0.8363519906997681,1.5664823055267334,-0.08517647534608841,0.0141495605930686,0.7582775354385376,1.5885344743728638,0.11629246175289154,0.01115118432790041
0.7443086504936218,0.5584250092506409,-0.09295807778835297,0.9998282790184021,0.7546213865280151,0.531188428401947,-0.10934791713953018,0.9998380541801453,0.7609207034111023,0.526530385017395,-0.10938618332147598,0.9998605847358704,0.768058717250824,0.5218666791915894,-0.10937486588954926,0.9998872876167297,0.7425901889801025,0.5399134159088135,-0.0641309916973114,0.9998182058334351,0.7401151657104492,0.5417686104774475,-0.06403117626905441,0.9997432827949524,0.7375080585479736,0.5439659357070923,-0.06413722038269043,0.9997888207435608,0.7961878776550293,0.5181593298912048,-0.11984790861606598,0.9999170303344727,0.7553900480270386,0.5454826354980469,0.09680111706256866,0.9998462200164795,0.7609995007514954,0.5722358226776123,-0.09005460143089294,0.9995988607406616,0.7481115460395813,0.5817736387252808,-0.02811563014984131,0.9991675615310669,0.8499242663383484,0.6034311652183533,-0.2541152834892273,0.9994291067123413,0.7673154473304749,0.6581572890281677,0.2863420248031616,0.9976559281349182,0.7215242385864258,0.5829397439956665,-0.453296035528183,0.9967871904373169,0.6916278600692749,0.6678825616836548,0.377112478017807,0.7812878489494324,0.5497280359268188,0.5373256206512451,-0.31895023584365845,0.9621677398681641,0.5731124877929688,0.6194865703582764,0.2934902310371399,0.6677522659301758,0.5097226500511169,0.5293533205986023,-0.3663488030433655,0.9086970686912537,0.5536291003227234,0.615738034248352,0.28397616744041443,0.565247118473053,0.5213161706924438,0.5390464663505554,-0.3286346197128296,0.9083638787269592,0.5467421412467957,0.6088012456893921,0.2647709548473358,0.5934167504310608,0.5287120342254639,0.5622080564498901,-0.3042401969432831,0.9020359516143799,0.554286003112793,0.6126403212547302,0.2732613980770111,0.6110126376152039,0.8660567998886108,0.992536723613739,-0.13527867197990417,0.9724484086036682,0.8061181902885437,0.9872785210609436,0.13588351011276245,0.9739851951599121,0.8680493235588074,1.265554666519165,-0.1005561500787735,0.11346038430929184,0.7837041616439819,1.2781982421875,0.20427337288856506,0.09311521798372269,0.8820741772651672,1.5131231546401978,0.07536251842975616,0.011051789857447147,0.7891966700553894,1.5298590660095215,0.28085535764694214,0.011773631907999516,0.8982754945755005,1.5512995719909668,0.08496706932783127,0.020584046840667725,0.7994006872177124,1.5687683820724487,0.28271761536598206,0.016941716894507408,0.8395292162895203,1.5661848783493042,-0.08235596120357513,0.013213408179581165,0.7652237415313721,1.587781548500061,0.12508615851402283,0.010506927035748959
0.7444705367088318,0.5582422018051147,-0.08770395815372467,0.9998318552970886,0.7547242641448975,0.5310370922088623,-0.10460648685693741,0.9998407959938049,0.7610024809837341,0.5264167189598083,-0.10462244600057602,0.9998624920845032,0.7681280374526978,0.5217680335044861,-0.10460277646780014,0.9998887181282043,0.7426386475563049,0.5396153926849365,-0.05887972190976143,0.999821662902832,0.7401443719863892,0.5413991212844849,-0.058737318962812424,0.999748945236206,0.7375211715698242,0.5435265898704529,-0.05887727066874504,0.9997935891151428,0.7962294816970825,0.5179168581962585,-0.11886270344257355,0.999917209148407,0.7553120851516724,0.5451526045799255,0.09978576749563217,0.9998475313186646,0.7611298561096191,0.5721949338912964,-0.086823008954525,0.9996049404144287,0.7481826543807983,0.5815316438674927,-0.024533923715353012,0.9991806149482727,0.8499215841293335,0.6028984785079956,-0.2553946375846863,0.9994395971298218,0.767397403717041,0.6561399698257446,0.2880256772041321,0.9977484941482544,0.7211685180664062,0.583292543888092,-0.45248275995254517,0.996972918510437,0.6917821764945984,0.6627988815307617,0.40399298071861267,0.7937660217285156,0.5488014817237854,0.5364705324172974,-0.3091006875038147,0.9649365544319153,0.5745593309402466,0.6187211275100708,0.39199405908584595,0.6818526387214661,0.5086125731468201,0.5283710956573486,-0.35514241456985474,0.9137699604034424,0.5552388429641724,0.6148134469985962,0.39179107546806335,0.5781066417694092,0.5215620994567871,0.536358118057251,-0.31812480092048645,0.9132041931152344,0.5478319525718689,0.6082538366317749,0.37103503942489624,0.605584442615509,0.5283207893371582,0.5622767210006714,-0.2945130467414856,0.9071730375289917,0.5543242692947388,0.6116674542427063,0.37287241220474243,0.6236593127250671,0.8659666180610657,0.9928484559059143,-0.13415148854255676,0.9743719100952148,0.8072260618209839,0.9868156909942627,0.13485100865364075,0.9757945537567139,0.8700379133224487,1.2660179138183594,-0.09586240351200104,0.10848584026098251,0.783724308013916,1.2782150506973267,0.2032918483018875,0.09127470850944519,0.8820812106132507,1.5131088495254517,0.08208398520946503,0.010348604992032051,0.7901453971862793,1.5275018215179443,0.2839614748954773,0.011069013737142086,0.8983181715011597,1.5512185096740723,0.09200523048639297,0.019332703202962875,0.8000413775444031,1.5643603801727295,0.2861972451210022,0.016031278297305107,0.8412941694259644,1.5658639669418335,-0.07879481464624405,0.012357895262539387,0.7701164484024048,1.5872007608413696,0.12453348934650421,0.009846700355410576
0.7442759871482849,0.5581439733505249,-0.0864226445555687,0.9998384714126587,0.7545154094696045,0.530959963798523,-0.10403431951999664,0.999845564365387,0.7607601284980774,0.5263314247131348,-0.10405947268009186,0.9998669624328613,0.7678128480911255,0.5216683149337769,-0.1040404811501503,0.9998917579650879,0.7423931360244751,0.5395168662071228,-0.05764514207839966,0.9998279213905334,0.739888608455658,0.5412780046463013,-0.05750972032546997,0.999758780002594,0.7372447848320007,0.5433837175369263,-0.057652462273836136,0.9998008608818054,0.7960511445999146,0.5175424814224243,-0.11875474452972412,0.9999194145202637,0.7552012801170349,0.5448529124259949,0.10053899139165878,0.9998514652252197,0.7610591650009155,0.5720603466033936,-0.0865883082151413,0.9996165037155151,0.7481127977371216,0.5812405943870544,-0.023538637906312943,0.9992070198059082,0.8488757014274597,0.6028371453285217,-0.25627797842025757,0.9994429349899292,0.7674724459648132,0.6559133529663086,0.2899467945098877,0.9977845549583435,0.7186583876609802,0.5832218527793884,-0.45163360238075256,0.9970872402191162,0.6918288469314575,0.66087406873703,0.41669049859046936,0.799923837184906,0.5463210344314575,0.5365391373634338,-0.3045555353164673,0.9672538042068481,0.5740199089050293,0.6188400983810425,0.4014919400215149,0.6908969283103943,0.506179928779602,0.5284824371337891,-0.35014018416404724,0.9181504249572754,0.5544331073760986,0.6151018142700195,0.40083742141723633,0.5862570405006409,0.5210224390029907,0.5359213352203369,-0.3133277893066406,0.9174976944923401,0.5466992259025574,0.6090618371963501,0.37867575883865356,0.6134766340255737,0.5267090201377869,0.5623464584350586,-0.2900570034980774,0.9114164113998413,0.5538026094436646,0.6134832501411438,0.38182950019836426,0.6309720873832703,0.8654121160507202,0.9924343824386597,-0.1343582272529602,0.9755229353904724,0.8066584467887878,0.9827849864959717,0.1350695788860321,0.9768511652946472,0.8673375844955444,1.2598909139633179,-0.0964357778429985,0.11110928654670715,0.7837299108505249,1.274538278579712,0.20387251675128937,0.09458994120359421,0.8802579045295715,1.5078094005584717,0.08055360615253448,0.010676050558686256,0.7895522117614746,1.5251845121383667,0.28628548979759216,0.011629028245806694,0.8971829414367676,1.547468900680542,0.09106980264186859,0.019781723618507385,0.7997606992721558,1.5636801719665527,0.28870272636413574,0.016580209136009216,0.8368738293647766,1.558896780014038,-0.07863033562898636,0.012773064896464348,0.7653201222419739,1.5823173522949219,0.12548260390758514,0.010250379331409931
0.7444040179252625,0.5577528476715088,-0.08977613598108292,0.999840497970581,0.7546650171279907,0.5306878089904785,-0.10881058126688004,0.9998468160629272,0.7608974575996399,0.5260578393936157,-0.10885914415121078,0.9998679161071777,0.7679481506347656,0.5213664770126343,-0.10883688926696777,0.9998922348022461,0.7425079941749573,0.5392278432846069,-0.06062754988670349,0.999828577041626,0.7399896383285522,0.5409741997718811,-0.060484133660793304,0.999761164188385,0.7373278141021729,0.5430666208267212,-0.06064463406801224,0.9998020529747009,0.7960677146911621,0.5171675086021423,-0.12636986374855042,0.999919593334198,0.7552138566970825,0.5445008873939514,0.10037070512771606,0.9998491406440735,0.761178731918335,0.57163405418396,-0.09130723774433136,0.9996206760406494,0.748146116733551,0.5808389186859131,-0.026006296277046204,0.9992052316665649,0.8493025898933411,0.6023063063621521,-0.26846879720687866,0.9994534254074097,0.7672798037528992,0.6553358435630798,0.2873714864253998,0.9978347420692444,0.7200378179550171,0.583191990852356,-0.46011242270469666,0.9972065687179565,0.6916936039924622,0.6619753241539001,0.38382962346076965,0.808247983455658,0.5471497774124146,0.5364078283309937,-0.30905038118362427,0.9692410826683044,0.5740696787834167,0.6196147799491882,0.30379003286361694,0.699823260307312,0.506624698638916,0.5285667777061462,-0.3555179834365845,0.9214465618133545,0.5545576810836792,0.6157190799713135,0.2920064628124237,0.5943841338157654,0.5220867991447449,0.5360637307167053,-0.3192365765571594,0.9206667542457581,0.5478326082229614,0.6093374490737915,0.2727366089820862,0.6215300559997559,0.5273030996322632,0.5623795390129089,-0.29475271701812744,0.9147526025772095,0.5538308024406433,0.6149906516075134,0.28309670090675354,0.63937908411026,0.864881694316864,0.991592526435852,-0.1351153552532196,0.9763988852500916,0.8046008944511414,0.9805914759635925,0.13594797253608704,0.9776963591575623,0.8686738014221191,1.2627370357513428,-0.09596026688814163,0.104824498295784,0.7828122973442078,1.2749214172363281,0.21039314568042755,0.09057524800300598,0.8814030885696411,1.5101866722106934,0.09546710550785065,0.009906218387186527,0.7896380424499512,1.5253111124038696,0.3081372380256653,0.010839564725756645,0.8983893394470215,1.5484273433685303,0.10665075480937958,0.018279101699590683,0.7997673749923706,1.5636379718780518,0.31220370531082153,0.015545445494353771,0.8397294282913208,1.564262866973877,-0.07160786539316177,0.011801764369010925,0.7675010561943054,1.5843912363052368,0.13969402015209198,0.009552118368446827
0.7444566488265991,0.5575039386749268,-0.09014108031988144,0.9998406171798706,0.754682183265686,0.5304797291755676,-0.10913102328777313,0.9998446702957153,0.7609078884124756,0.5257986783981323,-0.10918644815683365,0.9998666644096375,0.7679504156112671,0.5210618376731873,-0.1091676577925682,0.9998898506164551,0.7425128221511841,0.5391272902488708,-0.06202416867017746,0.9998278617858887,0.7399923801422119,0.5408939123153687,-0.06190776824951172,0.9997623562812805,0.7373247146606445,0.5430020689964294,-0.06203962117433548,0.9998006820678711,0.7959582805633545,0.5166860818862915,-0.12551270425319672,0.9999178051948547,0.755211591720581,0.5443047285079956,0.0981789380311966,0.9998456835746765,0.7614922523498535,0.5710817575454712,-0.09046382457017899,0.999616801738739,0.7482661008834839,0.5804964900016785,-0.025769218802452087,0.9991956949234009,0.8487455248832703,0.6019287109375,-0.2596704363822937,0.9994385838508606,0.7673243284225464,0.6541611552238464,0.28378522396087646,0.9977954030036926,0.7199975252151489,0.5831907391548157,-0.452605664730072,0.9972540736198425,0.6923980116844177,0.660552978515625,0.3465142846107483,0.8134198188781738,0.5483777523040771,0.5364392399787903,-0.3255813717842102,0.9713195562362671,0.5740938186645508,0.6197091937065125,0.22074158489704132,0.7139694094657898,0.5077906250953674,0.5287325382232666,-0.3755149245262146,0.9260166883468628,0.5543862581253052,0.6157512068748474,0.20492038130760193,0.6098811626434326,0.5220035314559937,0.5498799681663513,-0.339432030916214,0.9252186417579651,0.5472832918167114,0.6094486117362976,0.1825929880142212,0.6358431577682495,0.5274297595024109,0.5626380443572998,-0.31137558817863464,0.9192711114883423,0.5537985563278198,0.614772379398346,0.19924838840961456,0.6523469686508179,0.8645496368408203,0.990378737449646,-0.13478702306747437,0.9770551323890686,0.8049564361572266,0.9775331020355225,0.13549283146858215,0.9782554507255554,0.8604660034179688,1.248006820678711,-0.10038987547159195,0.1072930246591568,0.7809866666793823,1.2630832195281982,0.21047425270080566,0.0921182632446289,0.8683662414550781,1.4935342073440552,0.08928471803665161,0.010299098677933216,0.780639111995697,1.5159257650375366,0.3050366938114166,0.011465447023510933,0.8849436640739441,1.5325615406036377,0.10123240947723389,0.018895070999860764,0.7917779088020325,1.556668758392334,0.30825233459472656,0.01601370796561241,0.8234796524047852,1.5443503856658936,-0.07141189277172089,0.01229070033878088,0.747718334197998,1.5696324110031128,0.1399184763431549,0.009991156868636608
0.7448740005493164,0.5571364760398865,-0.08765827864408493,0.9998418092727661,0.755027174949646,0.5301854610443115,-0.10555790364742279,0.9998458027839661,0.7612005472183228,0.5255000591278076,-0.1056084856390953,0.999867856502533,0.7682120203971863,0.5207396745681763,-0.10561303049325943,0.9998906850814819,0.74290531873703,0.5388336777687073,-0.06021258980035782,0.9998291730880737,0.7403804063796997,0.5405987501144409,-0.0601021833717823,0.9997655749320984,0.737715482711792,0.5426925420761108,-0.060247886925935745,0.9998031854629517,0.7959626913070679,0.5164328217506409,-0.11875957250595093,0.9999179244041443,0.7552996873855591,0.5441644787788391,0.09858383238315582,0.999845564365387,0.7619024515151978,0.5706255435943604,-0.08708997070789337,0.9996216893196106,0.7486446499824524,0.5800226330757141,-0.024676239117980003,0.99920254945755,0.848751425743103,0.6009502410888672,-0.2484419345855713,0.9994507431983948,0.7673450112342834,0.6540067195892334,0.28213411569595337,0.9978407621383667,0.7200258374214172,0.582728922367096,-0.43541717529296875,0.9973734021186829,0.6923187375068665,0.6605435609817505,0.3558880388736725,0.8219950199127197,0.5483896136283875,0.5358328223228455,-0.3080052137374878,0.9730136394500732,0.5738718509674072,0.6197187304496765,0.30686599016189575,0.7218199968338013,0.5078522562980652,0.5284162163734436,-0.3528139889240265,0.9288393259048462,0.5542641878128052,0.6157869100570679,0.3039935231208801,0.6157324910163879,0.5224578976631165,0.5428667664527893,-0.31595224142074585,0.9278469085693359,0.5469087362289429,0.6095240116119385,0.28192946314811707,0.6409430503845215,0.5275229215621948,0.5625158548355103,-0.29365822672843933,0.9220129251480103,0.5537599921226501,0.6140785217285156,0.2887565791606903,0.6577438712120056,0.8644986152648926,0.9894134998321533,-0.128738135099411,0.9786151647567749,0.8049677610397339,0.9769608378410339,0.1294059008359909,0.9796316027641296,0.8655074238777161,1.2484546899795532,-0.1007511168718338,0.10568168759346008,0.7814510464668274,1.2632728815078735,0.19402192533016205,0.09174548089504242,0.8742923736572266,1.4943119287490845,0.07241103053092957,0.009963976219296455,0.7842651605606079,1.516715407371521,0.2630823850631714,0.011111648753285408,0.8899722099304199,1.5345375537872314,0.08236204832792282,0.01832873374223709,0.7946906089782715,1.55738365650177,0.2635776698589325,0.015494287014007568,0.835576057434082,1.5461431741714478,-0.08941014111042023,0.011807269416749477,0.7616744637489319,1.5707193613052368,0.09395237267017365,0.009590418078005314
0.7453879117965698,0.5569185614585876,-0.11033201217651367,0.9998427033424377,0.7554804086685181,0.5299603939056396,-0.1256004273891449,0.9998458027839661,0.761589765548706,0.5252591967582703,-0.12565651535987854,0.9998677968978882,0.7685754299163818,0.520458459854126,-0.12564224004745483,0.9998902678489685,0.7433778047561646,0.5385793447494507,-0.08069551736116409,0.9998291730880737,0.7407971620559692,0.5403367877006531,-0.08058255165815353,0.9997662305831909,0.7380717992782593,0.5424168705940247,-0.0807468369603157,0.9998029470443726,0.7960308790206909,0.516143262386322,-0.12515178322792053,0.9999180436134338,0.7553201913833618,0.5439526438713074,0.08813260495662689,0.9998444318771362,0.7623972296714783,0.5705069303512573,-0.1052141934633255,0.9996227622032166,0.7490344643592834,0.5797594785690308,-0.04407564923167229,0.9992038011550903,0.8492006063461304,0.6005038022994995,-0.24911466240882874,0.9994397759437561,0.7673636674880981,0.6539408564567566,0.26782894134521484,0.9978704452514648,0.7202438712120056,0.582560122013092,-0.43641501665115356,0.9974135756492615,0.6924381852149963,0.6615442633628845,0.3287692666053772,0.828359842300415,0.5503114461898804,0.5342881083488464,-0.295784056186676,0.9739994406700134,0.577218770980835,0.6191741228103638,0.24153712391853333,0.7271873354911804,0.5098880529403687,0.5272905230522156,-0.33969762921333313,0.9298235177993774,0.5583332180976868,0.6152800917625427,0.22557464241981506,0.61978679895401,0.5265812873840332,0.5386191606521606,-0.3057890236377716,0.9287447929382324,0.5510395169258118,0.6088643670082092,0.21344240009784698,0.6448060870170593,0.5299046635627747,0.5622217655181885,-0.28312787413597107,0.9230774641036987,0.5586322546005249,0.6132115125656128,0.22340628504753113,0.6617241501808167,0.8649762868881226,0.9890676736831665,-0.12685568630695343,0.9785631895065308,0.80506831407547,0.9767249226570129,0.12756580114364624,0.9795843958854675,0.8701009750366211,1.2490798234939575,-0.10208207368850708,0.09999510645866394,0.7834026217460632,1.2643001079559326,0.18888381123542786,0.08867675811052322,0.8815992474555969,1.4960485696792603,0.06755070388317108,0.009286721237003803,0.7897778749465942,1.5157997608184814,0.25723427534103394,0.01044165063649416,0.8973641395568848,1.5362327098846436,0.07688788324594498,0.0170577559620142,0.7993120551109314,1.5552629232406616,0.2584041655063629,0.014636102132499218,0.8441085815429688,1.5468477010726929,-0.0985795184969902,0.010989271104335785,0.7701359987258911,1.571148157119751,0.0898473784327507,0.009017611853778362
0.7458513975143433,0.5566547513008118,-0.10487008094787598,0.999849259853363,0.7562555074691772,0.52971351146698,-0.12145207077264786,0.9998522996902466,0.762563943862915,0.5249810814857483,-0.12151150405406952,0.9998734593391418,0.7697144746780396,0.5201597213745117,-0.12150031328201294,0.999894917011261,0.7437114715576172,0.5384219288825989,-0.0756378248333931,0.9998359680175781,0.7409965395927429,0.5402206182479858,-0.07552197575569153,0.9997753500938416,0.7381700277328491,0.5423323512077332,-0.07568530738353729,0.9998100996017456,0.796276330947876,0.5160057544708252,-0.1245785802602768,0.9999220371246338,0.7552684545516968,0.5439437627792358,0.09007199108600616,0.9998504519462585,0.763168215751648,0.5702683925628662,-0.10169865190982819,0.9996384382247925,0.7492271661758423,0.5794903039932251,-0.03953797370195389,0.9992350935935974,0.8502579927444458,0.6005035638809204,-0.25052690505981445,0.9994557499885559,0.7673354744911194,0.6536803841590881,0.27170392870903015,0.9979636669158936,0.7202867269515991,0.582538902759552,-0.4259921908378601,0.9975149631500244,0.6924394965171814,0.6586019396781921,0.3528560996055603,0.8357971906661987,0.551607072353363,0.534232497215271,-0.24973201751708984,0.9749653935432434,0.5801194906234741,0.6178235411643982,0.2761821448802948,0.7290740013122559,0.5118398070335388,0.5273207426071167,-0.29204171895980835,0.9304467439651489,0.580617368221283,0.6153056025505066,0.2709274888038635,0.6198895573616028,0.5268007516860962,0.5477361083030701,-0.2628836929798126,0.9292777180671692,0.5614879727363586,0.6060289144515991,0.24689388275146484,0.6448140740394592,0.5325213074684143,0.5621474981307983,-0.23855802416801453,0.9242242574691772,0.5634523034095764,0.6101948022842407,0.2548718750476837,0.663181483745575,0.8649681806564331,0.9891722202301025,-0.12732066214084625,0.9795734286308289,0.8046785593032837,0.9772274494171143,0.12807196378707886,0.9805524945259094,0.8713499903678894,1.2538570165634155,-0.1057208776473999,0.09403424710035324,0.7831918597221375,1.2669628858566284,0.2012031376361847,0.08483736217021942,0.8834753036499023,1.5012290477752686,0.05340777710080147,0.008545194752514362,0.7913788557052612,1.5160496234893799,0.27496615052223206,0.009632821194827557,0.8999699354171753,1.5405046939849854,0.06203136593103409,0.015784667804837227,0.8006656765937805,1.555687427520752,0.2772828936576843,0.01358900498598814,0.8440483212471008,1.5545978546142578,-0.11215926706790924,0.01009430456906557,0.7720973491668701,1.5739789009094238,0.10974234342575073,0.008303770795464516
0.746179461479187,0.5564215779304504,-0.11711710691452026,0.9998521208763123,0.7567001581192017,0.5293867588043213,-0.13276401162147522,0.9998545050621033,0.763102114200592,0.5246461629867554,-0.1328386813402176,0.9998751878738403,0.7703760266304016,0.5198066234588623,-0.13282623887062073,0.9998963475227356,0.7439731955528259,0.5380699038505554,-0.08622139692306519,0.9998381733894348,0.7412048578262329,0.5398533940315247,-0.0861043632030487,0.9997777938842773,0.7383283972740173,0.5419414043426514,-0.0862821415066719,0.9998112916946411,0.7967067956924438,0.5158488154411316,-0.13135580718517303,0.9999238848686218,0.7552687525749207,0.5438557863235474,0.08718357980251312,0.9998512864112854,0.7639119029045105,0.5702213048934937,-0.11245701462030411,0.9996465444564819,0.7495774030685425,0.5794331431388855,-0.04946564882993698,0.9992470741271973,0.8509328961372375,0.6005765199661255,-0.2613242268562317,0.9994543194770813,0.7673494815826416,0.6536791324615479,0.2733744978904724,0.998013436794281,0.7203242778778076,0.5825416445732117,-0.43335944414138794,0.997560441493988,0.6924535036087036,0.6579853892326355,0.35039955377578735,0.840289294719696,0.5536791682243347,0.534256100654602,-0.2553640604019165,0.9756525158882141,0.5819000005722046,0.617653489112854,0.26342150568962097,0.7284708619117737,0.5138529539108276,0.5277026295661926,-0.2985835671424866,0.9304398894309998,0.5772764682769775,0.6144473552703857,0.24726860225200653,0.6174416542053223,0.5271684527397156,0.5554504990577698,-0.26746779680252075,0.9292764067649841,0.5638655424118042,0.6054943799972534,0.23521140217781067,0.642697274684906,0.5345029234886169,0.5627526044845581,-0.24337372183799744,0.9244862794876099,0.564883828163147,0.6101802587509155,0.24440217018127441,0.6619428992271423,0.8650044202804565,0.990337610244751,-0.12896354496479034,0.9790154099464417,0.8046258687973022,0.9773026704788208,0.12976187467575073,0.9802455306053162,0.8718773126602173,1.2556113004684448,-0.10873053222894669,0.08842474222183228,0.7832087278366089,1.2671091556549072,0.2117476463317871,0.08211639523506165,0.885826587677002,1.501312255859375,0.057628970593214035,0.007913714274764061,0.7940887212753296,1.5165060758590698,0.29861217737197876,0.008987272158265114,0.9027689695358276,1.5410006046295166,0.06707823276519775,0.014573193155229092,0.8034826517105103,1.5556765794754028,0.30272677540779114,0.012791837565600872,0.8458863496780396,1.556554913520813,-0.1049676313996315,0.009317618794739246,0.7750921249389648,1.5740382671356201,0.13744476437568665,0.007756850216537714
0.7461987733840942,0.5568121075630188,-0.11563178151845932,0.9998570680618286,0.7567690014839172,0.5296614766120911,-0.12932945787906647,0.9998594522476196,0.7631800174713135,0.5248615145683289,-0.12940077483654022,0.9998793601989746,0.7704616785049438,0.5199517011642456,-0.12941618263721466,0.9998999238014221,0.7440133690834045,0.5383751392364502,-0.08314728736877441,0.999843418598175,0.741237461566925,0.5401512980461121,-0.08302417397499084,0.9997847080230713,0.7383537888526917,0.5422160029411316,-0.08325793594121933,0.9998171925544739,0.7967134714126587,0.515885055065155,-0.1270560622215271,0.9999266266822815,0.7552599906921387,0.5439736247062683,0.09203897416591644,0.9998559951782227,0.7639999985694885,0.5703277587890625,-0.11100319772958755,0.9996585249900818,0.7496369481086731,0.5794826149940491,-0.04855077713727951,0.999271810054779,0.8516462445259094,0.6005962491035461,-0.25927650928497314,0.9994693994522095,0.7672771215438843,0.6535609364509583,0.2738892138004303,0.9981107711791992,0.72036212682724,0.5824888348579407,-0.4261868894100189,0.997667670249939,0.6907053589820862,0.6563714146614075,0.35707563161849976,0.8491628766059875,0.5556259751319885,0.5336875319480896,-0.24256984889507294,0.9763981103897095,0.5817584991455078,0.6171410083770752,0.273245632648468,0.7328250408172607,0.5164774656295776,0.5273131132125854,-0.2837681174278259,0.9304169416427612,0.5756703615188599,0.6127685308456421,0.26641565561294556,0.6186886429786682,0.5338978171348572,0.5461260080337524,-0.25509482622146606,0.9289856553077698,0.562905490398407,0.6050216555595398,0.24336624145507812,0.6435607075691223,0.5363467335700989,0.5628408193588257,-0.23136219382286072,0.9248931407928467,0.564812421798706,0.6096984148025513,0.2514394521713257,0.6644976139068604,0.8651917576789856,0.9913716912269592,-0.12880729138851166,0.9803043603897095,0.8046380281448364,0.9775565266609192,0.12960754334926605,0.9815555810928345,0.8771462440490723,1.2576825618743896,-0.10346217453479767,0.08358870446681976,0.786212682723999,1.2685927152633667,0.21072480082511902,0.08007137477397919,0.8924533128738403,1.503170371055603,0.05881137400865555,0.007319597527384758,0.8000754117965698,1.5167146921157837,0.2956710755825043,0.008389623835682869,0.9100006818771362,1.5420740842819214,0.06767541915178299,0.013538235798478127,0.8091500997543335,1.5559992790222168,0.2994349002838135,0.012044033966958523,0.8524483442306519,1.5589635372161865,-0.10146764665842056,0.008582121692597866,0.7819713354110718,1.5756855010986328,0.13308896124362946,0.007202134467661381
0.745822012424469,0.5574589967727661,-0.10366296768188477,0.9998558759689331,0.7563971281051636,0.530336856842041,-0.12190687656402588,0.999858558177948,0.7626786231994629,0.5256138443946838,-0.1220000833272934,0.9998785257339478,0.7698019742965698,0.5207456350326538,-0.12199721485376358,0.99989914894104,0.7438989877700806,0.5388058423995972,-0.0724257081747055,0.9998416304588318,0.7411896586418152,0.5404895544052124,-0.07230972498655319,0.9997828006744385,0.7383420467376709,0.5424632430076599,-0.07254434376955032,0.9998157620429993,0.7963469624519348,0.516339898109436,-0.128668874502182,0.9999257922172546,0.7552967667579651,0.5439900755882263,0.09544732421636581,0.9998544454574585,0.7634167671203613,0.5709469318389893,-0.1068037897348404,0.9996548891067505,0.7494829893112183,0.5798627138137817,-0.039777472615242004,0.9992640614509583,0.8518648147583008,0.600540280342102,-0.2660064995288849,0.9994719624519348,0.7671438455581665,0.6535616517066956,0.27695804834365845,0.9981539249420166,0.720352828502655,0.582482635974884,-0.43013516068458557,0.9977114200592041,0.687923014163971,0.6567609906196594,0.39397600293159485,0.854259192943573,0.5547827482223511,0.5345498919487,-0.2526922821998596,0.9767899513244629,0.5816513299942017,0.6173384785652161,0.36467593908309937,0.7333741188049316,0.5156501531600952,0.5277381539344788,-0.29519373178482056,0.9299944043159485,0.5775533318519592,0.615257203578949,0.36103373765945435,0.6165124177932739,0.5333929061889648,0.5443431735038757,-0.2640211284160614,0.9283539652824402,0.5621539354324341,0.6051053404808044,0.34249642491340637,0.6416109800338745,0.5370035171508789,0.5628538727760315,-0.24054422974586487,0.9244973659515381,0.5633542537689209,0.6101055145263672,0.3454746603965759,0.6635081171989441,0.8652969598770142,0.9918110966682434,-0.13217899203300476,0.9810330867767334,0.8007532358169556,1.004576325416565,0.13301174342632294,0.98231440782547,0.8795056343078613,1.2588865756988525,-0.10642465204000473,0.0791333019733429,0.7897258996963501,1.2704803943634033,0.2124265730381012,0.07713241130113602,0.8957765698432922,1.5041190385818481,0.06166839599609375,0.006818032823503017,0.8031123280525208,1.5170413255691528,0.30171066522598267,0.007883249782025814,0.9136290550231934,1.5427155494689941,0.07150454074144363,0.012620930559933186,0.8120924830436707,1.5562227964401245,0.3059871792793274,0.011463440023362637,0.8554444313049316,1.5592862367630005,-0.09847407788038254,0.007967297919094563,0.7835673093795776,1.5759567022323608,0.14199501276016235,0.0067725894041359425
0.7454785108566284,0.5576239824295044,-0.09573142230510712,0.9998598098754883,0.7561968564987183,0.5304864645004272,-0.11487481743097305,0.9998621940612793,0.7624639868736267,0.5257899761199951,-0.11494293063879013,0.9998817443847656,0.7695630788803101,0.5209424495697021,-0.11494539678096771,0.9999018311500549,0.7436214685440063,0.5389807224273682,-0.06586732715368271,0.9998451471328735,0.7408998608589172,0.5407025218009949,-0.06574024260044098,0.9997876882553101,0.7380232810974121,0.5427206158638,-0.06596823036670685,0.9998199343681335,0.7961458563804626,0.5165243744850159,-0.12809915840625763,0.9999277591705322,0.7550925016403198,0.5441907048225403,0.09705080091953278,0.9998581409454346,0.7629699110984802,0.5711710453033447,-0.10037962347269058,0.9996620416641235,0.7491108775138855,0.5800157785415649,-0.033845819532871246,0.999279260635376,0.8518508076667786,0.600701630115509,-0.26429858803749084,0.9994810819625854,0.7671471238136292,0.6538400650024414,0.27752259373664856,0.9982035160064697,0.7201062440872192,0.5824686288833618,-0.42705947160720825,0.9977615475654602,0.6882672309875488,0.6588127613067627,0.4174805283546448,0.8571118712425232,0.5547435879707336,0.534823477268219,-0.24404850602149963,0.9771906733512878,0.5817128419876099,0.6171404123306274,0.4282403588294983,0.7293060421943665,0.515541136264801,0.5279585719108582,-0.2851638197898865,0.9297605752944946,0.5857718586921692,0.6169425845146179,0.42475590109825134,0.6110684275627136,0.5333976745605469,0.5432353615760803,-0.2550526559352875,0.9279981255531311,0.5662464499473572,0.6044959425926208,0.4107734262943268,0.6365222334861755,0.5369046926498413,0.5629097819328308,-0.23252084851264954,0.9244892597198486,0.565082311630249,0.6100971698760986,0.41092604398727417,0.6595736742019653,0.8652024269104004,0.9928461909294128,-0.13212966918945312,0.9816734790802002,0.7977322936058044,1.0126954317092896,0.1329757273197174,0.9829126596450806,0.8790189623832703,1.2613292932510376,-0.10578951984643936,0.07498961687088013,0.7900992035865784,1.2740321159362793,0.20668871700763702,0.07405027747154236,0.8953277468681335,1.5075165033340454,0.06272747367620468,0.0063339839689433575,0.8039234280586243,1.519214391708374,0.282511442899704,0.007360524497926235,0.9134670495986938,1.5467382669448853,0.07270563393831253,0.011792127043008804,0.8131331205368042,1.5579546689987183,0.2850094139575958,0.010781113058328629,0.8541933298110962,1.5611211061477661,-0.09798789024353027,0.0074051241390407085,0.7837246656417847,1.5779078006744385,0.12211259454488754,0.006332197692245245
0.7450976967811584,0.5576175451278687,-0.09553809463977814,0.9998658895492554,0.7558270692825317,0.5303547978401184,-0.11480007320642471,0.9998679757118225,0.7621363401412964,0.5255969762802124,-0.11486546695232391,0.9998865723609924,0.769280731678009,0.5206931233406067,-0.11486659944057465,0.999906063079834,0.7429566979408264,0.5389788746833801,-0.06577786803245544,0.999850869178772,0.7400610446929932,0.5407244563102722,-0.06565669178962708,0.9997947216033936,0.7369648218154907,0.5428208708763123,-0.06588228046894073,0.9998260140419006,0.7960830926895142,0.5164201259613037,-0.13363830745220184,0.9999308586120605,0.7538195848464966,0.5444976091384888,0.09769527614116669,0.9998632669448853,0.7627599239349365,0.571160614490509,-0.099970743060112,0.9996774196624756,0.748717725276947,0.5800687074661255,-0.03337354212999344,0.9993053078651428,0.8522472381591797,0.6007059216499329,-0.2763191759586334,0.9995032548904419,0.7671389579772949,0.6543726325035095,0.28403472900390625,0.998284101486206,0.7201147079467773,0.5824557542800903,-0.4293440878391266,0.9978393316268921,0.6880066394805908,0.6598448157310486,0.45129308104515076,0.8625273704528809,0.5548874139785767,0.5352155566215515,-0.22202202677726746,0.9772675037384033,0.5816084146499634,0.6176041960716248,0.4767003655433655,0.7252113819122314,0.5156761407852173,0.5295402407646179,-0.2617393136024475,0.9278189539909363,0.5790070295333862,0.6173906326293945,0.473989337682724,0.6042664647102356,0.5324366092681885,0.5543639063835144,-0.23169474303722382,0.9258604645729065,0.5657506585121155,0.6076677441596985,0.46048736572265625,0.6304341554641724,0.53692227602005,0.5644473433494568,-0.21010372042655945,0.9228922128677368,0.5651673674583435,0.6108864545822144,0.4591665267944336,0.6552601456642151,0.8651728630065918,0.9945505261421204,-0.14086240530014038,0.9815254807472229,0.7986479997634888,1.008239984512329,0.14192967116832733,0.982906699180603,0.8785057067871094,1.2702727317810059,-0.10612247884273529,0.06971663981676102,0.7889962792396545,1.2807425260543823,0.23096206784248352,0.07003862410783768,0.8944867849349976,1.5186047554016113,0.08017969131469727,0.005794884636998177,0.8036736249923706,1.5274856090545654,0.33804866671562195,0.006755170412361622,0.9127283096313477,1.5583534240722656,0.09150229394435883,0.010778849013149738,0.8123986124992371,1.5659959316253662,0.34407907724380493,0.009983525611460209,0.8534690141677856,1.5726958513259888,-0.08624375611543655,0.006759616080671549,0.7831119894981384,1.5898797512054443,0.17370939254760742,0.005825445521622896
0.7450960874557495,0.557458758354187,-0.09602893143892288,0.9998682737350464,0.7558204531669617,0.5302649736404419,-0.11502764374017715,0.9998704195022583,0.7621263265609741,0.5255478024482727,-0.11510132253170013,0.9998881816864014,0.7692767381668091,0.520671546459198,-0.1151110902428627,0.9999079704284668,0.7429597973823547,0.538802444934845,-0.06600616872310638,0.9998533129692078,0.7400660514831543,0.540556013584137,-0.06588450819253922,0.9997967481613159,0.7369722127914429,0.5426539182662964,-0.06610789895057678,0.9998283982276917,0.7960840463638306,0.5164315104484558,-0.13294538855552673,0.9999319911003113,0.7538079023361206,0.5444673895835876,0.09827761352062225,0.9998654723167419,0.7627538442611694,0.5711033940315247,-0.09963563084602356,0.9996861815452576,0.7487097382545471,0.5799373984336853,-0.03318320959806442,0.9993210434913635,0.8524028658866882,0.600783109664917,-0.27438151836395264,0.9995128512382507,0.767035186290741,0.6544656157493591,0.28838974237442017,0.9983495473861694,0.7215108871459961,0.5822247266769409,-0.428294837474823,0.9978958368301392,0.6880496740341187,0.6598514318466187,0.45915383100509644,0.8683496117591858,0.5580345392227173,0.5352248549461365,-0.2083810567855835,0.9772500991821289,0.5814968347549438,0.6176713705062866,0.49001941084861755,0.7239364981651306,0.5186946988105774,0.530046820640564,-0.2465859353542328,0.9256360530853271,0.588217556476593,0.6204298734664917,0.48840436339378357,0.599109947681427,0.5322484970092773,0.5580629706382751,-0.21744799613952637,0.9234538078308105,0.5659724473953247,0.6080375909805298,0.4763089120388031,0.6252941489219666,0.536921501159668,0.564950168132782,-0.1966398060321808,0.9208935499191284,0.565182089805603,0.6112380623817444,0.47353482246398926,0.6513161063194275,0.8651796579360962,0.9956142902374268,-0.1416851133108139,0.9818385243415833,0.7954561710357666,1.0124506950378418,0.14265857636928558,0.9833270311355591,0.8789250254631042,1.2703537940979004,-0.11040143668651581,0.06635763496160507,0.7889672517776489,1.281195044517517,0.23387309908866882,0.06937640905380249,0.8954482078552246,1.5182106494903564,0.07025495916604996,0.0054173595272004604,0.803794264793396,1.5276514291763306,0.33793964982032776,0.006403591018170118,0.9134228825569153,1.5577385425567627,0.08051955699920654,0.010045895352959633,0.812583327293396,1.565911889076233,0.3436731696128845,0.009598000906407833,0.8552114367485046,1.5730152130126953,-0.09812407195568085,0.006283363327383995,0.7836419343948364,1.5903669595718384,0.17693598568439484,0.005519588477909565
0.7450106143951416,0.5574019551277161,-0.0871308296918869,0.9998652935028076,0.7557145357131958,0.5302045941352844,-0.10833375155925751,0.9998681545257568,0.7619999647140503,0.5254985094070435,-0.10842108726501465,0.9998867511749268,0.7691470980644226,0.5206382274627686,-0.10846897214651108,0.9999067783355713,0.7429004907608032,0.5387859344482422,-0.05945219844579697,0.9998499751091003,0.7400141954421997,0.5405558943748474,-0.05933302640914917,0.9997926354408264,0.7369216084480286,0.5426708459854126,-0.05954607576131821,0.9998248815536499,0.7960466146469116,0.5165026187896729,-0.13252055644989014,0.9999310374259949,0.7537422776222229,0.5446996688842773,0.09834109991788864,0.9998649954795837,0.7626944184303284,0.5710473656654358,-0.09295625984668732,0.9996824860572815,0.7486735582351685,0.5799391269683838,-0.02682894468307495,0.9993104338645935,0.8524149656295776,0.6007750034332275,-0.2737387716770172,0.9995180368423462,0.767037570476532,0.6546458005905151,0.28835198283195496,0.9983664751052856,0.7210734486579895,0.5821715593338013,-0.4274733066558838,0.9979540705680847,0.6885577440261841,0.6585235595703125,0.45588570833206177,0.8719736337661743,0.5544574856758118,0.5360167622566223,-0.22189569473266602,0.9778317213058472,0.5806210041046143,0.6176271438598633,0.49057918787002563,0.726664125919342,0.5145102739334106,0.5309244990348816,-0.26151567697525024,0.9263231754302979,0.5868934392929077,0.620322048664093,0.49130886793136597,0.6001893877983093,0.5295897722244263,0.5600017309188843,-0.23096397519111633,0.9239585399627686,0.5630772709846497,0.6079935431480408,0.476620614528656,0.6259568929672241,0.5337191224098206,0.565471887588501,-0.20952638983726501,0.9216883182525635,0.5650731921195984,0.6112579703330994,0.47397318482398987,0.6528825759887695,0.866010308265686,0.9958144426345825,-0.14056940376758575,0.9830154180526733,0.7955771684646606,1.0178849697113037,0.14146851003170013,0.9843946695327759,0.8790958523750305,1.2702337503433228,-0.08485578000545502,0.0638628751039505,0.788925051689148,1.281821608543396,0.23644104599952698,0.06777000427246094,0.8968762159347534,1.5178779363632202,0.11304231733083725,0.005072556436061859,0.805761456489563,1.5279858112335205,0.35249239206314087,0.006057162303477526,0.9156368374824524,1.557275414466858,0.1263965219259262,0.009479518048465252,0.8158200979232788,1.5658849477767944,0.35954710841178894,0.009121254086494446,0.8550468683242798,1.5724570751190186,-0.03680277243256569,0.005851420108228922,0.7853671908378601,1.5906617641448975,0.2013414204120636,0.005182129330933094
0.7444530725479126,0.5573998093605042,-0.08171044290065765,0.9998622536659241,0.7554091215133667,0.5302099585533142,-0.10391362011432648,0.9998659491539001,0.7617315649986267,0.5255051255226135,-0.10398292541503906,0.999884843826294,0.7689105868339539,0.5206508040428162,-0.10404805839061737,0.9999057650566101,0.74257493019104,0.5388007760047913,-0.05392090231180191,0.9998472929000854,0.739686131477356,0.5405882000923157,-0.053762324154376984,0.9997881054878235,0.7365832328796387,0.5427265763282776,-0.05395643040537834,0.9998219609260559,0.7959936857223511,0.5165532827377319,-0.13244466483592987,0.9999293088912964,0.7536333799362183,0.5447403192520142,0.1032799482345581,0.9998623728752136,0.7621440887451172,0.571031391620636,-0.0884786993265152,0.9996786117553711,0.7481467723846436,0.5799151062965393,-0.020758304744958878,0.9992976188659668,0.8522852659225464,0.6007745862007141,-0.27264678478240967,0.9995304942131042,0.7667490243911743,0.6546831727027893,0.2934292256832123,0.9984191060066223,0.720826268196106,0.5818297863006592,-0.4280492663383484,0.9980403184890747,0.689046323299408,0.6616636514663696,0.4754808843135834,0.8771867752075195,0.5543327927589417,0.5362440347671509,-0.22361385822296143,0.9782961010932922,0.5805882215499878,0.6199535131454468,0.5165785551071167,0.728767991065979,0.5143798589706421,0.531356155872345,-0.2611141800880432,0.9262520670890808,0.5903387069702148,0.6252877116203308,0.5189913511276245,0.6001538634300232,0.5284465551376343,0.560336709022522,-0.23092970252037048,0.9235978126525879,0.564818263053894,0.608403205871582,0.5072633028030396,0.6253787875175476,0.5337315797805786,0.5656034350395203,-0.21090933680534363,0.9216393232345581,0.565224289894104,0.6117003560066223,0.5014521479606628,0.6531140208244324,0.8643187284469604,0.9964488744735718,-0.1399967223405838,0.9840276837348938,0.795669436454773,1.0103875398635864,0.1409374475479126,0.9853431582450867,0.8788901567459106,1.2741185426712036,-0.07769102603197098,0.060830410569906235,0.7870045304298401,1.2825554609298706,0.23314423859119415,0.06696102768182755,0.8963793516159058,1.5218170881271362,0.12408286333084106,0.00471809646114707,0.8052244186401367,1.5316818952560425,0.345074862241745,0.005675553344190121,0.9151900410652161,1.5602551698684692,0.13741520047187805,0.008864877745509148,0.8152309656143188,1.5684846639633179,0.3511415123939514,0.008612480945885181,0.85472571849823,1.578502893447876,-0.03095439448952675,0.005424106027930975,0.7855697870254517,1.5989269018173218,0.18624232709407806,0.004823771771043539
0.7443140149116516,0.5576356053352356,-0.06820528209209442,0.9998626112937927,0.7551085948944092,0.5305125713348389,-0.09083564579486847,0.9998663067817688,0.761258065700531,0.5258449912071228,-0.09091515839099884,0.9998853206634521,0.7681769728660583,0.5210301876068115,-0.09092964231967926,0.9999061822891235,0.7425483465194702,0.5390650629997253,-0.040164779871702194,0.9998478889465332,0.739687979221344,0.5408738255500793,-0.040049564093351364,0.9997896552085876,0.7366107702255249,0.5430248975753784,-0.04020987078547478,0.9998235702514648,0.7953781485557556,0.5166925191879272,-0.1268894076347351,0.9999294877052307,0.7538195848464966,0.5447924137115479,0.11138541996479034,0.999863862991333,0.7618840336799622,0.5711962580680847,-0.07658500969409943,0.9996756911277771,0.7481487989425659,0.5800822377204895,-0.008340639993548393,0.9992972016334534,0.8506797552108765,0.600661039352417,-0.27203068137168884,0.9995349049568176,0.7671022415161133,0.6548803448677063,0.30466189980506897,0.9984003305435181,0.716505765914917,0.5808612108230591,-0.43845564126968384,0.9980711936950684,0.6891332864761353,0.6613168120384216,0.4734708368778229,0.8746321797370911,0.5480888485908508,0.5366226434707642,-0.2560594081878662,0.9790428280830383,0.5795426964759827,0.6199483275413513,0.5050913095474243,0.7256100177764893,0.5086235404014587,0.5311158299446106,-0.2967742085456848,0.9283614158630371,0.589055061340332,0.6226494312286377,0.5113347768783569,0.5966382622718811,0.5260366797447205,0.5508883595466614,-0.2603505849838257,0.9256715774536133,0.5626474022865295,0.60844486951828,0.4943249225616455,0.6220947504043579,0.5307087302207947,0.5655863881111145,-0.2412228137254715,0.9233471155166626,0.5614429712295532,0.6125851273536682,0.4878620505332947,0.6495659947395325,0.8642817735671997,0.9969431161880493,-0.13996995985507965,0.9846851825714111,0.8028290867805481,1.0030163526535034,0.1408480852842331,0.9858800172805786,0.8777384757995605,1.2694032192230225,-0.08005262911319733,0.06082504987716675,0.7899402976036072,1.2803740501403809,0.22884535789489746,0.0665072575211525,0.8958465456962585,1.5159580707550049,0.11259039491415024,0.004690014291554689,0.805317759513855,1.528825044631958,0.3349345624446869,0.0057089547626674175,0.9151245951652527,1.555871605873108,0.1248215064406395,0.008887462317943573,0.8156062960624695,1.5669920444488525,0.33991289138793945,0.008670617826282978,0.8517281413078308,1.5664088726043701,-0.04093113914132118,0.005466390401124954,0.7845524549484253,1.58778977394104,0.18143980205059052,0.00491126487031579
0.7443602085113525,0.5586121082305908,-0.06050251051783562,0.9998630285263062,0.7550977468490601,0.5309489965438843,-0.0836709588766098,0.9998681545257568,0.7612168788909912,0.5262636542320251,-0.08374446630477905,0.9998865723609924,0.7680922746658325,0.5214024186134338,-0.08376768231391907,0.9999076724052429,0.7425960302352905,0.5394980311393738,-0.03169862553477287,0.9998489618301392,0.7397760152816772,0.541302502155304,-0.03156965225934982,0.9997908473014832,0.7367432713508606,0.5434479117393494,-0.03173607215285301,0.9998257160186768,0.7951568365097046,0.5167890191078186,-0.1226920634508133,0.9999304413795471,0.7538911700248718,0.5448495149612427,0.12152193486690521,0.9998652935028076,0.761883020401001,0.5718406438827515,-0.07000723481178284,0.9996806979179382,0.7483365535736084,0.5810877680778503,-0.00012070951197529212,0.9993043541908264,0.8507440686225891,0.6001604199409485,-0.2687388062477112,0.9995428919792175,0.7672945261001587,0.654884397983551,0.3100012540817261,0.9984202980995178,0.7189500331878662,0.5807091593742371,-0.43837442994117737,0.9980959296226501,0.6891565918922424,0.6613044738769531,0.48645806312561035,0.8739631772041321,0.5482715368270874,0.5373696684837341,-0.24279089272022247,0.9790882468223572,0.5779995918273926,0.6207050085067749,0.5286478400230408,0.7225258350372314,0.5087531805038452,0.53226238489151,-0.2821035385131836,0.9277099967002869,0.5856239795684814,0.6239702105522156,0.5369414687156677,0.5931170582771301,0.5274096727371216,0.5502102375030518,-0.24427655339241028,0.9249727129936218,0.5612753629684448,0.6120277047157288,0.5170485377311707,0.6191302537918091,0.5320073366165161,0.5656769871711731,-0.22747716307640076,0.9222730398178101,0.5589280724525452,0.614965558052063,0.5105985999107361,0.6463879942893982,0.8642250299453735,0.9955825209617615,-0.14005033671855927,0.9849720001220703,0.8037199974060059,0.9948626756668091,0.14089442789554596,0.9860345721244812,0.8771430850028992,1.2656375169754028,-0.11050369590520859,0.06104687973856926,0.7896071672439575,1.2765110731124878,0.21254023909568787,0.068020761013031,0.8951728940010071,1.5126396417617798,0.05666520446538925,0.004651240538805723,0.8050605058670044,1.5246702432632446,0.2866603434085846,0.0056623429991304874,0.9136503338813782,1.5521482229232788,0.0664011612534523,0.008828762918710709,0.81529700756073,1.5623892545700073,0.2883836328983307,0.008660180494189262,0.851906955242157,1.5628446340560913,-0.10210730880498886,0.0053969030268490314,0.7840887308120728,1.583631157875061,0.12642431259155273,0.004850816912949085
0.7442812919616699,0.5593737959861755,-0.061001796275377274,0.9998639225959778,0.7549752593040466,0.5314721465110779,-0.08313648402690887,0.9998685121536255,0.7610313892364502,0.5268880724906921,-0.08320911228656769,0.9998868107795715,0.7678285837173462,0.5221316814422607,-0.08322559297084808,0.9999082088470459,0.7425904273986816,0.5398833751678467,-0.03233039751648903,0.9998499155044556,0.7397790551185608,0.5416579842567444,-0.032231904566287994,0.9997922778129578,0.7367638945579529,0.5437740087509155,-0.032397832721471786,0.9998277425765991,0.795038104057312,0.5173710584640503,-0.1184966117143631,0.9999306201934814,0.7540306448936462,0.5449419021606445,0.1210356205701828,0.9998670220375061,0.7616204023361206,0.5729739665985107,-0.06884846836328506,0.9996835589408875,0.7483015060424805,0.5822578072547913,-0.00047048041597008705,0.9993118047714233,0.8504326939582825,0.6001709699630737,-0.26388442516326904,0.999552309513092,0.7675417065620422,0.6556715369224548,0.31053000688552856,0.9984424710273743,0.7173159122467041,0.5799099802970886,-0.4379693567752838,0.9981430768966675,0.6903637051582336,0.6650792956352234,0.4790163040161133,0.8725989460945129,0.5473552346229553,0.5378386378288269,-0.24454541504383087,0.9797307252883911,0.5719894170761108,0.6255643367767334,0.512927770614624,0.7215351462364197,0.5075606107711792,0.5323381423950195,-0.2836814820766449,0.9292269349098206,0.5827957391738892,0.6284332275390625,0.5197848081588745,0.5915025472640991,0.5267189145088196,0.5490214228630066,-0.24493460357189178,0.9264505505561829,0.5582987666130066,0.6176761388778687,0.5014230608940125,0.6177135705947876,0.528212308883667,0.5656792521476746,-0.2288069725036621,0.9234843850135803,0.5559569597244263,0.6194292902946472,0.49516454339027405,0.6446845531463623,0.8639466166496277,0.9956246614456177,-0.13933412730693817,0.9855788946151733,0.8057842254638672,0.9933232665061951,0.1400814950466156,0.9865049123764038,0.8749887347221375,1.2642199993133545,-0.10856378078460693,0.062143389135599136,0.7896026372909546,1.2765250205993652,0.211247518658638,0.06804127991199493,0.8934050798416138,1.5109316110610962,0.0621105432510376,0.004714267794042826,0.8047628402709961,1.5245559215545654,0.2922441363334656,0.005732235033065081,0.9122449159622192,1.5513554811477661,0.07474435865879059,0.008970880880951881,0.8152583241462708,1.5623961687088013,0.29502272605895996,0.008662288077175617,0.8489373326301575,1.5578083992004395,-0.07697851955890656,0.005538221448659897,0.7815183997154236,1.5811210870742798,0.13381758332252502,0.004967715125530958
0.7442730665206909,0.5595336556434631,-0.060215871781110764,0.999862790107727,0.7549530863761902,0.5315576195716858,-0.08197560161352158,0.9998680949211121,0.7609901428222656,0.526984691619873,-0.08205870538949966,0.9998865127563477,0.767773449420929,0.5222325921058655,-0.08211193233728409,0.9999082684516907,0.7425979971885681,0.5399506092071533,-0.03268304094672203,0.9998495578765869,0.7398079633712769,0.5417215824127197,-0.032591141760349274,0.9997912645339966,0.736829936504364,0.5438347458839417,-0.0327758714556694,0.9998273849487305,0.7950139045715332,0.5174309611320496,-0.11441664397716522,0.9999306201934814,0.7542362809181213,0.5449255704879761,0.11934097856283188,0.9998685121536255,0.7614628076553345,0.5730577111244202,-0.06698492914438248,0.9996840953826904,0.7482494711875916,0.5824466347694397,-0.000681505654938519,0.9993146061897278,0.8502405285835266,0.6001713871955872,-0.2511853575706482,0.9995434284210205,0.7675230503082275,0.6557767987251282,0.30828025937080383,0.9984416365623474,0.7169539928436279,0.5797862410545349,-0.40949171781539917,0.9981264472007751,0.6900826096534729,0.6650081872940063,0.4765273928642273,0.8713371157646179,0.5474929809570312,0.5378596186637878,-0.19725221395492554,0.9791926741600037,0.5721595287322998,0.6254640221595764,0.5279996991157532,0.7186300158500671,0.5077662467956543,0.5323986411094666,-0.23175744712352753,0.927008330821991,0.5826840996742249,0.628652036190033,0.535677969455719,0.5883105993270874,0.5271822214126587,0.5479871034622192,-0.19840404391288757,0.924119234085083,0.5582963228225708,0.6175195574760437,0.5179166793823242,0.6145973205566406,0.5378530025482178,0.5601270198822021,-0.1834070235490799,0.9213943481445312,0.5559270977973938,0.619482696056366,0.5111668109893799,0.641905665397644,0.8633514642715454,0.9956302046775818,-0.13559597730636597,0.9863321781158447,0.8053473234176636,0.9913357496261597,0.1361822634935379,0.9871755242347717,0.8728124499320984,1.2622607946395874,-0.10673494637012482,0.06299912929534912,0.7884497046470642,1.276545763015747,0.21354079246520996,0.0682624876499176,0.8910199999809265,1.509653925895691,0.0656871348619461,0.004644978791475296,0.8045352697372437,1.5241622924804688,0.2999068796634674,0.005662688985466957,0.9097671508789062,1.5504754781723022,0.07764661312103271,0.008985082618892193,0.8151417970657349,1.5619657039642334,0.30401650071144104,0.008494609966874123,0.8468602299690247,1.5560188293457031,-0.07638831436634064,0.005425992421805859,0.7809813022613525,1.580116868019104,0.1544484943151474,0.0048490301705896854
0.7437688112258911,0.5599956512451172,-0.06263987720012665,0.9998621344566345,0.7544838786125183,0.5318430066108704,-0.08416382968425751,0.9998683333396912,0.760429322719574,0.5272762775421143,-0.08424364775419235,0.9998865127563477,0.767029881477356,0.5225383043289185,-0.08428961783647537,0.9999087452888489,0.7423647046089172,0.5402771234512329,-0.03484027460217476,0.9998490810394287,0.7396448850631714,0.5420758128166199,-0.03474113345146179,0.9997907876968384,0.7367252111434937,0.544222891330719,-0.03492485731840134,0.9998278021812439,0.7942396402359009,0.5177208781242371,-0.11457400023937225,0.9999303221702576,0.7542001008987427,0.5450308322906494,0.11879904568195343,0.9998689889907837,0.760690450668335,0.5734089612960815,-0.06891947984695435,0.9996863603591919,0.7477914094924927,0.5829507112503052,-0.002580558182671666,0.9993169903755188,0.8501641154289246,0.600103497505188,-0.25252825021743774,0.9995569586753845,0.7674076557159424,0.6559245586395264,0.30212342739105225,0.9984766840934753,0.7189752459526062,0.5797733068466187,-0.4128343462944031,0.9981856942176819,0.6904459595680237,0.6690964102745056,0.4738715589046478,0.8742585778236389,0.5475803017616272,0.5380151271820068,-0.2180275171995163,0.9799243807792664,0.5722703337669373,0.625938355922699,0.5229896903038025,0.7231624126434326,0.5078808069229126,0.5325424671173096,-0.2556920647621155,0.9287972450256348,0.5822547078132629,0.6288486123085022,0.5290365815162659,0.592178225517273,0.5271828174591064,0.546906590461731,-0.22109296917915344,0.9258009791374207,0.5581823587417603,0.617608368396759,0.5118528604507446,0.6180314421653748,0.5408431887626648,0.5566684603691101,-0.20399050414562225,0.9230685830116272,0.558475136756897,0.6193837523460388,0.5061758756637573,0.6457043886184692,0.8628977537155151,0.9955760836601257,-0.13290764391422272,0.9871017336845398,0.8053017854690552,0.9900028109550476,0.13356022536754608,0.9878507852554321,0.8730823397636414,1.2628499269485474,-0.09210313856601715,0.06153044104576111,0.7881914377212524,1.2767282724380493,0.20696409046649933,0.06751827150583267,0.8909912109375,1.5103180408477783,0.09093184024095535,0.00442910473793745,0.8044978380203247,1.5241624116897583,0.29547569155693054,0.005435319151729345,0.9095944166183472,1.5505459308624268,0.10299403965473175,0.00859137438237667,0.814948558807373,1.5615785121917725,0.299225389957428,0.008164320141077042,0.8491232991218567,1.5577837228775024,-0.058471255004405975,0.005149951204657555,0.7821668386459351,1.5809404850006104,0.13940373063087463,0.004626929294317961
0.7436009645462036,0.5601875185966492,-0.06094696372747421,0.9998578429222107,0.7542968392372131,0.5320241451263428,-0.08253249526023865,0.9998649954795837,0.7602044939994812,0.5274795889854431,-0.08260732144117355,0.9998834729194641,0.7667643427848816,0.5227482914924622,-0.08267273753881454,0.9999068975448608,0.7422826290130615,0.5403865575790405,-0.03384461626410484,0.999846339225769,0.739597737789154,0.5421580076217651,-0.033740051090717316,0.9997866749763489,0.736707329750061,0.5442751049995422,-0.0339149609208107,0.9998257160186768,0.7940431237220764,0.5177737474441528,-0.11302908509969711,0.9999290704727173,0.7541810274124146,0.5450341701507568,0.11789598315954208,0.9998682737350464,0.7603186964988708,0.5737253427505493,-0.06706098467111588,0.9996833205223083,0.7476242184638977,0.5831769108772278,-0.001513496390543878,0.9993123412132263,0.8491800427436829,0.5999239683151245,-0.25030314922332764,0.9995708465576172,0.7674606442451477,0.6558916568756104,0.3019033372402191,0.9985053539276123,0.7182024717330933,0.575535774230957,-0.41618070006370544,0.9982326030731201,0.691084623336792,0.6691700220108032,0.48170071840286255,0.8737987279891968,0.5476892590522766,0.5378636717796326,-0.2225719392299652,0.9803325533866882,0.5724889039993286,0.6291227340698242,0.5435610413551331,0.7210208773612976,0.5079485177993774,0.5321443676948547,-0.2607220411300659,0.9294379353523254,0.5818838477134705,0.6300426721572876,0.5536390542984009,0.589297890663147,0.5271636843681335,0.5450538396835327,-0.22583678364753723,0.9262976050376892,0.5577393770217896,0.6195916533470154,0.5381834506988525,0.6147726774215698,0.5345327854156494,0.5573956966400146,-0.20873257517814636,0.9233136177062988,0.557451605796814,0.6211157441139221,0.5281845927238464,0.6422357559204102,0.862706184387207,0.9938250780105591,-0.13149026036262512,0.9879300594329834,0.8053714632987976,0.9877578020095825,0.1321040242910385,0.9885753989219666,0.8695498704910278,1.2606844902038574,-0.08752362430095673,0.06529484689235687,0.7871761322021484,1.2755405902862549,0.20301206409931183,0.07060642540454865,0.8847725987434387,1.5070672035217285,0.09239687025547028,0.004683621693402529,0.8014060258865356,1.522373080253601,0.28712767362594604,0.0056983535178005695,0.9029587507247925,1.5478020906448364,0.10489281266927719,0.009198321960866451,0.8123456835746765,1.5601314306259155,0.29019710421562195,0.008450875990092754,0.8408775329589844,1.553265929222107,-0.048221174627542496,0.005412822589278221,0.7770369648933411,1.5774900913238525,0.1343570202589035,0.004783759359270334
0.7434372901916504,0.5601250529289246,-0.062199611216783524,0.9998506307601929,0.7540795803070068,0.5319756865501404,-0.08370620757341385,0.9998592734336853,0.7600347399711609,0.5273836851119995,-0.08378182351589203,0.9998787045478821,0.7666465044021606,0.5226030945777893,-0.08384174853563309,0.9999033808708191,0.7419535517692566,0.540393590927124,-0.03474875167012215,0.9998394250869751,0.7392284870147705,0.5421940088272095,-0.03464294224977493,0.9997774362564087,0.7362946271896362,0.5443688035011292,-0.0348212793469429,0.9998192191123962,0.7940064668655396,0.5176798105239868,-0.11324630677700043,0.9999259114265442,0.7539572715759277,0.5450665354728699,0.1174563392996788,0.9998629689216614,0.7602707147598267,0.5734277963638306,-0.06825902312994003,0.9996704459190369,0.7474987506866455,0.5831366777420044,-0.0024704518727958202,0.9992820024490356,0.8494386672973633,0.5997354984283447,-0.25162380933761597,0.9995760321617126,0.7674018740653992,0.656391978263855,0.30178382992744446,0.9985150694847107,0.719415545463562,0.5758066773414612,-0.42067447304725647,0.9982714653015137,0.6892324090003967,0.6704145669937134,0.4805644154548645,0.8770745992660522,0.5477619171142578,0.539167046546936,-0.23071753978729248,0.9807124137878418,0.5726386308670044,0.6295289397239685,0.5285131931304932,0.7268600463867188,0.5079074501991272,0.5337707996368408,-0.2687707543373108,0.9299392104148865,0.5691412687301636,0.6299010515213013,0.5357650518417358,0.5946642756462097,0.5270432829856873,0.5453904867172241,-0.23287758231163025,0.9266537427902222,0.5571622252464294,0.6201127171516418,0.5198023915290833,0.6197494268417358,0.5326236486434937,0.5610719323158264,-0.2159425914287567,0.9236436486244202,0.5563289523124695,0.6215431690216064,0.5125595331192017,0.6470503211021423,0.8627025485038757,0.9934353232383728,-0.1315135657787323,0.9886626601219177,0.8053318858146667,0.986933708190918,0.13213057816028595,0.9892742037773132,0.8701337575912476,1.2607390880584717,-0.08230210840702057,0.06571779400110245,0.7871665358543396,1.2755858898162842,0.20559170842170715,0.07189055532217026,0.8854009509086609,1.507063388824463,0.10864672809839249,0.0046472372487187386,0.8015120625495911,1.5222364664077759,0.3009490668773651,0.005705484189093113,0.9034137725830078,1.5472816228866577,0.12219332158565521,0.00919197779148817,0.8124764561653137,1.559705376625061,0.30560413002967834,0.008480348624289036,0.842093288898468,1.553775668144226,-0.034664079546928406,0.0053287711925804615,0.7775124311447144,1.57771635055542,0.14924439787864685,0.004724486730992794
0.7433956861495972,0.5601033568382263,-0.06408365070819855,0.9998527765274048,0.7540748715400696,0.5319749116897583,-0.08581028878688812,0.9998612403869629,0.7600297927856445,0.5273869037628174,-0.08587885648012161,0.9998804330825806,0.7666515111923218,0.5226179361343384,-0.08594558387994766,0.9999048709869385,0.7419527769088745,0.5403628945350647,-0.037148378789424896,0.9998413920402527,0.7392346858978271,0.542146623134613,-0.037031061947345734,0.9997799396514893,0.7363157272338867,0.5442972183227539,-0.03720397874712944,0.9998213052749634,0.7940261960029602,0.5177111625671387,-0.11486750841140747,0.9999271631240845,0.7540030479431152,0.545019805431366,0.11453877389431,0.9998655915260315,0.7601863145828247,0.5734426975250244,-0.0697987824678421,0.9996762275695801,0.7474252581596375,0.5831395983695984,-0.004370166454464197,0.9992954134941101,0.8493589162826538,0.5997454524040222,-0.25218331813812256,0.9995845556259155,0.7674139738082886,0.6564146876335144,0.29868653416633606,0.9985451102256775,0.7193310856819153,0.5760627388954163,-0.42164331674575806,0.9983136057853699,0.6893874406814575,0.6670133471488953,0.477681964635849,0.8776901364326477,0.5480435490608215,0.5394009947776794,-0.23129841685295105,0.9811344146728516,0.5729838013648987,0.6294113993644714,0.5306286811828613,0.7271589636802673,0.5086546540260315,0.5339142084121704,-0.2691279947757721,0.9307116270065308,0.5748389959335327,0.62980055809021,0.5375623106956482,0.5942171216011047,0.5278344750404358,0.5454044938087463,-0.23302583396434784,0.9273400902748108,0.557223916053772,0.6200416684150696,0.520808219909668,0.6191745400428772,0.5319517254829407,0.563733696937561,-0.21643593907356262,0.9244695901870728,0.559135913848877,0.6214551329612732,0.5141232013702393,0.6473763585090637,0.862378716468811,0.9930924773216248,-0.1311548352241516,0.9892364740371704,0.80030357837677,1.0045946836471558,0.13178709149360657,0.989786684513092,0.8696411848068237,1.2607697248458862,-0.08027283102273941,0.06491413712501526,0.7866097688674927,1.275571584701538,0.20610466599464417,0.07159282267093658,0.8848164677619934,1.5068931579589844,0.10849905014038086,0.004509792197495699,0.8003872632980347,1.5217628479003906,0.3010874092578888,0.005589421838521957,0.9029156565666199,1.5470292568206787,0.12179853022098541,0.00899663008749485,0.8111748695373535,1.5592143535614014,0.30567729473114014,0.008333515375852585,0.8412426114082336,1.5539984703063965,-0.03356245532631874,0.005142178852111101,0.7768996357917786,1.5773049592971802,0.14974316954612732,0.004591339733451605
0.7430867552757263,0.5600273013114929,-0.06460249423980713,0.9998547434806824,0.753747820854187,0.5319694876670837,-0.08614366501569748,0.99986332654953,0.7596806883811951,0.5273846983909607,-0.08621647208929062,0.9998825192451477,0.766244649887085,0.522619903087616,-0.08627928048372269,0.9999067187309265,0.7417152523994446,0.5403544306755066,-0.037236109375953674,0.9998437166213989,0.7390395402908325,0.5421375036239624,-0.03712236136198044,0.999783456325531,0.7361682653427124,0.5442813634872437,-0.037295229732990265,0.9998242855072021,0.7938375473022461,0.5177150368690491,-0.11525943130254745,0.9999284148216248,0.7540114521980286,0.5448444485664368,0.11532583087682724,0.9998674392700195,0.759874701499939,0.5733639001846313,-0.07038428634405136,0.9996814131736755,0.7472231984138489,0.5830623507499695,-0.004659435711801052,0.9993045926094055,0.8490391969680786,0.5997759103775024,-0.2530139982700348,0.9995973706245422,0.7675436735153198,0.6568050980567932,0.3028866648674011,0.9985506534576416,0.7193368077278137,0.5763683915138245,-0.4322684705257416,0.9983550906181335,0.6902281045913696,0.668026864528656,0.4875010550022125,0.878058910369873,0.5481096506118774,0.5401883721351624,-0.25312429666519165,0.9817227125167847,0.5697405338287354,0.6310434341430664,0.5427143573760986,0.7274498343467712,0.5086807012557983,0.5346439480781555,-0.2921505868434906,0.9323133826255798,0.5649343729019165,0.6298357844352722,0.551120936870575,0.5935972332954407,0.5278074145317078,0.5454627871513367,-0.25702333450317383,0.9289413690567017,0.5560670495033264,0.6215876936912537,0.5347734093666077,0.6185141801834106,0.5308456420898438,0.5661890506744385,-0.23848287761211395,0.9257595539093018,0.5564476251602173,0.623275876045227,0.5265021324157715,0.6466560959815979,0.8623730540275574,0.9930223226547241,-0.13139650225639343,0.9897730946540833,0.801596462726593,0.9981968402862549,0.13201533257961273,0.9902777671813965,0.8697120547294617,1.2609515190124512,-0.08015875518321991,0.06913691014051437,0.7865950465202332,1.2755866050720215,0.20659852027893066,0.07722751796245575,0.8849130868911743,1.5069512128829956,0.10847701132297516,0.004941925406455994,0.8002632260322571,1.5219409465789795,0.3011067509651184,0.006206645164638758,0.9029959440231323,1.546991229057312,0.12153556197881699,0.009755518287420273,0.8111198544502258,1.5594189167022705,0.3054385483264923,0.009102090261876583,0.8414672613143921,1.5540958642959595,-0.03645646199584007,0.005589054897427559,0.7765982747077942,1.5779494047164917,0.1494096964597702,0.00498063862323761
0.743085503578186,0.5600073933601379,-0.07571166753768921,0.9998560547828674,0.7537490725517273,0.5319560766220093,-0.09511416405439377,0.999863862991333,0.7597037553787231,0.5273734331130981,-0.09520169347524643,0.9998829960823059,0.7663376331329346,0.5226085782051086,-0.09526003897190094,0.9999071359634399,0.7417082786560059,0.5403442978858948,-0.04719380661845207,0.9998438954353333,0.7390274405479431,0.542129635810852,-0.04709053412079811,0.9997831583023071,0.7361511588096619,0.5442705154418945,-0.04728476330637932,0.9998236894607544,0.7938833236694336,0.5177277326583862,-0.1176399439573288,0.999928891658783,0.7539323568344116,0.54485684633255,0.10950154066085815,0.9998679161071777,0.7598737478256226,0.5734267830848694,-0.07944518327713013,0.9996838569641113,0.7472131848335266,0.5831721425056458,-0.014834681525826454,0.9993103742599487,0.8495076894760132,0.599897563457489,-0.2533433139324188,0.9995973110198975,0.7672865986824036,0.6568830609321594,0.29374611377716064,0.998568594455719,0.7221499681472778,0.5771009922027588,-0.41450196504592896,0.9983529448509216,0.6904414296150208,0.6688197255134583,0.4621620774269104,0.8803852200508118,0.5544533729553223,0.5406287908554077,-0.1969391405582428,0.9813669323921204,0.5707951188087463,0.6299195885658264,0.5042591691017151,0.7272815108299255,0.5150614976882935,0.5362640619277954,-0.23137888312339783,0.9302628636360168,0.5796384811401367,0.629349946975708,0.5039331316947937,0.5912479162216187,0.5346843600273132,0.5466555953025818,-0.20223984122276306,0.9268079996109009,0.5608134865760803,0.6185726523399353,0.49421101808547974,0.6160519123077393,0.5496969223022461,0.5638778209686279,-0.18451091647148132,0.9240894317626953,0.5592095851898193,0.6217277646064758,0.48938965797424316,0.6449208855628967,0.8626480102539062,0.9924823641777039,-0.1311071664094925,0.9899395108222961,0.801661491394043,0.9949033260345459,0.13173888623714447,0.990474283695221,0.8746685981750488,1.260890245437622,-0.08124728500843048,0.06670262664556503,0.7888563275337219,1.2756140232086182,0.20968493819236755,0.07597092539072037,0.893262505531311,1.5062352418899536,0.10620240867137909,0.004664739593863487,0.8052018284797668,1.5204870700836182,0.3067200183868408,0.005946306511759758,0.9116994142532349,1.5457080602645874,0.11843593418598175,0.009236255660653114,0.8157203793525696,1.5575793981552124,0.31181374192237854,0.008766374550759792,0.8518016934394836,1.5543874502182007,-0.0406406968832016,0.005253061186522245,0.7838107347488403,1.5770220756530762,0.15751858055591583,0.004747888073325157
0.7429991960525513,0.5605486631393433,-0.0554545521736145,0.9998577833175659,0.7537168264389038,0.5323647856712341,-0.07593248039484024,0.9998655319213867,0.7596898674964905,0.5277862548828125,-0.07605700194835663,0.9998846650123596,0.7663356065750122,0.5230348706245422,-0.07616668194532394,0.9999085068702698,0.7416321039199829,0.5407965779304504,-0.02861258015036583,0.9998458623886108,0.7389433979988098,0.5426027774810791,-0.02855602838099003,0.9997859597206116,0.7360629439353943,0.5447657108306885,-0.028745969757437706,0.9998258948326111,0.7938783168792725,0.5179455876350403,-0.10439565032720566,0.9999300837516785,0.7539305090904236,0.5450416803359985,0.11853555589914322,0.9998709559440613,0.7598357796669006,0.573923647403717,-0.0610174722969532,0.9996885657310486,0.7471283674240112,0.5837019085884094,0.002530957106500864,0.9993226528167725,0.8493779897689819,0.599910318851471,-0.23831255733966827,0.9995968341827393,0.7675027847290039,0.657045304775238,0.29944780468940735,0.9985504746437073,0.7202486991882324,0.5771321654319763,-0.38893285393714905,0.9982978105545044,0.6886833906173706,0.6649761199951172,0.4751201272010803,0.8761782646179199,0.5543658137321472,0.5406529307365417,-0.16174332797527313,0.9802543520927429,0.570888876914978,0.6299408674240112,0.5329121351242065,0.7138816714286804,0.5148777365684509,0.5362516045570374,-0.19101513922214508,0.9265174865722656,0.5802617073059082,0.6299765110015869,0.5407272577285767,0.5769841074943542,0.5344352722167969,0.5466070175170898,-0.15929239988327026,0.9229235053062439,0.5771825909614563,0.6274232268333435,0.5273479223251343,0.6017244458198547,0.5498508810997009,0.5604448914527893,-0.1476546972990036,0.9202765822410583,0.5603769421577454,0.6217510104179382,0.5181227922439575,0.6307970881462097,0.8624601364135742,0.9924072027206421,-0.13102634251117706,0.9904308915138245,0.8013275861740112,1.0114716291427612,0.13159039616584778,0.9909170866012573,0.872990608215332,1.2529817819595337,-0.0819801464676857,0.07110312581062317,0.7900778651237488,1.274114727973938,0.20909497141838074,0.07892467826604843,0.8920936584472656,1.5011698007583618,0.10473380237817764,0.00499687111005187,0.8050330281257629,1.518809199333191,0.29594486951828003,0.006537100300192833,0.9115182161331177,1.5427876710891724,0.11812745034694672,0.010017949156463146,0.8157210350036621,1.556982398033142,0.30005547404289246,0.009455855004489422,0.8455548286437988,1.5462512969970703,-0.034339047968387604,0.005541553255170584,0.7810219526290894,1.570790410041809,0.15603363513946533,0.0051201521418988705
0.7427974343299866,0.5605686902999878,-0.06225757673382759,0.9998587965965271,0.7534555196762085,0.5324471592903137,-0.08233422785997391,0.9998665452003479,0.7593978047370911,0.5278865694999695,-0.08243507891893387,0.9998857378959656,0.7659995555877686,0.5231478810310364,-0.08250962197780609,0.9999092817306519,0.7414783835411072,0.540857195854187,-0.034738387912511826,0.9998465180397034,0.7388219237327576,0.5426658391952515,-0.03466729074716568,0.9997873902320862,0.7359750270843506,0.5448275804519653,-0.03485635668039322,0.9998270869255066,0.7937694191932678,0.5179734826087952,-0.10760871320962906,0.9999305009841919,0.7538586854934692,0.5450990796089172,0.11628922075033188,0.9998716115951538,0.7595555186271667,0.5739753842353821,-0.06709280610084534,0.9996920824050903,0.7468942403793335,0.5837346315383911,-0.002928236499428749,0.999325692653656,0.8490937352180481,0.5998967885971069,-0.23939582705497742,0.99959796667099,0.7673445343971252,0.6574231386184692,0.29644280672073364,0.998546838760376,0.7182928919792175,0.57715904712677,-0.4001545310020447,0.9982982873916626,0.6863654851913452,0.6665804386138916,0.4653000831604004,0.8771975040435791,0.5499516129493713,0.5406835079193115,-0.19624565541744232,0.98005211353302,0.5708503723144531,0.6298741698265076,0.5096638798713684,0.710624635219574,0.5102115869522095,0.5362337827682495,-0.23155327141284943,0.9252164363861084,0.5800626873970032,0.6301870942115784,0.5151271820068359,0.5725446939468384,0.5302714109420776,0.5466018319129944,-0.19528494775295258,0.9215178489685059,0.5796531438827515,0.6296342611312866,0.49955254793167114,0.5973434448242188,0.5486065745353699,0.5588506460189819,-0.18217912316322327,0.9190051555633545,0.5571318864822388,0.6221550107002258,0.4936489164829254,0.6271880865097046,0.8623312711715698,0.9924644231796265,-0.13105499744415283,0.9905154705047607,0.8016757965087891,1.0016124248504639,0.13162589073181152,0.9909301400184631,0.8729772567749023,1.2568882703781128,-0.08804947882890701,0.06978137046098709,0.7877916097640991,1.2755465507507324,0.20727050304412842,0.07799223065376282,0.8919245600700378,1.5060020685195923,0.0967189222574234,0.0048505766317248344,0.8038839101791382,1.521756649017334,0.29159820079803467,0.00632104417309165,0.9112958908081055,1.5466837882995605,0.10891348123550415,0.009708120487630367,0.8145125508308411,1.559348225593567,0.29490965604782104,0.009171596728265285,0.8464410901069641,1.5534192323684692,-0.056778647005558014,0.0053560081869363785,0.780915379524231,1.5783038139343262,0.13480153679847717,0.004950644914060831
0.7427354454994202,0.5609685778617859,-0.06514237821102142,0.9998648762702942,0.7533307671546936,0.5327686667442322,-0.08646709471940994,0.9998717904090881,0.7592202425003052,0.5282636284828186,-0.08654467761516571,0.9998903870582581,0.765746533870697,0.523597002029419,-0.08658257871866226,0.9999127388000488,0.7414625883102417,0.5410909652709961,-0.0378316268324852,0.9998527765274048,0.7388198375701904,0.542868435382843,-0.03777550905942917,0.9997965097427368,0.7359833121299744,0.5450022220611572,-0.037942901253700256,0.9998342990875244,0.7936217188835144,0.5181794762611389,-0.11549097299575806,0.9999333024024963,0.7540357112884521,0.5451229810714722,0.11352447420358658,0.9998777508735657,0.759407639503479,0.574445903301239,-0.07052401453256607,0.9997033476829529,0.7468870878219604,0.584115743637085,-0.0051178159192204475,0.9993526339530945,0.8490920066833496,0.6000779271125793,-0.24494874477386475,0.9996013045310974,0.7676330804824829,0.6574623584747314,0.2952273190021515,0.9985656142234802,0.717145562171936,0.5771874785423279,-0.41485148668289185,0.9982994794845581,0.6871023774147034,0.6669368147850037,0.4654591679573059,0.8751876354217529,0.5486681461334229,0.5407553911209106,-0.23366279900074005,0.9802882075309753,0.5709501504898071,0.6299285888671875,0.5147638320922852,0.7085776329040527,0.5090689063072205,0.5359695553779602,-0.27493560314178467,0.9262608289718628,0.5805948376655579,0.6300350427627563,0.5215287208557129,0.5712400674819946,0.5289784669876099,0.5462339520454407,-0.23912875354290009,0.9226571321487427,0.5815821290016174,0.6306238174438477,0.5047126412391663,0.5964253544807434,0.5472805500030518,0.5570802688598633,-0.220188170671463,0.9198997020721436,0.5560787916183472,0.6223801374435425,0.4982666075229645,0.6261484026908875,0.8623350262641907,0.9924693703651428,-0.1334010660648346,0.9903714060783386,0.8037341237068176,0.9949542880058289,0.1339966356754303,0.9907225370407104,0.8690236806869507,1.2570879459381104,-0.10049483925104141,0.07059118151664734,0.7873402237892151,1.2756520509719849,0.20814910531044006,0.07687141001224518,0.8866508603096008,1.506022572517395,0.08129949867725372,0.004959272686392069,0.7989312410354614,1.52244234085083,0.29181843996047974,0.006380783393979073,0.9068154096603394,1.547194004058838,0.09391053020954132,0.009944036602973938,0.8099262118339539,1.5613003969192505,0.295087605714798,0.009212052449584007,0.8379267454147339,1.5529723167419434,-0.06358445435762405,0.00555763253942132,0.7695979475975037,1.5781714916229248,0.13687612116336823,0.005105606745928526
0.7422435283660889,0.5613858103752136,-0.049303412437438965,0.999862015247345,0.7528353929519653,0.5331460237503052,-0.07567571848630905,0.9998708367347717,0.7586855888366699,0.5286458134651184,-0.07576076686382294,0.999889612197876,0.7651506066322327,0.5240163207054138,-0.07580805569887161,0.9999120831489563,0.7410775423049927,0.54155033826828,-0.02241228148341179,0.9998499751091003,0.7384928464889526,0.5433664917945862,-0.02230791561305523,0.9997934699058533,0.7357121706008911,0.5455501079559326,-0.02248649299144745,0.9998320937156677,0.7929196357727051,0.5184206366539001,-0.11858884245157242,0.9999322295188904,0.7540127038955688,0.5452048182487488,0.12249425798654556,0.9998756647109985,0.7589446902275085,0.5746612548828125,-0.06300732493400574,0.9996993541717529,0.7465821504592896,0.5843168497085571,0.00819945428520441,0.9993420243263245,0.8489352464675903,0.5998440980911255,-0.26193204522132874,0.999606192111969,0.7675614953041077,0.6571236848831177,0.3058854341506958,0.9985807538032532,0.7169670462608337,0.5773033499717712,-0.42745938897132874,0.9982861280441284,0.6862252354621887,0.663591206073761,0.494645893573761,0.8751241564750671,0.5454691052436829,0.5408002138137817,-0.23311206698417664,0.9799937605857849,0.5669754147529602,0.6272386908531189,0.5460394024848938,0.7056902050971985,0.5062134861946106,0.5359472632408142,-0.2732674777507782,0.9251785278320312,0.5793778300285339,0.628730058670044,0.5587406158447266,0.5677712559700012,0.5262480974197388,0.5460721254348755,-0.2377122938632965,0.921449601650238,0.5802761316299438,0.630313515663147,0.5373553037643433,0.5930754542350769,0.5462495684623718,0.5560075640678406,-0.21915559470653534,0.9183443784713745,0.5548652410507202,0.6223629713058472,0.5285519361495972,0.6230641603469849,0.862232506275177,0.9924700260162354,-0.14022162556648254,0.9905663728713989,0.8013573884963989,1.008918046951294,0.14089331030845642,0.9908832907676697,0.8712618947029114,1.2612652778625488,-0.10541220009326935,0.0685509517788887,0.7873600125312805,1.2768546342849731,0.2179493010044098,0.07457996159791946,0.8882507085800171,1.511843204498291,0.08210471272468567,0.0047521027736365795,0.8002060055732727,1.5242576599121094,0.31314003467559814,0.006093504838645458,0.9074376821517944,1.5518630743026733,0.09459789097309113,0.009558534249663353,0.8108404278755188,1.5622825622558594,0.31735318899154663,0.008946134708821774,0.8439842462539673,1.5610408782958984,-0.06757113337516785,0.0053123291581869125,0.7749555110931396,1.5823570489883423,0.15397745370864868,0.0048836953938007355
0.7422466278076172,0.562413215637207,-0.03991768881678581,0.9998554587364197,0.7528411149978638,0.5342041850090027,-0.06746092438697815,0.9998666644096375,0.7586832642555237,0.5297811627388,-0.0675596222281456,0.9998859763145447,0.7651454210281372,0.5252285599708557,-0.06765449047088623,0.9999087452888489,0.7412826418876648,0.5422715544700623,-0.0161904189735651,0.9998447895050049,0.738854706287384,0.5439273118972778,-0.01611042395234108,0.9997870922088623,0.736251950263977,0.5459587574005127,-0.016295624896883965,0.9998276829719543,0.7928600311279297,0.5193851590156555,-0.11817695945501328,0.999928891658783,0.7545838356018066,0.5453982949256897,0.12169734388589859,0.9998747110366821,0.7588953375816345,0.5759345889091492,-0.05409301072359085,0.9996872544288635,0.7466100454330444,0.584850549697876,0.014291703701019287,0.999328076839447,0.8489408493041992,0.5998355746269226,-0.25451263785362244,0.999566376209259,0.7675665020942688,0.656804621219635,0.2993719279766083,0.9985049962997437,0.7139164805412292,0.5751885771751404,-0.410705029964447,0.9980877637863159,0.6831985116004944,0.6538810133934021,0.49024906754493713,0.8667298555374146,0.5444215536117554,0.5388006567955017,-0.20598582923412323,0.9774829745292664,0.5647820234298706,0.6207875609397888,0.5611813068389893,0.6910359263420105,0.5057258605957031,0.5313802361488342,-0.2380279004573822,0.9192807078361511,0.5746350884437561,0.6238502860069275,0.5778401494026184,0.5548772811889648,0.5262749195098877,0.5423976182937622,-0.20270943641662598,0.9154947400093079,0.579450786113739,0.6286815404891968,0.5569928884506226,0.5807251334190369,0.5454171895980835,0.5515338778495789,-0.19124604761600494,0.912115216255188,0.5547084808349609,0.6209414005279541,0.5449622869491577,0.6104154586791992,0.8622068166732788,0.9923264980316162,-0.13748778402805328,0.9908201694488525,0.8014814257621765,1.0161579847335815,0.13790348172187805,0.9911077618598938,0.8692319989204407,1.257673978805542,-0.09216752648353577,0.0716974064707756,0.7872954607009888,1.2758768796920776,0.21711380779743195,0.07501306384801865,0.8850955963134766,1.5096501111984253,0.09959908574819565,0.005030691623687744,0.7988289594650269,1.523802399635315,0.3116457164287567,0.006453222129493952,0.9040325284004211,1.5508607625961304,0.11434608697891235,0.010209061205387115,0.8096620440483093,1.5620194673538208,0.31591978669166565,0.00935361161828041,0.8395167589187622,1.5551124811172485,-0.02645917795598507,0.00560104800388217,0.7726637125015259,1.5790585279464722,0.16049149632453918,0.005110050085932016
0.7424718141555786,0.5621486306190491,-0.04722730070352554,0.9998608827590942,0.753090500831604,0.5339571833610535,-0.06915055960416794,0.999871551990509,0.7589668035507202,0.5295588374137878,-0.0692191869020462,0.9998903274536133,0.7655307054519653,0.5250203609466553,-0.0693109780550003,0.9999122619628906,0.7415056228637695,0.5419423580169678,-0.021996663883328438,0.999850332736969,0.7390848398208618,0.543554961681366,-0.021866898983716965,0.9997945427894592,0.7364969849586487,0.5455300807952881,-0.022068055346608162,0.9998337626457214,0.7931900024414062,0.5193287134170532,-0.11130847036838531,0.999931275844574,0.7545850276947021,0.5453460812568665,0.12161596864461899,0.9998788237571716,0.759015679359436,0.5757659673690796,-0.0546942874789238,0.9996978640556335,0.7466965913772583,0.5847139954566956,0.009070469997823238,0.9993499517440796,0.8492096066474915,0.5998155474662781,-0.24185793101787567,0.9995753169059753,0.7672940492630005,0.6569158434867859,0.29357603192329407,0.9985440373420715,0.714820921421051,0.5763777494430542,-0.39870786666870117,0.9981156587600708,0.6819989085197449,0.6583369374275208,0.44577449560165405,0.8711358904838562,0.5449167490005493,0.5386574268341064,-0.20558667182922363,0.9773030281066895,0.5651272535324097,0.6210485696792603,0.46926623582839966,0.6929423809051514,0.5073233842849731,0.5310652852058411,-0.24062111973762512,0.9176778197288513,0.5746581554412842,0.6268346309661865,0.47208577394485474,0.5556975603103638,0.5282925367355347,0.5422775745391846,-0.20655187964439392,0.9136266112327576,0.5796127915382385,0.6305304765701294,0.4549867510795593,0.5812014937400818,0.546252429485321,0.5515457987785339,-0.19203361868858337,0.911035418510437,0.5547817945480347,0.620936930179596,0.45248621702194214,0.6122640371322632,0.8622072339057922,0.9923208951950073,-0.12971416115760803,0.9912566542625427,0.80009526014328,1.015443205833435,0.13032731413841248,0.9915279150009155,0.8726746439933777,1.2584021091461182,-0.08628816902637482,0.06996658444404602,0.7880757451057434,1.276283860206604,0.21264216303825378,0.0733160600066185,0.8888440132141113,1.5098607540130615,0.09920699894428253,0.0047928267158567905,0.8012911677360535,1.5239487886428833,0.30359962582588196,0.006130971480160952,0.9072650671005249,1.5508663654327393,0.11347422748804092,0.009821903891861439,0.8115743398666382,1.56203031539917,0.30737563967704773,0.008920558728277683,0.8457609415054321,1.5558663606643677,-0.038306623697280884,0.005303911864757538,0.7793151140213013,1.5799891948699951,0.1454494744539261,0.004829118959605694
0.7424715161323547,0.5615877509117126,-0.07860436290502548,0.9998565316200256,0.7530943751335144,0.533467710018158,-0.10065058618783951,0.9998683333396912,0.7589744329452515,0.5290875434875488,-0.10073162615299225,0.999887228012085,0.76554936170578,0.5245665907859802,-0.1007976084947586,0.9999098181724548,0.7415045499801636,0.5413927435874939,-0.05128724128007889,0.9998461008071899,0.7390826940536499,0.5429618954658508,-0.05114597827196121,0.9997880458831787,0.736492931842804,0.544882595539093,-0.051346659660339355,0.9998288750648499,0.7933807373046875,0.5190975666046143,-0.1312505155801773,0.9999285936355591,0.754374086856842,0.5451488494873047,0.10490153729915619,0.9998742938041687,0.7590159177780151,0.5753807425498962,-0.08411405980587006,0.9996894598007202,0.746667206287384,0.5843129754066467,-0.017261002212762833,0.9993287324905396,0.8498411178588867,0.5999661684036255,-0.2636236846446991,0.9995658993721008,0.7667533159255981,0.6570486426353455,0.28171488642692566,0.9985640048980713,0.7148922681808472,0.5777568221092224,-0.4331020712852478,0.9981011748313904,0.6808390021324158,0.6628282070159912,0.4268611967563629,0.8750219345092773,0.5468463897705078,0.5384719371795654,-0.25084492564201355,0.9771851897239685,0.5651106834411621,0.6235170960426331,0.42933791875839233,0.6985176801681519,0.5101298093795776,0.5306406617164612,-0.28915339708328247,0.9167897701263428,0.570878803730011,0.6331210732460022,0.4289693832397461,0.5604673027992249,0.5311411619186401,0.5416477918624878,-0.25771206617355347,0.9125692844390869,0.5792386531829834,0.6344751715660095,0.411787748336792,0.5859156250953674,0.5484493374824524,0.5507847666740417,-0.23841433227062225,0.9103924632072449,0.5736936330795288,0.6354655623435974,0.41171208024024963,0.6181771755218506,0.8622846603393555,0.9923250079154968,-0.12951238453388214,0.9915192127227783,0.8003838658332825,0.9996635317802429,0.1301575005054474,0.9918984174728394,0.8779101371765137,1.2628310918807983,-0.05547875910997391,0.06686665862798691,0.7885843515396118,1.2762906551361084,0.22105559706687927,0.07253777235746384,0.896398663520813,1.510288953781128,0.16735534369945526,0.004540919791907072,0.804979681968689,1.5238863229751587,0.34559008479118347,0.005878949072211981,0.9138846397399902,1.5507664680480957,0.18281178176403046,0.00925909448415041,0.8152011632919312,1.561272382736206,0.35292941331863403,0.008610290475189686,0.8574477434158325,1.5600708723068237,0.01640438288450241,0.004991868045181036,0.7874534726142883,1.5829490423202515,0.186489537358284,0.0045964946039021015
0.7423940300941467,0.5614768862724304,-0.10397328436374664,0.9998570680618286,0.7529948949813843,0.5333159565925598,-0.12521913647651672,0.9998682141304016,0.7588499188423157,0.5288895964622498,-0.12528972327709198,0.9998875260353088,0.7653955817222595,0.524329662322998,-0.1252722442150116,0.9999090433120728,0.7414689064025879,0.5412699580192566,-0.07517679780721664,0.9998458027839661,0.7390695810317993,0.5428224205970764,-0.0750366821885109,0.9997895956039429,0.7364914417266846,0.5447198748588562,-0.07521463185548782,0.9998286962509155,0.793353796005249,0.5189661383628845,-0.1482156366109848,0.9999286532402039,0.7543774843215942,0.5449625253677368,0.08868391811847687,0.9998722076416016,0.7588328123092651,0.5752542614936829,-0.10752785205841064,0.9996902346611023,0.7465757727622986,0.5842339992523193,-0.039801690727472305,0.9993255138397217,0.8503950238227844,0.5999783277511597,-0.28310221433639526,0.9995539784431458,0.7665659785270691,0.6572921276092529,0.2664245367050171,0.9985311627388,0.7155137658119202,0.5789726376533508,-0.46934303641319275,0.9980931878089905,0.6795616745948792,0.6656514406204224,0.3068760931491852,0.8765190243721008,0.5400745272636414,0.5384767055511475,-0.32530730962753296,0.977861225605011,0.5635417699813843,0.6230129599571228,0.15964941680431366,0.7061907052993774,0.5004904270172119,0.5301340222358704,-0.3724519610404968,0.9190860986709595,0.5651415586471558,0.6317608952522278,0.13786646723747253,0.5696477293968201,0.5208620429039001,0.5400089025497437,-0.3362938165664673,0.9149826765060425,0.5725295543670654,0.6323177814483643,0.1201467365026474,0.5950563549995422,0.5394562482833862,0.5493083596229553,-0.31145837903022766,0.9128127694129944,0.5735450983047485,0.634207546710968,0.13773980736732483,0.6272661089897156,0.8632174730300903,0.9923235177993774,-0.1286696493625641,0.9912950396537781,0.7992703914642334,1.0116328001022339,0.12941022217273712,0.9917717576026917,0.885285496711731,1.2676417827606201,-0.06330125778913498,0.06416681408882141,0.7928099036216736,1.2786357402801514,0.22025911509990692,0.06955405324697495,0.9071260690689087,1.5148510932922363,0.15118828415870667,0.004307607188820839,0.8101335763931274,1.5268223285675049,0.3352012634277344,0.005586742889136076,0.9252861142158508,1.5538207292556763,0.16465352475643158,0.0086967209354043,0.8202446103096008,1.5639513731002808,0.34118565917015076,0.008209186606109142,0.8684118986129761,1.5666565895080566,-0.00615673279389739,0.004704566206783056,0.7929902076721191,1.5880705118179321,0.18465113639831543,0.004381042439490557
0.7423433065414429,0.5614078044891357,-0.10815608501434326,0.9998568296432495,0.7529256939888,0.5332244038581848,-0.12989328801631927,0.99986732006073,0.7587594985961914,0.5287652611732483,-0.129963219165802,0.9998871684074402,0.7652851343154907,0.5241748094558716,-0.129933163523674,0.9999077916145325,0.7414541244506836,0.5411984920501709,-0.07950478792190552,0.9998446106910706,0.7390679121017456,0.5427396893501282,-0.07936542481184006,0.999789834022522,0.7364963889122009,0.5446213483810425,-0.07953637838363647,0.9998275637626648,0.7933253049850464,0.5188910961151123,-0.15402713418006897,0.9999282956123352,0.7544055581092834,0.5448276400566101,0.08387850970029831,0.9998694062232971,0.7586969137191772,0.5751703381538391,-0.11226718127727509,0.9996895790100098,0.7465257048606873,0.584171712398529,-0.04410148784518242,0.999319314956665,0.8506102561950684,0.5999806523323059,-0.2903580069541931,0.9995431900024414,0.7664903402328491,0.6574732661247253,0.26266056299209595,0.9985013008117676,0.7156145572662354,0.5796334743499756,-0.47766169905662537,0.9980848431587219,0.6790165901184082,0.6673641800880432,0.30482199788093567,0.87771075963974,0.5365036725997925,0.5384209752082825,-0.33663660287857056,0.978475034236908,0.5625301003456116,0.622424840927124,0.16321030259132385,0.7127805948257446,0.49607139825820923,0.5293554067611694,-0.38450688123703003,0.9211933016777039,0.5618903636932373,0.6292393803596497,0.14303933084011078,0.577552855014801,0.5162564516067505,0.5384175181388855,-0.3475914001464844,0.9171884059906006,0.5677477717399597,0.6291484236717224,0.12384766340255737,0.6030109524726868,0.5347586274147034,0.5479352474212646,-0.32253575325012207,0.9150055050849915,0.5726180076599121,0.6332799792289734,0.14092135429382324,0.6352069973945618,0.8638863563537598,0.9923282265663147,-0.12848320603370667,0.9910555481910706,0.7988360524177551,1.0168033838272095,0.12926605343818665,0.9916226863861084,0.8880845308303833,1.2707706689834595,-0.06711212545633316,0.06153447926044464,0.7951606512069702,1.2806953191757202,0.22011585533618927,0.06655615568161011,0.9101622700691223,1.517987608909607,0.1480182707309723,0.004085314925760031,0.8123550415039062,1.5294079780578613,0.33261770009994507,0.005303892772644758,0.928447425365448,1.5562148094177246,0.16119052469730377,0.0081705953925848,0.8223791122436523,1.5664087533950806,0.33831721544265747,0.007825899869203568,0.8713148236274719,1.570464849472046,-0.015023033134639263,0.004435921087861061,0.7950571775436401,1.5915920734405518,0.181747168302536,0.004177269991487265
0.742306113243103,0.5614022612571716,-0.09979408979415894,0.9998606443405151,0.7528912425041199,0.5332216620445251,-0.12224511802196503,0.9998707175254822,0.7587244510650635,0.5287614464759827,-0.12231726944446564,0.9998905062675476,0.7652550935745239,0.524170458316803,-0.12231854349374771,0.9999099969863892,0.7414089441299438,0.5411993265151978,-0.07165259122848511,0.9998483061790466,0.7390271425247192,0.542739987373352,-0.07152775675058365,0.9997959136962891,0.7364645004272461,0.5446213483810425,-0.07169836759567261,0.9998317360877991,0.7933259010314941,0.5188822150230408,-0.15374423563480377,0.9999303221702576,0.754375159740448,0.5448258519172668,0.08790206164121628,0.9998725652694702,0.7586921453475952,0.5751482248306274,-0.10533019155263901,0.9996950626373291,0.7464737296104431,0.584105372428894,-0.03712312504649162,0.9993314743041992,0.8511516451835632,0.6002506017684937,-0.28988295793533325,0.9995315074920654,0.7664374709129333,0.6574479341506958,0.267487108707428,0.998489499092102,0.7157943844795227,0.579910159111023,-0.4755024313926697,0.9980307221412659,0.6771395802497864,0.6647346615791321,0.3558975160121918,0.8779571056365967,0.5362467765808105,0.5334768295288086,-0.3016698658466339,0.9782017469406128,0.5623288154602051,0.6186952590942383,0.2988303303718567,0.7085012793540955,0.49632662534713745,0.5212962031364441,-0.34488752484321594,0.920391857624054,0.5618458390235901,0.6185571551322937,0.29307714104652405,0.5733932256698608,0.5167036056518555,0.5297766327857971,-0.3094785213470459,0.9163901209831238,0.5666764378547668,0.618618369102478,0.27843016386032104,0.5991911888122559,0.5343345403671265,0.5402833223342896,-0.2877529263496399,0.914531409740448,0.5575937032699585,0.621738076210022,0.28134727478027344,0.6326764225959778,0.864353358745575,0.9923493266105652,-0.12856832146644592,0.9910144209861755,0.7981857061386108,1.0185887813568115,0.12934371829032898,0.9915823936462402,0.8868178129196167,1.2706372737884521,-0.08280810713768005,0.05961136892437935,0.7948727607727051,1.2812665700912476,0.2174471914768219,0.06438451260328293,0.9081335067749023,1.518262267112732,0.11410218477249146,0.00389866903424263,0.8119422197341919,1.5295251607894897,0.3106604516506195,0.00504868570715189,0.9262982606887817,1.556693434715271,0.12563273310661316,0.007833920419216156,0.8222615122795105,1.5667072534561157,0.3141893446445465,0.0075379288755357265,0.8693763613700867,1.5705996751785278,-0.05190933495759964,0.004216579720377922,0.7938157916069031,1.5912420749664307,0.1463112235069275,0.003982776775956154
0.7423039674758911,0.5602535605430603,-0.09587056934833527,0.9998636841773987,0.7529192566871643,0.5323857665061951,-0.11948026716709137,0.9998741745948792,0.7587672472000122,0.5278780460357666,-0.11955162137746811,0.9998936057090759,0.7653406858444214,0.5232508778572083,-0.11955112218856812,0.9999122619628906,0.7414041757583618,0.5406274795532227,-0.06804239749908447,0.9998524188995361,0.738996148109436,0.5422776341438293,-0.0679338350892067,0.9998018741607666,0.736385703086853,0.544284462928772,-0.06809888035058975,0.9998363256454468,0.7933568358421326,0.5185348987579346,-0.140042245388031,0.9999321103096008,0.7541407346725464,0.5447076559066772,0.09041504561901093,0.9998753666877747,0.7586809396743774,0.5737711787223816,-0.10500279814004898,0.9997007250785828,0.746303915977478,0.5828208327293396,-0.034929025918245316,0.9993429780006409,0.8510686755180359,0.6002191305160522,-0.2698823809623718,0.9995195865631104,0.7659279704093933,0.6573776006698608,0.27007704973220825,0.998469352722168,0.715674102306366,0.5806596279144287,-0.4717375636100769,0.9979854226112366,0.6773644685745239,0.667133092880249,0.3649763762950897,0.8772117495536804,0.5339191555976868,0.5330126285552979,-0.3022057116031647,0.9785475134849548,0.5624601244926453,0.6190072894096375,0.29942086338996887,0.7113030552864075,0.49414634704589844,0.5207499265670776,-0.34744563698768616,0.9220513105392456,0.5612492561340332,0.6193405985832214,0.29037195444107056,0.5781604647636414,0.5136667490005493,0.5280963182449341,-0.3119810223579407,0.9181692004203796,0.5658169984817505,0.6189045310020447,0.269896000623703,0.6038572788238525,0.5305226445198059,0.5386251211166382,-0.28878194093704224,0.9162156581878662,0.566584587097168,0.6244057416915894,0.27920717000961304,0.6376488208770752,0.8638095855712891,0.9923678040504456,-0.12434427440166473,0.9910944104194641,0.7984068393707275,0.9981584548950195,0.1251627802848816,0.9916918277740479,0.8864880800247192,1.2705639600753784,-0.0801837295293808,0.06037265062332153,0.7926310300827026,1.2802435159683228,0.20259800553321838,0.06639452278614044,0.9062743186950684,1.5182124376296997,0.1124432310461998,0.003905486548319459,0.8091278076171875,1.5290629863739014,0.2857033610343933,0.00506820622831583,0.9224371910095215,1.5557124614715576,0.12328151613473892,0.00782837625592947,0.8189685940742493,1.5657323598861694,0.28834307193756104,0.007607629057019949,0.8671817779541016,1.570548176765442,-0.054945629090070724,0.004159242380410433,0.7933378219604492,1.5910155773162842,0.11719530820846558,0.003924401011317968
0.7422417402267456,0.5591152906417847,-0.09825225919485092,0.9998632669448853,0.7527600526809692,0.5319547653198242,-0.11903508007526398,0.9998735785484314,0.758592426776886,0.5274581909179688,-0.11911065876483917,0.9998934864997864,0.7651835680007935,0.5228004455566406,-0.11913176625967026,0.9999116659164429,0.7413358688354492,0.5400257706642151,-0.07084497809410095,0.9998522996902466,0.7389712333679199,0.541583776473999,-0.07073496282100677,0.9998025894165039,0.7363837957382202,0.543472945690155,-0.07091115415096283,0.999836266040802,0.7933660745620728,0.5180649161338806,-0.13894379138946533,0.9999322891235352,0.7541825175285339,0.5442228317260742,0.08840008080005646,0.9998757839202881,0.7586771249771118,0.5726214647293091,-0.10203097015619278,0.9996994137763977,0.7462976574897766,0.5812002420425415,-0.035882968455553055,0.9993407130241394,0.8512247800827026,0.5998824834823608,-0.2619571387767792,0.9995037913322449,0.765963077545166,0.6567779779434204,0.2642403542995453,0.9984552264213562,0.715954065322876,0.5808101892471313,-0.4536464214324951,0.9979709386825562,0.6769024133682251,0.666678786277771,0.36046499013900757,0.8776484131813049,0.5352984666824341,0.5288861393928528,-0.29610031843185425,0.9783207774162292,0.5634061098098755,0.618783175945282,0.3080466389656067,0.7098058462142944,0.4957082271575928,0.5170323848724365,-0.33931851387023926,0.9210882782936096,0.5646006464958191,0.6191306710243225,0.29920095205307007,0.5764732956886292,0.5160077214241028,0.5253852605819702,-0.3053421080112457,0.9171620011329651,0.5689271688461304,0.6188356876373291,0.28112322092056274,0.6020309925079346,0.5330878496170044,0.5358448028564453,-0.28446850180625916,0.9154976010322571,0.5564342141151428,0.6236574649810791,0.2889183759689331,0.6361645460128784,0.864000678062439,0.9923789501190186,-0.12241997569799423,0.9911899566650391,0.8007151484489441,0.9931577444076538,0.12316785752773285,0.9917989373207092,0.8854430913925171,1.2649997472763062,-0.07961949706077576,0.06152046471834183,0.7924596071243286,1.2765181064605713,0.1999877691268921,0.06844698637723923,0.9042941331863403,1.511404037475586,0.11082378774881363,0.004022992216050625,0.8079767227172852,1.525253415107727,0.281466543674469,0.005284128710627556,0.9207455515861511,1.54899263381958,0.12194287776947021,0.00802881084382534,0.8180353045463562,1.562247633934021,0.28426000475883484,0.007918559946119785,0.8646936416625977,1.5642623901367188,-0.05279610678553581,0.00422158045694232,0.7915366888046265,1.58713698387146,0.11848340928554535,0.004024562891572714
0.7421543598175049,0.5584822297096252,-0.09591320157051086,0.9998654723167419,0.7526955008506775,0.531639814376831,-0.11695394665002823,0.9998753666877747,0.7585403919219971,0.527167797088623,-0.11703129857778549,0.9998947381973267,0.7651536464691162,0.5225295424461365,-0.11705370247364044,0.9999126195907593,0.7412807941436768,0.5396087169647217,-0.06839825212955475,0.9998546242713928,0.738935112953186,0.5411170721054077,-0.06828148663043976,0.9998056888580322,0.7363690137863159,0.5429521203041077,-0.06845812499523163,0.9998389482498169,0.793420672416687,0.5178037285804749,-0.13734963536262512,0.9999330639839172,0.7541711926460266,0.5438960790634155,0.08962395042181015,0.9998778700828552,0.7585679888725281,0.5722653269767761,-0.10041401535272598,0.9997040629386902,0.7461587190628052,0.5806114673614502,-0.03386254236102104,0.9993512034416199,0.8510569334030151,0.5998465418815613,-0.260766863822937,0.9994900226593018,0.7659013867378235,0.655547022819519,0.26581960916519165,0.9984652400016785,0.7159673571586609,0.5808751583099365,-0.4455872178077698,0.9979488253593445,0.6762152314186096,0.6638695001602173,0.36572328209877014,0.8781931400299072,0.5364983677864075,0.5277130603790283,-0.27234774827957153,0.9776968359947205,0.5634859800338745,0.6183765530586243,0.3505142331123352,0.7055189609527588,0.49808502197265625,0.5163660645484924,-0.3127424418926239,0.9186736941337585,0.564693033695221,0.6193345785140991,0.34568101167678833,0.5715843439102173,0.518878161907196,0.5254810452461243,-0.27944713830947876,0.9146475791931152,0.569466233253479,0.6190232634544373,0.32775065302848816,0.597298800945282,0.5357570648193359,0.5359195470809937,-0.2606886029243469,0.9133474826812744,0.5729466676712036,0.6242658495903015,0.3315151333808899,0.6322185397148132,0.8619659543037415,0.9926437735557556,-0.12315847724676132,0.9910286664962769,0.8012811541557312,0.9918841123580933,0.12387174367904663,0.9917011857032776,0.8768891096115112,1.2645214796066284,-0.08021174371242523,0.06141689419746399,0.7840514183044434,1.275871753692627,0.20282462239265442,0.06938056647777557,0.8938061594963074,1.5109939575195312,0.11081675440073013,0.004029347561299801,0.7987728118896484,1.5245550870895386,0.28501495718955994,0.0052962033078074455,0.9107095003128052,1.5488109588623047,0.12213759124279022,0.007959004491567612,0.808923602104187,1.5614441633224487,0.28771087527275085,0.007985462434589863,0.8540260195732117,1.5634914636611938,-0.05133663862943649,0.004187303129583597,0.7821100354194641,1.586767554283142,0.11922550201416016,0.004019234329462051
0.7417110800743103,0.5583582520484924,-0.07935883849859238,0.9998727440834045,0.7524911165237427,0.5315555930137634,-0.0979788675904274,0.9998817443847656,0.7583625912666321,0.5271103978157043,-0.09804272651672363,0.9999001026153564,0.7650099992752075,0.522501528263092,-0.09806801378726959,0.9999169707298279,0.7410886287689209,0.5394551157951355,-0.05200076848268509,0.9998624324798584,0.7387962341308594,0.5409225225448608,-0.051905494183301926,0.9998160600662231,0.7362896800041199,0.5426969528198242,-0.05206868052482605,0.999847412109375,0.7934036254882812,0.5178509950637817,-0.11330833286046982,0.999936580657959,0.7541806697845459,0.5436325669288635,0.10269222408533096,0.9998844265937805,0.7581183910369873,0.5722545981407166,-0.08053340762853622,0.999718964099884,0.7457095384597778,0.580532968044281,-0.018124783411622047,0.9993849992752075,0.8505179286003113,0.5998554229736328,-0.24248072504997253,0.9994850158691406,0.7656407952308655,0.6552110910415649,0.280925452709198,0.9984672665596008,0.6999272108078003,0.5379772186279297,-0.4083063006401062,0.9979283809661865,0.6754537224769592,0.658835768699646,0.4107087254524231,0.8761429786682129,0.5366678833961487,0.527920663356781,-0.21728196740150452,0.9770208597183228,0.5595563650131226,0.6163076758384705,0.41936787962913513,0.7006154656410217,0.49801817536354065,0.5168276429176331,-0.25393202900886536,0.9164093732833862,0.5621787905693054,0.6099900007247925,0.4200912415981293,0.5675265192985535,0.5188496708869934,0.5257661938667297,-0.21954548358917236,0.9124522805213928,0.5651519298553467,0.6127632856369019,0.3986101448535919,0.5935198664665222,0.5356752872467041,0.5364952087402344,-0.20416156947612762,0.9113781452178955,0.5507251024246216,0.6195840835571289,0.40005841851234436,0.628355085849762,0.860759437084198,0.99323570728302,-0.12463422119617462,0.9910337924957275,0.8015720248222351,0.9915398359298706,0.1252150684595108,0.9916562438011169,0.8716245889663696,1.2598975896835327,-0.10581368207931519,0.06615246087312698,0.7843899130821228,1.2758125066757202,0.20233359932899475,0.0718640685081482,0.8888171911239624,1.5075896978378296,0.05650835484266281,0.004518789704889059,0.7977916598320007,1.5244008302688599,0.2667037844657898,0.005706500727683306,0.907106876373291,1.547655701637268,0.06670968979597092,0.009103876538574696,0.8081453442573547,1.5616381168365479,0.26729413866996765,0.008528672158718109,0.8444250822067261,1.5557929277420044,-0.09296037256717682,0.004755718167871237,0.7742024064064026,1.5824697017669678,0.10838116705417633,0.004364620428532362
0.7414647340774536,0.5583847165107727,-0.06979561597108841,0.9998790621757507,0.7519989609718323,0.5316249132156372,-0.08868008106946945,0.9998870491981506,0.7577606439590454,0.5272133350372314,-0.08875424414873123,0.9999045729637146,0.7641913294792175,0.5226520299911499,-0.08878089487552643,0.9999204874038696,0.7409011125564575,0.5394550561904907,-0.04287251457571983,0.9998692870140076,0.7387193441390991,0.5409116744995117,-0.04280205816030502,0.9998250603675842,0.7362827658653259,0.5426456928253174,-0.042956091463565826,0.9998546838760376,0.7929943799972534,0.5178830027580261,-0.10630331933498383,0.9999397993087769,0.7545796632766724,0.5432268381118774,0.10934765636920929,0.9998908638954163,0.7578835487365723,0.5722801685333252,-0.07117826491594315,0.9997316598892212,0.7457023859024048,0.5805332064628601,-0.00926272664219141,0.9994157552719116,0.849245548248291,0.5997794270515442,-0.23482146859169006,0.9994736313819885,0.7657601833343506,0.6550423502922058,0.28989535570144653,0.9984645247459412,0.6953919529914856,0.5246239900588989,-0.3889276683330536,0.9978755712509155,0.6755791902542114,0.6561247706413269,0.44065555930137634,0.8725498914718628,0.5368666648864746,0.5274708867073059,-0.17099504172801971,0.9754963517189026,0.5596380829811096,0.6159369945526123,0.4691745340824127,0.6901999711990356,0.4982340931892395,0.5171453356742859,-0.20341069996356964,0.91159588098526,0.5634612441062927,0.6066243052482605,0.4721655249595642,0.557809591293335,0.5188869833946228,0.5262784361839294,-0.17069944739341736,0.9077720642089844,0.5656828880310059,0.6110543608665466,0.45289531350135803,0.5840444564819336,0.5358964800834656,0.5369895696640015,-0.15798553824424744,0.9070839285850525,0.5462466478347778,0.6178539991378784,0.4509292542934418,0.6185418963432312,0.8600751161575317,0.992684543132782,-0.1286887228488922,0.9905804991722107,0.8009778261184692,1.0063903331756592,0.12910690903663635,0.9911908507347107,0.8626168966293335,1.247532606124878,-0.1333203911781311,0.07397862523794174,0.7843281030654907,1.2719794511795044,0.19939762353897095,0.07676654309034348,0.8813949823379517,1.4999802112579346,0.01748841628432274,0.00534813990816474,0.7958519458770752,1.5229624509811401,0.243585467338562,0.006556476932018995,0.901800811290741,1.5438772439956665,0.027474913746118546,0.011107165366411209,0.807092547416687,1.5616466999053955,0.24263927340507507,0.009688225574791431,0.830329418182373,1.5444681644439697,-0.1201552152633667,0.005675851367413998,0.7632731795310974,1.5750123262405396,0.093672975897789,0.005042769014835358
0.7413012385368347,0.5582329034805298,-0.07045827060937881,0.9998835921287537,0.751703143119812,0.531568706035614,-0.09029681980609894,0.9998909831047058,0.7573949098587036,0.5271717309951782,-0.09036868810653687,0.9999076724052429,0.7637089490890503,0.5226265788078308,-0.09039156138896942,0.9999229907989502,0.7407957315444946,0.539287805557251,-0.043333057314157486,0.9998740553855896,0.7386836409568787,0.5406621694564819,-0.04325607046484947,0.9998313188552856,0.7362796068191528,0.5422986745834351,-0.04342333599925041,0.9998599886894226,0.7927150130271912,0.5178568959236145,-0.10734285414218903,0.9999417662620544,0.7546795010566711,0.5427870154380798,0.10919821262359619,0.9998950362205505,0.7576265931129456,0.5720310807228088,-0.07306881994009018,0.9997403621673584,0.7456475496292114,0.5801512598991394,-0.009986637160182,0.9994374513626099,0.849234402179718,0.5996367931365967,-0.24291114509105682,0.9994654655456543,0.7653713822364807,0.65357905626297,0.29107901453971863,0.998489499092102,0.6974695920944214,0.5436336398124695,-0.3978132903575897,0.9978519678115845,0.6755576729774475,0.6581434011459351,0.45635277032852173,0.8722084760665894,0.5375970602035522,0.5272741913795471,-0.18833772838115692,0.9735527038574219,0.5589261651039124,0.6121375560760498,0.4953535199165344,0.68099445104599,0.4986002445220947,0.5173364877700806,-0.2216304987668991,0.9050718545913696,0.5636047124862671,0.6041741967201233,0.5003882646560669,0.5492188930511475,0.5203848481178284,0.526874840259552,-0.1897566318511963,0.9011965394020081,0.566118061542511,0.6074784398078918,0.48214396834373474,0.5763005018234253,0.5379043221473694,0.5371367931365967,-0.17542949318885803,0.9009867310523987,0.5428853631019592,0.6154004335403442,0.4777839779853821,0.6106501817703247,0.8600299954414368,0.9925528764724731,-0.13527868688106537,0.9902368187904358,0.8020586967468262,0.9975330233573914,0.13578003644943237,0.9909735321998596,0.864136815071106,1.249053716659546,-0.12325368821620941,0.07360571622848511,0.7844319343566895,1.2722949981689453,0.20609097182750702,0.07635229825973511,0.8822193145751953,1.5003494024276733,0.04543343931436539,0.005353817716240883,0.796187162399292,1.523404836654663,0.256166011095047,0.006576929707080126,0.9019495844841003,1.5444892644882202,0.056295447051525116,0.011112346313893795,0.8073675036430359,1.562657117843628,0.25459304451942444,0.009871629998087883,0.8338573575019836,1.5457959175109863,-0.1001451388001442,0.005700585898011923,0.765921950340271,1.5751081705093384,0.10958047956228256,0.005117466673254967
0.7411971688270569,0.5581112504005432,-0.07029695063829422,0.9998877644538879,0.7515202760696411,0.5315253138542175,-0.09089345484972,0.9998946189880371,0.7571696043014526,0.527138888835907,-0.09096193313598633,0.9999105334281921,0.7634241580963135,0.522604763507843,-0.09097961336374283,0.9999253153800964,0.7407301664352417,0.53916996717453,-0.0430850014090538,0.999878466129303,0.738663911819458,0.5404913425445557,-0.04300636425614357,0.9998370409011841,0.7362784147262573,0.5420669913291931,-0.043181341141462326,0.9998648762702942,0.7925025224685669,0.5178343057632446,-0.10789267718791962,0.9999436140060425,0.7547540068626404,0.5424882173538208,0.1093316525220871,0.9998989105224609,0.7574582695960999,0.5718240141868591,-0.07405314594507217,0.9997483491897583,0.7456152439117432,0.5798463225364685,-0.009997567161917686,0.9994573593139648,0.8491643071174622,0.5994704365730286,-0.24694284796714783,0.999458909034729,0.7651582956314087,0.6526461839675903,0.29233720898628235,0.9985111951828003,0.6991592645645142,0.5532196164131165,-0.4033278822898865,0.9978287816047668,0.6756042242050171,0.6592943668365479,0.46189022064208984,0.8714050650596619,0.5378695726394653,0.527100145816803,-0.1903408169746399,0.9718051552772522,0.5585458874702454,0.6102554798126221,0.5034540295600891,0.6720643639564514,0.4986485540866852,0.5175195336341858,-0.22327382862567902,0.899289071559906,0.5638774633407593,0.6027591228485107,0.5089998841285706,0.541029691696167,0.5210024118423462,0.5272762179374695,-0.19157567620277405,0.8953836560249329,0.5665682554244995,0.6056151986122131,0.4910255968570709,0.5688831210136414,0.538769006729126,0.5372945070266724,-0.17739620804786682,0.8955273032188416,0.5417240262031555,0.6140472292900085,0.4860590100288391,0.6030197739601135,0.859988808631897,0.9924436807632446,-0.13820110261440277,0.9898992776870728,0.802821934223175,0.9935543537139893,0.13873492181301117,0.9907498359680176,0.8651539087295532,1.2500512599945068,-0.1197383850812912,0.0733078196644783,0.7844901084899902,1.2724480628967285,0.20848996937274933,0.0759740024805069,0.8829245567321777,1.5008118152618408,0.05352377891540527,0.005371463019400835,0.7964521050453186,1.5236839056015015,0.25754308700561523,0.006616803817451,0.9020735025405884,1.5447559356689453,0.06461357325315475,0.011150393635034561,0.8075717091560364,1.5633355379104614,0.2556184232234955,0.010065018199384212,0.8360797762870789,1.5469778776168823,-0.09295202791690826,0.00574854202568531,0.7673913240432739,1.575386881828308,0.11492087692022324,0.005209830589592457
0.7412773966789246,0.5581179857254028,-0.06288342922925949,0.999884307384491,0.7515795826911926,0.5315292477607727,-0.0815030187368393,0.9998902678489685,0.7572200894355774,0.5271551012992859,-0.08160661906003952,0.9999069571495056,0.7634930610656738,0.5226343274116516,-0.08167209476232529,0.9999220371246338,0.7408018708229065,0.5391659140586853,-0.035695936530828476,0.9998759627342224,0.7387576103210449,0.5404864549636841,-0.03565663844347,0.999833345413208,0.7364333868026733,0.542056679725647,-0.03579837456345558,0.9998612999916077,0.7924908995628357,0.5179306268692017,-0.0973159447312355,0.9999415278434753,0.75486159324646,0.5424946546554565,0.11464627832174301,0.9998975992202759,0.75753253698349,0.5718508958816528,-0.06370885670185089,0.9997370839118958,0.7457281351089478,0.57989901304245,-0.002275794744491577,0.9994438290596008,0.8477423787117004,0.5994956493377686,-0.23627538979053497,0.9994255304336548,0.7654529809951782,0.6532308459281921,0.3030429780483246,0.9984167814254761,0.6984966993331909,0.5597702860832214,-0.3953869938850403,0.997775137424469,0.6754498481750488,0.6549271941184998,0.4593225419521332,0.8620890378952026,0.5374916195869446,0.5261425971984863,-0.19206203520298004,0.9708797931671143,0.5576299428939819,0.609924852848053,0.49228692054748535,0.6604200601577759,0.4978422522544861,0.5159479975700378,-0.22423610091209412,0.8971559405326843,0.5638652443885803,0.597194492816925,0.4990437924861908,0.5303741097450256,0.5198662281036377,0.525633692741394,-0.18979816138744354,0.893435537815094,0.5654088258743286,0.6024892330169678,0.4818708896636963,0.5581390261650085,0.5375937223434448,0.5361774563789368,-0.17781828343868256,0.8930193781852722,0.541020929813385,0.6133832335472107,0.4755479693412781,0.5911759734153748,0.8598240613937378,0.9923900365829468,-0.1377122849225998,0.9895101189613342,0.8036751747131348,1.0101370811462402,0.13824595510959625,0.9903843998908997,0.858951210975647,1.225720763206482,-0.118601955473423,0.09162687510251999,0.7855016589164734,1.2527949810028076,0.2084747850894928,0.08954451233148575,0.8750715255737305,1.4769994020462036,0.05826573818922043,0.008877196349203587,0.7950801253318787,1.5008083581924438,0.26644188165664673,0.01026617269963026,0.895656943321228,1.524790644645691,0.07060351967811584,0.01828482560813427,0.8067513704299927,1.5442261695861816,0.2666064202785492,0.015228084288537502,0.8202139139175415,1.51399564743042,-0.060922879725694656,0.00934869609773159,0.7540210485458374,1.5436807870864868,0.13810065388679504,0.008010602556169033
0.7412323951721191,0.5580821633338928,-0.07776030153036118,0.9998873472213745,0.7515642642974854,0.5315102338790894,-0.09422817081212997,0.9998919367790222,0.7572089433670044,0.5271435379981995,-0.09432229399681091,0.9999086260795593,0.7634925842285156,0.5226247906684875,-0.0943751409649849,0.9999232888221741,0.7407698035240173,0.5391178131103516,-0.05079037696123123,0.9998787045478821,0.7387266755104065,0.5404236316680908,-0.05073859170079231,0.9998365640640259,0.7364149689674377,0.5419775247573853,-0.050895046442747116,0.9998633861541748,0.7924751043319702,0.5179334878921509,-0.10036152601242065,0.9999428987503052,0.7548354268074036,0.5424749851226807,0.10349418222904205,0.9998999238014221,0.757512629032135,0.571829080581665,-0.0741640254855156,0.999740481376648,0.7456231713294983,0.5798243880271912,-0.015950839966535568,0.9994542002677917,0.847427487373352,0.6000429391860962,-0.23878952860832214,0.9993811845779419,0.7653196454048157,0.6532341837882996,0.29439014196395874,0.9983353614807129,0.6935890913009644,0.5327686071395874,-0.3955961763858795,0.9976693391799927,0.6738295555114746,0.648232638835907,0.45063847303390503,0.8557294607162476,0.5382119417190552,0.5254653692245483,-0.17859260737895966,0.9693211317062378,0.5576729774475098,0.6073570847511292,0.48331737518310547,0.6463702321052551,0.49902504682540894,0.515636146068573,-0.2097184658050537,0.8929667472839355,0.5643666386604309,0.5915023684501648,0.48653626441955566,0.5186100006103516,0.5213971138000488,0.5258277058601379,-0.17904755473136902,0.8895478844642639,0.5659478902816772,0.5980772376060486,0.47125768661499023,0.5469483733177185,0.5387982726097107,0.5363327860832214,-0.1661648154258728,0.8896217346191406,0.5417322516441345,0.6111281514167786,0.4664928913116455,0.5802679061889648,0.8598917722702026,0.9925920963287354,-0.13612264394760132,0.9888353943824768,0.8063933253288269,0.9968979358673096,0.13662226498126984,0.9897722601890564,0.8589898347854614,1.2303072214126587,-0.11634274572134018,0.09305968135595322,0.7844614386558533,1.260433554649353,0.20919688045978546,0.08990901708602905,0.8757281303405762,1.4790371656417847,0.05699983239173889,0.008968580514192581,0.7945048213005066,1.5095795392990112,0.2701478898525238,0.010324127040803432,0.8963813781738281,1.5294095277786255,0.06905321776866913,0.01875489018857479,0.8063122034072876,1.5538493394851685,0.2711417078971863,0.015196516178548336,0.8222611546516418,1.5166343450546265,-0.06705723702907562,0.009575189091265202,0.7570568323135376,1.5517741441726685,0.1379791796207428,0.008122450672090054
0.7414959669113159,0.5573588609695435,-0.07920125871896744,0.999890923500061,0.7517761588096619,0.5311158895492554,-0.09468336403369904,0.9998944997787476,0.7574849724769592,0.5267428159713745,-0.09478062391281128,0.9999109506607056,0.7639331221580505,0.5222130417823792,-0.09483473002910614,0.9999251365661621,0.740837037563324,0.5388326048851013,-0.051309697329998016,0.999882161617279,0.7387540936470032,0.5402098894119263,-0.051267288625240326,0.9998411536216736,0.7364307641983032,0.5418359637260437,-0.051427703350782394,0.9998669028282166,0.7924824357032776,0.517900824546814,-0.10143953561782837,0.9999446272850037,0.7547663450241089,0.5424854755401611,0.10483875125646591,0.9999025464057922,0.7579231262207031,0.5709917545318604,-0.07432796061038971,0.9997467398643494,0.7457430958747864,0.5792921185493469,-0.01651674509048462,0.9994682669639587,0.8474398851394653,0.5995728969573975,-0.23555639386177063,0.9993535280227661,0.7652126550674438,0.6532437801361084,0.29565712809562683,0.9982562065124512,0.6973456144332886,0.5507590770721436,-0.3946438431739807,0.9975728988647461,0.6732954382896423,0.6463195085525513,0.448073148727417,0.8495208024978638,0.5382966995239258,0.5255247950553894,-0.17370715737342834,0.9675925374031067,0.5565110445022583,0.6053171157836914,0.47565141320228577,0.6313015222549438,0.4985842704772949,0.5157763957977295,-0.205430269241333,0.8880609273910522,0.5644729733467102,0.5885008573532104,0.4775802195072174,0.5053980946540833,0.5208203196525574,0.5260948538780212,-0.1732826828956604,0.8849169015884399,0.5659827589988708,0.5950050354003906,0.4612980782985687,0.5340213775634766,0.538449227809906,0.5363702178001404,-0.16070154309272766,0.8849388360977173,0.5407724380493164,0.6096118688583374,0.45813387632369995,0.5670040249824524,0.8598626255989075,0.9916054010391235,-0.135888010263443,0.9879006147384644,0.8050311207771301,1.0067956447601318,0.13634386658668518,0.9887918829917908,0.8599721789360046,1.234431505203247,-0.12439378350973129,0.0947771742939949,0.7852802276611328,1.2612874507904053,0.2035176008939743,0.0907989889383316,0.8766182065010071,1.4834049940109253,0.029496192932128906,0.009170066565275192,0.7951951026916504,1.510567307472229,0.2573606073856354,0.010545819066464901,0.8969955444335938,1.5307533740997314,0.03961944952607155,0.019350050017237663,0.8069692850112915,1.5541071891784668,0.2575457692146301,0.01544042956084013,0.8248446583747864,1.5246602296829224,-0.11037492752075195,0.009950689040124416,0.7580503821372986,1.5565229654312134,0.11243542283773422,0.008396260440349579
0.7406813502311707,0.5573559999465942,-0.07392178475856781,0.9998918771743774,0.7511246800422668,0.5310790538787842,-0.09233570098876953,0.9998950958251953,0.7567456960678101,0.5267409086227417,-0.09242309629917145,0.9999108910560608,0.7630729079246521,0.5222690105438232,-0.09248492121696472,0.9999250769615173,0.7405527234077454,0.5383965373039246,-0.04799256473779678,0.9998839497566223,0.7386093139648438,0.5395011305809021,-0.047945860773324966,0.9998423457145691,0.7363933324813843,0.5408000349998474,-0.048095084726810455,0.999867856502533,0.7924689650535583,0.5181353092193604,-0.10370489209890366,0.9999452233314514,0.7549440860748291,0.5414800643920898,0.10486863553524017,0.9999050498008728,0.756453812122345,0.5714206099510193,-0.0717405453324318,0.9997466206550598,0.7446948289871216,0.579325258731842,-0.012539994902908802,0.9994758367538452,0.8446291089057922,0.6009013056755066,-0.23467032611370087,0.9992667436599731,0.7652302384376526,0.6527900695800781,0.2945888340473175,0.9981738924980164,0.6866055130958557,0.5354117751121521,-0.3655731678009033,0.997275173664093,0.674053966999054,0.6430668234825134,0.44856542348861694,0.831981897354126,0.5411322712898254,0.5277470946311951,-0.10690610110759735,0.9640203714370728,0.564737856388092,0.6056584715843201,0.4860226511955261,0.6157153844833374,0.5045026540756226,0.5181374549865723,-0.13375109434127808,0.8813923597335815,0.5665339231491089,0.5966352820396423,0.49025583267211914,0.4962521195411682,0.5262610912322998,0.5293324589729309,-0.10498565435409546,0.8788973689079285,0.5682538151741028,0.6049085259437561,0.4688190817832947,0.525934100151062,0.54201740026474,0.5394846796989441,-0.0947820320725441,0.8797895908355713,0.5750621557235718,0.6152521371841431,0.4670643210411072,0.5587437152862549,0.8570578694343567,0.9941906332969666,-0.1359487771987915,0.9851773977279663,0.8062151074409485,0.9938046336174011,0.13639935851097107,0.986454963684082,0.8449205160140991,1.233250379562378,-0.12617072463035583,0.09737271815538406,0.7763770818710327,1.26028573513031,0.2009510099887848,0.09077640622854233,0.8560097813606262,1.4842911958694458,0.03200139105319977,0.009365091100335121,0.7779284119606018,1.5109162330627441,0.2490045577287674,0.010552922263741493,0.8767260313034058,1.5318641662597656,0.04350625351071358,0.020211663097143173,0.7899128794670105,1.5545107126235962,0.24935290217399597,0.015419384464621544,0.7970229387283325,1.5239100456237793,-0.10952849686145782,0.010359949432313442,0.7324658632278442,1.5568021535873413,0.1140240803360939,0.008586795069277287
0.7403154969215393,0.5573210120201111,-0.05233035609126091,0.9998916983604431,0.7507656812667847,0.531074583530426,-0.0720960721373558,0.9998940229415894,0.7563162446022034,0.5267449021339417,-0.07218490540981293,0.9999096393585205,0.7625707387924194,0.5223002433776855,-0.07225193083286285,0.9999239444732666,0.7404391765594482,0.5382245779037476,-0.026521110907197,0.9998844861984253,0.738581657409668,0.5391857028007507,-0.026507947593927383,0.9998425245285034,0.7364013195037842,0.5403028726577759,-0.026630312204360962,0.9998680949211121,0.792171061038971,0.5181707739830017,-0.08974132686853409,0.9999446868896484,0.7553232908248901,0.5406884551048279,0.12173034995794296,0.9999065399169922,0.7559797167778015,0.5714275240898132,-0.051987528800964355,0.9997411966323853,0.7444818019866943,0.579226553440094,0.008777734823524952,0.9994767308235168,0.8390305638313293,0.6011926531791687,-0.22055228054523468,0.9991981983184814,0.7660014033317566,0.6525507569313049,0.310240775346756,0.9980800151824951,0.6769914627075195,0.5297070145606995,-0.3579947352409363,0.9970480799674988,0.6740937232971191,0.6437413096427917,0.4612976610660553,0.8127656579017639,0.5177887678146362,0.5475255846977234,-0.12530042231082916,0.96168452501297,0.5648797750473022,0.6053217649459839,0.49203747510910034,0.5956560373306274,0.49875345826148987,0.516984760761261,-0.15497805178165436,0.8780328035354614,0.5698729753494263,0.596021831035614,0.4970019459724426,0.48184892535209656,0.5203906297683716,0.5275907516479492,-0.12289966642856598,0.876022219657898,0.5699313282966614,0.6042413115501404,0.4755918085575104,0.5117800235748291,0.5353817939758301,0.5386218428611755,-0.11208862066268921,0.8764082789421082,0.5581965446472168,0.6139612197875977,0.47320327162742615,0.5434737801551819,0.8556897044181824,0.9958840608596802,-0.1371321678161621,0.9807935953140259,0.808133602142334,0.9915907979011536,0.13748803734779358,0.9822898507118225,0.8360271453857422,1.2177937030792236,-0.14337337017059326,0.11094490438699722,0.7746179699897766,1.2461678981781006,0.194634810090065,0.09908196330070496,0.8435344696044922,1.475837230682373,0.01470965426415205,0.01217814814299345,0.7704617381095886,1.5025514364242554,0.22966095805168152,0.012795004062354565,0.8639189600944519,1.5268731117248535,0.026864981278777122,0.026897955685853958,0.7828908562660217,1.5490590333938599,0.22892895340919495,0.018944280222058296,0.7825366258621216,1.5085500478744507,-0.1006079763174057,0.013935364782810211,0.7179344296455383,1.544283390045166,0.10465280711650848,0.010970782488584518
0.7400866746902466,0.5573292970657349,-0.057752370834350586,0.9998915195465088,0.7502408623695374,0.5311295390129089,-0.07751552760601044,0.9998928904533386,0.7557573914527893,0.5268669724464417,-0.07759352773427963,0.9999085068702698,0.7619491219520569,0.5225247740745544,-0.07766576111316681,0.9999229311943054,0.7401580810546875,0.5382070541381836,-0.03373151645064354,0.999884307384491,0.7384172677993774,0.5391139388084412,-0.03372441604733467,0.9998412728309631,0.73635333776474,0.5401445627212524,-0.03382740169763565,0.9998666048049927,0.7919967770576477,0.5182963013648987,-0.09060420095920563,0.9999445080757141,0.7552865743637085,0.5405731797218323,0.11232300847768784,0.9999074339866638,0.7557457685470581,0.5715624690055847,-0.05457558110356331,0.9997367262840271,0.7443896532058716,0.5792356133460999,0.0030460329726338387,0.9994776248931885,0.839104175567627,0.6016226410865784,-0.22458656132221222,0.9991458654403687,0.7659977674484253,0.6524955034255981,0.3004651963710785,0.9980215430259705,0.6812444925308228,0.5589560866355896,-0.35849815607070923,0.996849536895752,0.6725595593452454,0.6442767381668091,0.44803982973098755,0.798460841178894,0.526595950126648,0.5390329957008362,-0.11653653532266617,0.9580137133598328,0.5967036485671997,0.6082339882850647,0.488741934299469,0.5732100605964661,0.5013173818588257,0.5158080458641052,-0.14568351209163666,0.8708428740501404,0.5813329815864563,0.5942291617393494,0.492920458316803,0.46418118476867676,0.5233338475227356,0.5269733667373657,-0.11591190099716187,0.8693303465843201,0.5817915797233582,0.6029995679855347,0.4699520468711853,0.49412667751312256,0.5377455949783325,0.5381805300712585,-0.10453859716653824,0.870417058467865,0.558599054813385,0.6086447834968567,0.4691897928714752,0.525503933429718,0.855695366859436,0.995985209941864,-0.1370738446712494,0.9775596261024475,0.8092911839485168,0.985424816608429,0.13743142783641815,0.9793907403945923,0.8402488827705383,1.2182189226150513,-0.13720954954624176,0.10950256884098053,0.7756021618843079,1.2451459169387817,0.19417355954647064,0.09624043107032776,0.8465493321418762,1.47268545627594,0.024920623749494553,0.011992981657385826,0.7706552743911743,1.4993191957473755,0.2393529862165451,0.012609641999006271,0.8664469718933105,1.5221389532089233,0.03708456829190254,0.027033789083361626,0.781891942024231,1.5459774732589722,0.23976817727088928,0.018875297158956528,0.7873024940490723,1.5088616609573364,-0.0962241068482399,0.013952688314020634,0.7216285467147827,1.5418256521224976,0.10822857916355133,0.01107451505959034
0.7397592663764954,0.5573474764823914,-0.048435382544994354,0.9998916983604431,0.7497261166572571,0.5313084125518799,-0.06854043900966644,0.99989253282547,0.7551862597465515,0.5271486043930054,-0.06862326711416245,0.9999080896377563,0.7612918615341187,0.5229156017303467,-0.06868978589773178,0.9999224543571472,0.7399396300315857,0.538199782371521,-0.024051908403635025,0.9998849034309387,0.7383255362510681,0.5390794277191162,-0.02405216172337532,0.9998413324356079,0.7363492250442505,0.5400160551071167,-0.024164428934454918,0.9998660683631897,0.791643500328064,0.5184813737869263,-0.08591817319393158,0.9999447464942932,0.7554792165756226,0.5402307510375977,0.11998052895069122,0.9999094605445862,0.7554746866226196,0.5716100931167603,-0.047904666513204575,0.9997327923774719,0.7443017959594727,0.5791753530502319,0.011197635903954506,0.9994783401489258,0.837861180305481,0.6024113893508911,-0.21308466792106628,0.9990862607955933,0.766086220741272,0.6522665023803711,0.30360740423202515,0.9979653358459473,0.6758337616920471,0.5417410731315613,-0.3240666389465332,0.9966357946395874,0.6815992593765259,0.6447382569313049,0.4472416043281555,0.7883691191673279,0.5336247682571411,0.5365580320358276,-0.06519649922847748,0.9538695812225342,0.6062039136886597,0.6074484586715698,0.48256030678749084,0.5552157163619995,0.5048246383666992,0.5158765316009521,-0.0912068635225296,0.8631978034973145,0.587265133857727,0.5877402424812317,0.4825504422187805,0.4503078758716583,0.5272878408432007,0.5269558429718018,-0.06631278246641159,0.8622079491615295,0.5879914164543152,0.5961176753044128,0.4604930877685547,0.48017388582229614,0.5410924553871155,0.5381589531898499,-0.05440119653940201,0.8643823862075806,0.5582164525985718,0.6042267084121704,0.46257105469703674,0.5111380815505981,0.8566673994064331,1.0037022829055786,-0.13836000859737396,0.9725720882415771,0.8107560873031616,0.98277348279953,0.13868245482444763,0.9749150276184082,0.8351421356201172,1.1973035335540771,-0.16744044423103333,0.11110550910234451,0.7757017612457275,1.2239835262298584,0.19451627135276794,0.09573430567979813,0.8402907252311707,1.4580135345458984,-0.022091936320066452,0.012194003909826279,0.7687441110610962,1.4804341793060303,0.22746697068214417,0.012593208812177181,0.8616461753845215,1.5099577903747559,-0.01114412397146225,0.028765665367245674,0.7804173231124878,1.5294575691223145,0.22676339745521545,0.019633177667856216,0.7752562761306763,1.4925692081451416,-0.1180434450507164,0.01435996312648058,0.7109805941581726,1.5215206146240234,0.11006496846675873,0.01134609617292881
0.7395750880241394,0.5573369860649109,-0.04115626588463783,0.9998928904533386,0.7494796514511108,0.5313495993614197,-0.060703784227371216,0.9998932480812073,0.7549036145210266,0.5272420644760132,-0.06079059839248657,0.9999086260795593,0.7609668970108032,0.5230728387832642,-0.06085875630378723,0.9999228119850159,0.7398383617401123,0.5381671190261841,-0.016365567222237587,0.9998864531517029,0.7382901310920715,0.5389797687530518,-0.01636754348874092,0.9998427629470825,0.7363494038581848,0.5398218035697937,-0.016478221863508224,0.9998667240142822,0.7914297580718994,0.5185863971710205,-0.07883913815021515,0.9999452829360962,0.7556420564651489,0.5399147272109985,0.12633314728736877,0.9999117851257324,0.7552769184112549,0.5716168880462646,-0.04122369363903999,0.9997308850288391,0.7442235350608826,0.5791036486625671,0.017823906615376472,0.9994809031486511,0.8367248773574829,0.6029210686683655,-0.20478829741477966,0.9990331530570984,0.7661810517311096,0.6522676348686218,0.3077669143676758,0.9978991746902466,0.6742199659347534,0.5343316793441772,-0.3102361559867859,0.9964073896408081,0.6795810461044312,0.6448231339454651,0.4510312080383301,0.7762419581413269,0.5386735200881958,0.5334242582321167,-0.048399992287158966,0.9497403502464294,0.6073341965675354,0.607646644115448,0.47950124740600586,0.5394144058227539,0.5079283714294434,0.5153734087944031,-0.07254810631275177,0.8563170433044434,0.5882511734962463,0.5873721837997437,0.48073235154151917,0.43889790773391724,0.5300894975662231,0.5261366963386536,-0.047928862273693085,0.8559609651565552,0.588955283164978,0.5951778292655945,0.4601682722568512,0.46891215443611145,0.5436022281646729,0.5375446081161499,-0.03743436187505722,0.8589514493942261,0.5578965544700623,0.6032207012176514,0.46039724349975586,0.499141663312912,0.8562142252922058,1.0036107301712036,-0.13920235633850098,0.9660800695419312,0.8116828799247742,0.9820917248725891,0.13949289917945862,0.9688484072685242,0.8307598829269409,1.1818211078643799,-0.1786871701478958,0.11478862911462784,0.7757863402366638,1.2083957195281982,0.1946137547492981,0.09639356285333633,0.8362686038017273,1.444671630859375,-0.034266263246536255,0.012774595990777016,0.7662346959114075,1.4646433591842651,0.2261102944612503,0.01281463447958231,0.8583787679672241,1.4979039430618286,-0.023244963958859444,0.031364500522613525,0.7782025933265686,1.5145729780197144,0.22559066116809845,0.020923558622598648,0.7694872617721558,1.4772547483444214,-0.12271884828805923,0.01525108702480793,0.7029364109039307,1.5049320459365845,0.1133149266242981,0.011886047199368477
0.7394289374351501,0.5573415160179138,-0.04182520881295204,0.999897301197052,0.7492980360984802,0.5313593745231628,-0.061163563281297684,0.9998971223831177,0.7547391653060913,0.5272539854049683,-0.06129042059183121,0.9999120831489563,0.760844349861145,0.5230816602706909,-0.06144886463880539,0.9999256134033203,0.7396398782730103,0.5381597280502319,-0.017513714730739594,0.9998910427093506,0.7381245493888855,0.538972795009613,-0.017475780099630356,0.9998491406440735,0.7362530827522278,0.5398098826408386,-0.017623919993638992,0.9998717904090881,0.7912850975990295,0.5185961127281189,-0.08126707375049591,0.9999474287033081,0.755514919757843,0.539926290512085,0.12407471239566803,0.9999154806137085,0.7552036046981812,0.571628212928772,-0.041609544306993484,0.9997382164001465,0.7441481351852417,0.5791046619415283,0.015507087111473083,0.9994969367980957,0.837065577507019,0.6031941175460815,-0.20758605003356934,0.998999297618866,0.7661155462265015,0.6522035002708435,0.30403321981430054,0.9978554248809814,0.675493061542511,0.5626547336578369,-0.322492778301239,0.9963309168815613,0.6803866624832153,0.6520193219184875,0.4477788507938385,0.7732068300247192,0.5368881225585938,0.5263656973838806,-0.05678402632474899,0.9503175020217896,0.5841671228408813,0.6045823693275452,0.478328138589859,0.5341020822525024,0.5030680298805237,0.5107200741767883,-0.0747666284441948,0.8581112623214722,0.5870029926300049,0.5887541174888611,0.4790879786014557,0.4359336197376251,0.5254212617874146,0.5222631096839905,-0.053179699927568436,0.8577138185501099,0.5874131917953491,0.5967007279396057,0.45925554633140564,0.4662056863307953,0.5395773649215698,0.5337085127830505,-0.04519824683666229,0.8610656261444092,0.5576063394546509,0.6025941967964172,0.4592818319797516,0.4965755045413971,0.8588528633117676,1.0056812763214111,-0.1381853073835373,0.9664478302001953,0.8106966018676758,0.9826234579086304,0.13862228393554688,0.9688703417778015,0.8317491412162781,1.225172758102417,-0.16484172642230988,0.11048709601163864,0.7739160656929016,1.2554996013641357,0.1949881613254547,0.09134852141141891,0.8461002111434937,1.4843157529830933,-0.023853857070207596,0.011923323385417461,0.7673158049583435,1.5127800703048706,0.2325085699558258,0.011937887407839298,0.8692754507064819,1.5331873893737793,-0.015058889985084534,0.029407449066638947,0.7798329591751099,1.5578835010528564,0.23247551918029785,0.01940065622329712,0.7835757732391357,1.5269330739974976,-0.15573954582214355,0.014337744563817978,0.7219654321670532,1.562538981437683,0.09661230444908142,0.011146404780447483
0.7388851642608643,0.5573580861091614,-0.035057537257671356,0.9999009966850281,0.7487192749977112,0.5314257740974426,-0.05784914642572403,0.9999006986618042,0.7541850805282593,0.5273314714431763,-0.057945430278778076,0.9999147653579712,0.7602910399436951,0.5231664776802063,-0.058006107807159424,0.9999278783798218,0.739132821559906,0.5381543636322021,-0.010472333990037441,0.9998953938484192,0.7377160787582397,0.5389607548713684,-0.010432971641421318,0.9998546242713928,0.7360002994537354,0.5397623777389526,-0.010568722151219845,0.9998764991760254,0.7904938459396362,0.518610954284668,-0.08494054526090622,0.9999493360519409,0.7555021047592163,0.5396506190299988,0.13085834681987762,0.9999194145202637,0.7548688650131226,0.5716329216957092,-0.03923525661230087,0.9997439384460449,0.7438016533851624,0.579072117805481,0.02313130721449852,0.9995137453079224,0.8360235095024109,0.6035622954368591,-0.20892298221588135,0.9989666938781738,0.7664592266082764,0.6510452628135681,0.3160867393016815,0.9978510737419128,0.6729123592376709,0.5487022995948792,-0.3340681493282318,0.9960917234420776,0.6878141164779663,0.6518447399139404,0.46166855096817017,0.7626043558120728,0.5364869832992554,0.5265299677848816,-0.07509510219097137,0.9493358135223389,0.5750653147697449,0.6002193093299866,0.47856006026268005,0.5271614789962769,0.502174973487854,0.5111777186393738,-0.10173003375530243,0.8578214645385742,0.5863495469093323,0.5886537432670593,0.480318546295166,0.4333738088607788,0.5247620940208435,0.5224646925926208,-0.07430996000766754,0.857783854007721,0.5861030220985413,0.5961558818817139,0.45881572365760803,0.4647241532802582,0.5390170812606812,0.5338876247406006,-0.06277865916490555,0.8611674904823303,0.5798910856246948,0.6026664972305298,0.4588208794593811,0.49462050199508667,0.8588764071464539,1.0089586973190308,-0.14218401908874512,0.9636934995651245,0.8116348385810852,0.9824550151824951,0.1426578015089035,0.9665900468826294,0.8338953256607056,1.2251877784729004,-0.1644136607646942,0.10953252762556076,0.7748717665672302,1.2549431324005127,0.1957148313522339,0.08837021142244339,0.8483012914657593,1.484738826751709,-0.015528442338109016,0.01149662584066391,0.7694413065910339,1.5122792720794678,0.23521530628204346,0.011391650885343552,0.8703633546829224,1.5350875854492188,-0.005259858909994364,0.028697144240140915,0.7823139429092407,1.5584397315979004,0.23508469760417938,0.01860869862139225,0.7873305082321167,1.5264549255371094,-0.13623690605163574,0.01404033973813057,0.724553644657135,1.561084270477295,0.09943440556526184,0.010826272889971733
0.7386042475700378,0.5574535131454468,-0.03820350021123886,0.9999003410339355,0.7482823133468628,0.5315488576889038,-0.058535050600767136,0.9998993873596191,0.753720760345459,0.5274713039398193,-0.05861657112836838,0.9999135732650757,0.7597595453262329,0.5233079195022583,-0.05858475714921951,0.9999266266822815,0.7388235330581665,0.5381702780723572,-0.012423493899405003,0.999894380569458,0.7374876141548157,0.53895503282547,-0.012418081983923912,0.9998531937599182,0.7358838319778442,0.5397568941116333,-0.012540439143776894,0.9998753070831299,0.7897452712059021,0.5186153054237366,-0.09688935428857803,0.9999485611915588,0.7554812431335449,0.5395551323890686,0.12547029554843903,0.9999189972877502,0.754726767539978,0.5716830492019653,-0.04226299375295639,0.9997355341911316,0.7437616586685181,0.5790707468986511,0.02270597591996193,0.9995010495185852,0.8362582325935364,0.603529691696167,-0.22722263634204865,0.9988822937011719,0.7665025591850281,0.6504057049751282,0.3102298378944397,0.9977524876594543,0.673816442489624,0.5365139245986938,-0.35978686809539795,0.9959486126899719,0.6878846883773804,0.6518194675445557,0.4541458189487457,0.7572025060653687,0.5350174307823181,0.5250343084335327,-0.120610810816288,0.949572741985321,0.5709712505340576,0.5991559624671936,0.47213998436927795,0.5273987054824829,0.4992033839225769,0.5107898712158203,-0.15208211541175842,0.8591439127922058,0.5858531594276428,0.5872023105621338,0.4737749695777893,0.43523889780044556,0.5224336981773376,0.52232426404953,-0.12167215347290039,0.8591606020927429,0.585538923740387,0.5949636697769165,0.4531513750553131,0.4671144485473633,0.5373040437698364,0.5336195826530457,-0.1081833615899086,0.8626092672348022,0.572795569896698,0.6018615365028381,0.45242565870285034,0.49622687697410583,0.8598753809928894,1.008971929550171,-0.14212355017662048,0.9631597399711609,0.811534583568573,0.9824556112289429,0.1425807923078537,0.9660428762435913,0.8384864926338196,1.2352267503738403,-0.15811297297477722,0.10346412658691406,0.7751433253288269,1.2607365846633911,0.20581822097301483,0.08326554298400879,0.8580895662307739,1.4899382591247559,-0.003731514560058713,0.01065575610846281,0.7774866819381714,1.5167995691299438,0.2736097574234009,0.010608091950416565,0.8801067471504211,1.5375823974609375,0.00596053758636117,0.026699693873524666,0.7906271815299988,1.5609110593795776,0.27549687027931213,0.01727566495537758,0.8034483790397644,1.5342470407485962,-0.12820079922676086,0.013129428960382938,0.7410905361175537,1.5688725709915161,0.13068553805351257,0.010158300399780273
0.7386136054992676,0.5574581623077393,-0.041285887360572815,0.9998999834060669,0.7482857704162598,0.5315914154052734,-0.06225910782814026,0.9998990297317505,0.753722071647644,0.5275543332099915,-0.06233688071370125,0.9999129772186279,0.7597631216049194,0.5234172344207764,-0.062334705144166946,0.9999260902404785,0.7388395071029663,0.538153886795044,-0.016197580844163895,0.9998940229415894,0.7375181913375854,0.5389003753662109,-0.016169968992471695,0.9998524785041809,0.7359642386436462,0.5396490097045898,-0.016300873830914497,0.9998747706413269,0.7896934151649475,0.5187433362007141,-0.09593363851308823,0.9999483227729797,0.7556173205375671,0.5394042730331421,0.12491913884878159,0.9999194145202637,0.7547277808189392,0.5717875957489014,-0.044746384024620056,0.9997316002845764,0.7437812089920044,0.5790690779685974,0.018459582701325417,0.999497652053833,0.8364015817642212,0.6037909984588623,-0.22219601273536682,0.998835563659668,0.7665024995803833,0.6502707600593567,0.3038432002067566,0.9976770281791687,0.6736793518066406,0.534260094165802,-0.3434017300605774,0.9957248568534851,0.6898375749588013,0.651789128780365,0.44003748893737793,0.7459570169448853,0.5337440967559814,0.525091290473938,-0.09923119843006134,0.9480893015861511,0.5696707963943481,0.597373366355896,0.45808547735214233,0.5182527303695679,0.4971984326839447,0.5108674168586731,-0.12840424478054047,0.8574342131614685,0.5881913900375366,0.5858091711997986,0.45901089906692505,0.42961275577545166,0.5205245614051819,0.5224469304084778,-0.09787264466285706,0.8577142357826233,0.5881721377372742,0.5932741761207581,0.4390289783477783,0.4617052674293518,0.5355797410011292,0.533697247505188,-0.08646618574857712,0.8613311052322388,0.5719820261001587,0.6006782054901123,0.43932580947875977,0.4899337887763977,0.8599638938903809,1.0091745853424072,-0.13961856067180634,0.9627049565315247,0.8119089007377625,0.9784461259841919,0.14005103707313538,0.9652785658836365,0.839379608631134,1.2334058284759521,-0.15485939383506775,0.10207418352365494,0.7757068276405334,1.2602473497390747,0.19617649912834167,0.08091618120670319,0.8576043248176575,1.4895254373550415,0.0021314993500709534,0.01029469445347786,0.7774372696876526,1.5166876316070557,0.2412937879562378,0.010204597376286983,0.8795244097709656,1.5372111797332764,0.013041602447628975,0.025977136567234993,0.7901380658149719,1.5603210926055908,0.24127927422523499,0.016571946442127228,0.8015227317810059,1.5298410654067993,-0.11139895021915436,0.012810342945158482,0.7374009490013123,1.5650070905685425,0.10840831696987152,0.009885167703032494
0.7382470369338989,0.5577199459075928,-0.03985394909977913,0.9999038577079773,0.748070478439331,0.5317009687423706,-0.06124422699213028,0.9999023079872131,0.7535756826400757,0.5276551842689514,-0.06131591275334358,0.9999158382415771,0.759671688079834,0.5235105752944946,-0.061339110136032104,0.99992835521698,0.7384739518165588,0.5382124781608582,-0.015301096253097057,0.9998981356620789,0.7371566295623779,0.538934588432312,-0.015263470821082592,0.9998582601547241,0.7356464862823486,0.5396724343299866,-0.015398089773952961,0.9998796582221985,0.7894872426986694,0.5187628865242004,-0.08976034075021744,0.999950110912323,0.7554120421409607,0.5394050478935242,0.1262834370136261,0.9999233484268188,0.7544228434562683,0.5724993348121643,-0.04234272986650467,0.9997405409812927,0.7433947324752808,0.5795892477035522,0.01959611102938652,0.9995181560516357,0.8359367251396179,0.6040984392166138,-0.2161349356174469,0.998841404914856,0.7666120529174805,0.6516557335853577,0.3075028359889984,0.9977148175239563,0.6739532351493835,0.5617086887359619,-0.34151405096054077,0.9956426620483398,0.6812349557876587,0.6524218916893005,0.4469425678253174,0.7381433248519897,0.5333849191665649,0.5249210596084595,-0.10401473194360733,0.9478246569633484,0.5685495138168335,0.6044510006904602,0.46615320444107056,0.5110233426094055,0.4970771372318268,0.5104261636734009,-0.1335178017616272,0.8575999140739441,0.5812630653381348,0.5935307145118713,0.468961238861084,0.42503461241722107,0.5201224088668823,0.5219153165817261,-0.1028943881392479,0.8579378724098206,0.5805529356002808,0.6006936430931091,0.4468325078487396,0.4572423994541168,0.5349288582801819,0.5334966778755188,-0.09132907539606094,0.861490786075592,0.5782426595687866,0.6090857982635498,0.4469565749168396,0.48535048961639404,0.8595043420791626,1.012832522392273,-0.1394030898809433,0.9619029760360718,0.8118892908096313,0.9805858135223389,0.1398124247789383,0.964521050453186,0.8346110582351685,1.2314622402191162,-0.14411799609661102,0.10767751932144165,0.774905800819397,1.25953209400177,0.19411353766918182,0.08235446363687515,0.8457009196281433,1.4889874458312988,0.01939493976533413,0.010918959975242615,0.7690209746360779,1.5161635875701904,0.23624730110168457,0.01056587602943182,0.8679219484329224,1.5373647212982178,0.03161296993494034,0.02758294716477394,0.7812073230743408,1.5617005825042725,0.2361728399991989,0.016990743577480316,0.781582772731781,1.526123285293579,-0.08212662488222122,0.013544314540922642,0.7182000875473022,1.5636168718338013,0.10689804702997208,0.010383755899965763
0.7377793192863464,0.5587655305862427,-0.04165765643119812,0.9999066591262817,0.7475162744522095,0.5321014523506165,-0.06305218487977982,0.9999046325683594,0.7531000375747681,0.5279878377914429,-0.06312517821788788,0.9999178647994995,0.7592177391052246,0.5238010287284851,-0.06315311789512634,0.9999299645423889,0.7377077341079712,0.5386856198310852,-0.017050717025995255,0.9999011754989624,0.7363150715827942,0.5394435524940491,-0.017009083181619644,0.9998623728752136,0.7347781658172607,0.5402703881263733,-0.017146365717053413,0.9998829960823059,0.7888493537902832,0.5189880132675171,-0.09004039317369461,0.9999511241912842,0.7541691660881042,0.5402573943138123,0.1259530484676361,0.9999257326126099,0.7540274262428284,0.5738441348075867,-0.044183455407619476,0.9997425675392151,0.7428633570671082,0.5809494256973267,0.017648326233029366,0.999527096748352,0.8360258936882019,0.6044567227363586,-0.21723535656929016,0.9988170266151428,0.7665672898292542,0.6523371934890747,0.3086271286010742,0.9976552724838257,0.6752899289131165,0.5726930499076843,-0.35371458530426025,0.9954657554626465,0.6746112108230591,0.653589129447937,0.44705384969711304,0.7289826273918152,0.5328351259231567,0.5253130793571472,-0.15010103583335876,0.9481289982795715,0.5683461427688599,0.6096572875976562,0.4622660279273987,0.5051258206367493,0.4969896376132965,0.5105572938919067,-0.18395930528640747,0.8600392937660217,0.5783096551895142,0.5998945236206055,0.4657191336154938,0.4222172200679779,0.5197259783744812,0.5220076441764832,-0.15060625970363617,0.8605961799621582,0.5778700113296509,0.607695460319519,0.44394832849502563,0.45516273379325867,0.5341522693634033,0.5335677862167358,-0.13722144067287445,0.8634933829307556,0.5812240839004517,0.6162796020507812,0.44300174713134766,0.48251551389694214,0.8602965474128723,1.0130811929702759,-0.1392907351255417,0.9587439298629761,0.8122943639755249,0.9808139801025391,0.1397009789943695,0.9614347219467163,0.8356395959854126,1.2310999631881714,-0.14872875809669495,0.11019153147935867,0.7749038338661194,1.259223461151123,0.18709973990917206,0.0825970321893692,0.847171425819397,1.489163875579834,0.007784103509038687,0.011082926765084267,0.7699828743934631,1.5168226957321167,0.2180698662996292,0.010652217082679272,0.8692156672477722,1.5385040044784546,0.018878508359193802,0.02794424071907997,0.7821296453475952,1.5630866289138794,0.21646921336650848,0.016968144103884697,0.7844401001930237,1.5258772373199463,-0.10407358407974243,0.014050466008484364,0.7200324535369873,1.5627871751785278,0.08173255622386932,0.010693192481994629
0.7369679808616638,0.5590761303901672,-0.04555434361100197,0.9999094009399414,0.7467032074928284,0.5322328805923462,-0.06598898768424988,0.9999070167541504,0.7524504661560059,0.5280643105506897,-0.06606517732143402,0.999920129776001,0.7586367726325989,0.523850679397583,-0.06609798222780228,0.999931812286377,0.7363859415054321,0.5389738082885742,-0.020877806469798088,0.999904215335846,0.7347843050956726,0.539807915687561,-0.02081812545657158,0.9998664855957031,0.7330799698829651,0.5407353639602661,-0.020942240953445435,0.9998862147331238,0.787990927696228,0.5190975069999695,-0.09046871215105057,0.9999525547027588,0.7520142197608948,0.5409413576126099,0.12374643981456757,0.9999284148216248,0.7534026503562927,0.5740142464637756,-0.045862700790166855,0.9997466206550598,0.7416612505912781,0.5813042521476746,0.014582040719687939,0.9995379447937012,0.8357222676277161,0.6048069000244141,-0.21736133098602295,0.9988080263137817,0.7659300565719604,0.6523762941360474,0.30809420347213745,0.9976094365119934,0.6786373257637024,0.5753999352455139,-0.35032570362091064,0.9952389597892761,0.6763653755187988,0.6557184457778931,0.457542359828949,0.7197880148887634,0.5330182313919067,0.5256901979446411,-0.13078033924102783,0.9473093152046204,0.5661888718605042,0.6094868183135986,0.49089542031288147,0.49564623832702637,0.4973601698875427,0.5106284022331238,-0.1602172553539276,0.8597953915596008,0.5780406594276428,0.5996838808059692,0.4977731704711914,0.4165540635585785,0.5201267004013062,0.5221240520477295,-0.12702040374279022,0.860615074634552,0.5776475667953491,0.6074387431144714,0.479229599237442,0.45013362169265747,0.5344134569168091,0.5337785482406616,-0.11759426444768906,0.8632921576499939,0.5844300985336304,0.61590576171875,0.47302618622779846,0.47699204087257385,0.8603984117507935,1.0131826400756836,-0.13842296600341797,0.9569358825683594,0.8123381733894348,0.9799667000770569,0.13887831568717957,0.9595600366592407,0.8363395929336548,1.2310903072357178,-0.14562861621379852,0.10832234472036362,0.7749226093292236,1.2592653036117554,0.18361248075962067,0.08068851381540298,0.8481249809265137,1.4891539812088013,0.010059773921966553,0.010671856813132763,0.7706711292266846,1.5165483951568604,0.21611745655536652,0.010279503650963306,0.8700218200683594,1.5385501384735107,0.021370384842157364,0.02694571577012539,0.7826823592185974,1.5628398656845093,0.2149791419506073,0.016253789886832237,0.7862213850021362,1.5261958837509155,-0.1001330241560936,0.013697397895157337,0.7216018438339233,1.5620861053466797,0.08071014285087585,0.0104517238214612
0.7364643216133118,0.5592879056930542,-0.048855118453502655,0.999911904335022,0.7462353706359863,0.5323363542556763,-0.06855820119380951,0.9999093413352966,0.7520772814750671,0.5281303524971008,-0.0686328262090683,0.9999222755432129,0.7583226561546326,0.5238984823226929,-0.06866846978664398,0.9999336004257202,0.7356233596801758,0.5391867160797119,-0.02417408674955368,0.9999070167541504,0.7339159250259399,0.5400684475898743,-0.02410302497446537,0.9998703002929688,0.732131838798523,0.541061282157898,-0.024219324812293053,0.9998891949653625,0.7875343561172485,0.5192113518714905,-0.09077908843755722,0.9999539256095886,0.7508317232131958,0.5414480566978455,0.12122832238674164,0.9999308586120605,0.7530134916305542,0.5741295218467712,-0.04767114669084549,0.9997501969337463,0.7409090995788574,0.5815758109092712,0.011576961725950241,0.9995476603507996,0.8355849385261536,0.6051580905914307,-0.21683534979820251,0.998801052570343,0.7653892636299133,0.6523815393447876,0.3079013228416443,0.9975656270980835,0.682717502117157,0.5810739994049072,-0.34672072529792786,0.9950504899024963,0.677850604057312,0.6569557189941406,0.46186894178390503,0.7115086317062378,0.5335548520088196,0.5261005759239197,-0.11880715936422348,0.9467491507530212,0.5651739835739136,0.6092665791511536,0.503795862197876,0.48678943514823914,0.49807682633399963,0.5108173489570618,-0.14679443836212158,0.8600121140480042,0.5788518786430359,0.599505603313446,0.5111979842185974,0.4111587107181549,0.520803689956665,0.522236704826355,-0.1147976666688919,0.8610737323760986,0.5787267684936523,0.6071465015411377,0.4945356249809265,0.4451768398284912,0.534991979598999,0.5339532494544983,-0.10585365444421768,0.8635269999504089,0.5892211198806763,0.6155053377151489,0.48679298162460327,0.47151774168014526,0.8604449033737183,1.0132269859313965,-0.1375230848789215,0.9552796483039856,0.8123191595077515,0.9794353246688843,0.13802045583724976,0.9577338695526123,0.8368269205093384,1.231113076210022,-0.14396899938583374,0.1059786006808281,0.7748724222183228,1.2592452764511108,0.18198594450950623,0.07850553095340729,0.8487856984138489,1.4891480207443237,0.010370842181146145,0.010231174528598785,0.7711195945739746,1.5162676572799683,0.21509619057178497,0.009866127744317055,0.8706192970275879,1.5385651588439941,0.021708492189645767,0.025894755497574806,0.7830532193183899,1.56254243850708,0.21412023901939392,0.015495807863771915,0.7873367071151733,1.526489496231079,-0.09941573441028595,0.013288565911352634,0.7225970029830933,1.5615969896316528,0.08029061555862427,0.010151314549148083
0.7362269759178162,0.559269905090332,-0.03834499791264534,0.999916136264801,0.7460130453109741,0.532247006893158,-0.06006394699215889,0.99991375207901,0.7518053650856018,0.528056800365448,-0.06014717370271683,0.9999259114265442,0.7579929232597351,0.5238518118858337,-0.06018591672182083,0.9999368786811829,0.7354665398597717,0.5390898585319519,-0.012974811717867851,0.9999118447303772,0.7337645292282104,0.5399748086929321,-0.012917782180011272,0.9998767375946045,0.7319777011871338,0.5409918427467346,-0.01305009238421917,0.9998948574066162,0.7870910167694092,0.5192384123802185,-0.08793400973081589,0.9999563694000244,0.7506063580513,0.5414924621582031,0.13096077740192413,0.9999346733093262,0.7525843977928162,0.5741928219795227,-0.04147877171635628,0.9997615814208984,0.7405092716217041,0.5816497802734375,0.02083771489560604,0.9995697140693665,0.8348149061203003,0.6055572628974915,-0.21673481166362762,0.9988358020782471,0.7661586999893188,0.6526329517364502,0.31981879472732544,0.9976376295089722,0.6831334233283997,0.5787104368209839,-0.3431282639503479,0.9950355887413025,0.6882009506225586,0.6619412899017334,0.4931264817714691,0.7021957635879517,0.5332878828048706,0.526124119758606,-0.09420435130596161,0.9470281600952148,0.5660539865493774,0.6156614422798157,0.5456708669662476,0.4783268868923187,0.497749000787735,0.5107342004776001,-0.12118615955114365,0.8610100150108337,0.5800555944442749,0.6056094765663147,0.5564519166946411,0.40567928552627563,0.520328164100647,0.5222348570823669,-0.08849087357521057,0.8621957898139954,0.5797637104988098,0.6128585934638977,0.5365117192268372,0.44008734822273254,0.5346366167068481,0.5339977741241455,-0.08047108352184296,0.8642525672912598,0.5915682315826416,0.6208524107933044,0.5278493165969849,0.46597397327423096,0.8596089482307434,1.0130525827407837,-0.1374872624874115,0.9559757709503174,0.8122801780700684,0.9792261123657227,0.1379828304052353,0.9581758379936218,0.8364022374153137,1.233033537864685,-0.14519251883029938,0.10499853640794754,0.7749027609825134,1.2610942125320435,0.18224436044692993,0.07657808810472488,0.849199116230011,1.4924290180206299,0.005185025278478861,0.009884457103908062,0.7730421423912048,1.5204766988754272,0.2187385857105255,0.009491783566772938,0.8709565997123718,1.5426527261734009,0.016221152618527412,0.02516239881515503,0.7851390838623047,1.567184567451477,0.21805953979492188,0.014847839251160622,0.7879776358604431,1.5292259454727173,-0.10597212612628937,0.01300468947738409,0.7256909608840942,1.5650652647018433,0.08445779234170914,0.009890543296933174
0.7362502813339233,0.5599946975708008,-0.04002026841044426,0.9999155402183533,0.7460135221481323,0.5325361490249634,-0.06154758855700493,0.9999139904975891,0.7518010139465332,0.5283397436141968,-0.06162959337234497,0.9999260306358337,0.7579888105392456,0.5241170525550842,-0.061665136367082596,0.9999374151229858,0.7354519963264465,0.5395370125770569,-0.014691755175590515,0.9999122023582458,0.7337093353271484,0.5405359864234924,-0.014634017832577229,0.9998764991760254,0.7318549752235413,0.5417236685752869,-0.01476731151342392,0.9998951554298401,0.7868443131446838,0.5197026133537292,-0.08832817524671555,0.9999567270278931,0.7500327229499817,0.542724609375,0.12974894046783447,0.9999343752861023,0.7525734305381775,0.574946939945221,-0.0425507016479969,0.9997624754905701,0.7404687404632568,0.5828873515129089,0.01940334215760231,0.9995695352554321,0.8356772661209106,0.6056225895881653,-0.21887795627117157,0.9988625049591064,0.7647531628608704,0.6526508331298828,0.31760913133621216,0.997688353061676,0.6863153576850891,0.577583909034729,-0.35270875692367554,0.9951969385147095,0.6876841187477112,0.6626986861228943,0.48327916860580444,0.7078559398651123,0.5343374013900757,0.5260255336761475,-0.10728881508111954,0.9472030401229858,0.5671269297599792,0.616073489189148,0.5249372720718384,0.4768202304840088,0.4984716773033142,0.5111745595932007,-0.13419535756111145,0.8594682216644287,0.580011248588562,0.6078023910522461,0.5327609181404114,0.40367376804351807,0.521460771560669,0.5232865214347839,-0.10148735344409943,0.8602241277694702,0.5798957943916321,0.6135495901107788,0.5142920613288879,0.43798670172691345,0.5362122058868408,0.5346075296401978,-0.09350891411304474,0.8628371953964233,0.5907972455024719,0.6209182739257812,0.5073830485343933,0.46441975235939026,0.8600412607192993,1.013002872467041,-0.13637933135032654,0.9591377377510071,0.8100247383117676,0.9793074131011963,0.13695362210273743,0.9611049890518188,0.8471835851669312,1.2514383792877197,-0.13559457659721375,0.10107716172933578,0.7750351428985596,1.276570200920105,0.20768451690673828,0.07352133095264435,0.8635924458503723,1.506569504737854,0.005103448871523142,0.009245950728654861,0.7848578691482544,1.5300651788711548,0.2796343266963959,0.008858340792357922,0.8841409683227539,1.5530478954315186,0.014752328395843506,0.023648977279663086,0.7962185740470886,1.5722804069519043,0.28182253241539,0.013865919783711433,0.8119152188301086,1.550667405128479,-0.1271706223487854,0.012155872769653797,0.7535759210586548,1.5835119485855103,0.13213106989860535,0.009211566299200058
0.7362631559371948,0.5602976679801941,-0.018324585631489754,0.9999186992645264,0.7460043430328369,0.5326627492904663,-0.04055152088403702,0.9999175667762756,0.7517679929733276,0.5284505486488342,-0.040633827447891235,0.9999289512634277,0.7579343914985657,0.5241958498954773,-0.04068524390459061,0.9999399185180664,0.7354546785354614,0.5397087335586548,0.0055848173797130585,0.9999160170555115,0.7337090969085693,0.5407358407974243,0.005641210824251175,0.9998819828033447,0.7318534851074219,0.541962742805481,0.005500106606632471,0.9999001026153564,0.786359429359436,0.5198758840560913,-0.07352442294359207,0.9999584555625916,0.7497914433479309,0.5432662963867188,0.1407633274793625,0.999937891960144,0.7524900436401367,0.5752073526382446,-0.02347118780016899,0.9997719526290894,0.7404173612594604,0.5831931829452515,0.03785146772861481,0.9995875358581543,0.8352766036987305,0.6055378317832947,-0.20338356494903564,0.9989065527915955,0.7647127509117126,0.6541687846183777,0.32083478569984436,0.9977603554725647,0.6862468123435974,0.5767078399658203,-0.33981746435165405,0.9952428340911865,0.6820294260978699,0.663345217704773,0.4853072762489319,0.7099689841270447,0.5282884240150452,0.5247514843940735,-0.11042757332324982,0.9489469528198242,0.5636325478553772,0.6197049617767334,0.5311001539230347,0.48404815793037415,0.4903484284877777,0.5089436173439026,-0.13767583668231964,0.8639249205589294,0.5742825269699097,0.6109288334846497,0.5411822199821472,0.41021326184272766,0.5127986669540405,0.5199995040893555,-0.10205672681331635,0.8644257187843323,0.5734333395957947,0.6161882281303406,0.5204896926879883,0.4439913332462311,0.528048038482666,0.5319226384162903,-0.09528947621583939,0.8665565252304077,0.5572585463523865,0.6212959289550781,0.5138145685195923,0.46984797716140747,0.8586002588272095,1.0128397941589355,-0.13508208096027374,0.9618022441864014,0.8073548078536987,1.0128490924835205,0.13554218411445618,0.9634580016136169,0.8432706594467163,1.2428065538406372,-0.135068878531456,0.10839279741048813,0.7750667333602905,1.275217056274414,0.20296385884284973,0.07658957690000534,0.861274242401123,1.5050568580627441,0.017362482845783234,0.009647535160183907,0.7821649312973022,1.5283218622207642,0.2591457962989807,0.00910384114831686,0.882725715637207,1.552235722541809,0.02906743623316288,0.02447756752371788,0.7944871187210083,1.571305513381958,0.2597772181034088,0.013915058225393295,0.8065205812454224,1.5410186052322388,-0.09649281948804855,0.012517654336988926,0.7431238889694214,1.583011269569397,0.11888887733221054,0.009346195496618748
0.7367477416992188,0.5601629614830017,-0.01518947072327137,0.9999147057533264,0.7464036345481873,0.5324757099151611,-0.03766370192170143,0.9999151825904846,0.7520970106124878,0.5282872319221497,-0.037775635719299316,0.9999264478683472,0.758286714553833,0.5240437984466553,-0.03787945955991745,0.9999381899833679,0.7358137965202332,0.5394663214683533,0.00827521737664938,0.9999136924743652,0.7339879274368286,0.5404825806617737,0.008317099884152412,0.9998782277107239,0.7320661544799805,0.5417089462280273,0.008139925077557564,0.999897301197052,0.7863211035728455,0.5198842883110046,-0.07014719396829605,0.9999574422836304,0.7498224377632141,0.5432354807853699,0.14244621992111206,0.9999366998672485,0.7525585889816284,0.5751869082450867,-0.020623259246349335,0.9997673034667969,0.7404844164848328,0.5831308960914612,0.040242645889520645,0.9995787739753723,0.8338789939880371,0.6054125428199768,-0.20023009181022644,0.9989100694656372,0.7647402882575989,0.6529914140701294,0.3206559121608734,0.997791588306427,0.6863036155700684,0.5760880708694458,-0.3139684498310089,0.9952437281608582,0.6907268762588501,0.6656590700149536,0.4918326437473297,0.7119287252426147,0.531507134437561,0.5247210264205933,-0.047915589064359665,0.9484867453575134,0.5653485655784607,0.6196661591529846,0.5425559878349304,0.4894202649593353,0.49343419075012207,0.509394109249115,-0.06821881979703903,0.8622405529022217,0.574420154094696,0.6161129474639893,0.5540128946304321,0.4139325022697449,0.5160281658172607,0.5200880765914917,-0.03738020360469818,0.8624566793441772,0.5736175775527954,0.6202133893966675,0.5325363874435425,0.44709670543670654,0.5315045118331909,0.5320262312889099,-0.03311268240213394,0.8650543689727783,0.5600496530532837,0.6256658434867859,0.5256327390670776,0.4730522334575653,0.8553533554077148,1.0017938613891602,-0.13267742097377777,0.9646649956703186,0.8087833523750305,0.9954901933670044,0.13294830918312073,0.96622633934021,0.846087634563446,1.2421048879623413,-0.12664879858493805,0.11145809292793274,0.7790359854698181,1.2731260061264038,0.19895590841770172,0.0795559287071228,0.8647518157958984,1.5035682916641235,0.02220924198627472,0.009523813612759113,0.787804901599884,1.5272341966629028,0.2474312037229538,0.009158700704574585,0.8857406377792358,1.5517783164978027,0.03365345671772957,0.024264244362711906,0.7997207641601562,1.5706032514572144,0.2483377903699875,0.013867106288671494,0.8111844062805176,1.5394169092178345,-0.08763423562049866,0.01211018580943346,0.7490671873092651,1.5793709754943848,0.11471875756978989,0.009124520234763622
0.7371373176574707,0.5610803365707397,-0.007470720447599888,0.9999123811721802,0.7467740774154663,0.5336183309555054,-0.03284105658531189,0.9999122619628906,0.7522536516189575,0.5296589732170105,-0.03292599692940712,0.9999234080314636,0.758312463760376,0.5254682898521423,-0.032983943819999695,0.9999353885650635,0.7369089126586914,0.539901852607727,0.014060026034712791,0.9999112486839294,0.7353581786155701,0.5407075881958008,0.014095855876803398,0.9998745322227478,0.7336732149124146,0.5417760610580444,0.014005733653903008,0.9998952746391296,0.7859047055244446,0.5204269289970398,-0.07183986157178879,0.999955952167511,0.7515231966972351,0.5429868102073669,0.14293774962425232,0.9999377131462097,0.7525274157524109,0.5763589143753052,-0.014444266445934772,0.9997619986534119,0.7409560680389404,0.5833472013473511,0.04781566932797432,0.9995807409286499,0.8270038366317749,0.6054054498672485,-0.20260289311408997,0.9989278316497803,0.7724931836128235,0.6472825407981873,0.3287432789802551,0.9978826642036438,0.6664685010910034,0.5436266660690308,-0.3222741186618805,0.9951761960983276,0.6948504447937012,0.6472275257110596,0.4860447943210602,0.7141554951667786,0.5316027402877808,0.530032753944397,-0.10900171846151352,0.948645830154419,0.5658573508262634,0.6102985739707947,0.48340073227882385,0.49935874342918396,0.49568623304367065,0.5123816728591919,-0.14593109488487244,0.8641555309295654,0.5767210721969604,0.5992855429649353,0.4936964511871338,0.4232591986656189,0.5177258253097534,0.5229949355125427,-0.10701151937246323,0.8642822504043579,0.5740157961845398,0.6049216389656067,0.46327123045921326,0.4561328589916229,0.532058596611023,0.5359100103378296,-0.09416110813617706,0.86625736951828,0.5519242286682129,0.6204958558082581,0.4623870849609375,0.4809202253818512,0.8521422147750854,1.005318284034729,-0.14130088686943054,0.9598267674446106,0.8145363926887512,1.014331579208374,0.14142510294914246,0.9620229601860046,0.8342116475105286,1.1823912858963013,-0.14360816776752472,0.12074516713619232,0.7840814590454102,1.2093058824539185,0.20634281635284424,0.08295498043298721,0.8409786224365234,1.445690631866455,0.025869276374578476,0.011336320079863071,0.7858465909957886,1.4669442176818848,0.2640884518623352,0.009924040175974369,0.8613788485527039,1.498918890953064,0.03948339447379112,0.02953176572918892,0.7983370423316956,1.51654851436615,0.2665559947490692,0.016798172146081924,0.7798742055892944,1.4695754051208496,-0.04766266420483589,0.014236532151699066,0.7259681224822998,1.5026333332061768,0.17091792821884155,0.010232544504106045
0.7383741140365601,0.5611687898635864,-0.029980555176734924,0.9999155402183533,0.7484440803527832,0.5336531400680542,-0.049358587712049484,0.999914824962616,0.7541242837905884,0.5296720862388611,-0.04944572597742081,0.9999256134033203,0.760518491268158,0.5254682898521423,-0.04955209791660309,0.9999369978904724,0.7380884289741516,0.5399447083473206,-0.006649834103882313,0.9999144673347473,0.7363232970237732,0.5407450795173645,-0.006575906183570623,0.9998788237571716,0.734429121017456,0.5418070554733276,-0.006645997054874897,0.9998986721038818,0.78675377368927,0.5204262733459473,-0.07300639897584915,0.9999573826789856,0.7519897222518921,0.5429761409759521,0.13563676178455353,0.9999405741691589,0.753526508808136,0.5765048265457153,-0.02557702735066414,0.999768853187561,0.7416650056838989,0.583409309387207,0.031310100108385086,0.9995980262756348,0.8272753953933716,0.6054428219795227,-0.19884702563285828,0.9989483952522278,0.7722417116165161,0.6449315547943115,0.32631605863571167,0.9979586601257324,0.674791693687439,0.5591882467269897,-0.32161247730255127,0.9951732754707336,0.6943499445915222,0.6460670828819275,0.46172818541526794,0.7134155035018921,0.5367999076843262,0.5303560495376587,-0.10902152210474014,0.9483419060707092,0.5968471765518188,0.6103638410568237,0.4615432620048523,0.5004235506057739,0.5038782358169556,0.5127204656600952,-0.14518041908740997,0.8638335466384888,0.5811861157417297,0.5936990976333618,0.4662310481071472,0.4247661828994751,0.5252877473831177,0.5230403542518616,-0.10787057876586914,0.8640584349632263,0.5792111158370972,0.599905252456665,0.4407072961330414,0.4573177397251129,0.5384871363639832,0.5361122488975525,-0.09444078058004379,0.8659597039222717,0.5842939615249634,0.6128895282745361,0.4414454400539398,0.4818822145462036,0.852186381816864,1.0026097297668457,-0.13913282752037048,0.9581526517868042,0.8162013292312622,0.9979501366615295,0.13926319777965546,0.9606150984764099,0.8345845341682434,1.1935484409332275,-0.13823629915714264,0.12893368303775787,0.7869149446487427,1.2213051319122314,0.1929263323545456,0.08787517249584198,0.8413788676261902,1.4546719789505005,0.02489689365029335,0.012539228424429893,0.7857279181480408,1.4786245822906494,0.22636011242866516,0.010756582953035831,0.8621944189071655,1.506696343421936,0.03832308575510979,0.033246174454689026,0.7981866598129272,1.527114748954773,0.22636158764362335,0.018900191411376,0.7775937914848328,1.484483003616333,-0.060191333293914795,0.0153404101729393,0.7229140996932983,1.5176799297332764,0.13125066459178925,0.011035461910068989
0.7385246753692627,0.5612558126449585,-0.03342372179031372,0.9999195337295532,0.7486873865127563,0.533708393573761,-0.051972098648548126,0.999918520450592,0.7543811202049255,0.5296894907951355,-0.0520467683672905,0.9999287724494934,0.76084303855896,0.5254669785499573,-0.052145443856716156,0.9999395608901978,0.7381993532180786,0.5401319265365601,-0.008741305209696293,0.9999184608459473,0.7364124059677124,0.5409820079803467,-0.008675489574670792,0.9998840093612671,0.7344953417778015,0.5421046614646912,-0.008723409846425056,0.9999027848243713,0.7870632410049438,0.5203217267990112,-0.07294102758169174,0.9999593496322632,0.7519941329956055,0.5431200861930847,0.1357879489660263,0.9999435544013977,0.753707766532898,0.5765230655670166,-0.026459261775016785,0.9997756481170654,0.7417799234390259,0.5835984349250793,0.03027668036520481,0.9996139407157898,0.8274731636047363,0.605449914932251,-0.19887298345565796,0.9989457726478577,0.7722005844116211,0.6451342105865479,0.3296107351779938,0.9979664087295532,0.6754292845726013,0.5687328577041626,-0.31367209553718567,0.9949465990066528,0.6940661668777466,0.6443635821342468,0.46410560607910156,0.6993128061294556,0.5437784194946289,0.5303002595901489,-0.0771629735827446,0.9463030099868774,0.6079214811325073,0.6103540062904358,0.47015970945358276,0.48923248052597046,0.5142555236816406,0.5126625299453735,-0.1070639044046402,0.8614768385887146,0.5867094993591309,0.5912047624588013,0.4752197861671448,0.41858768463134766,0.5355047583580017,0.5230627059936523,-0.07676611095666885,0.8624916076660156,0.5859680771827698,0.5981219410896301,0.45158156752586365,0.45205995440483093,0.5477160215377808,0.5362040996551514,-0.06512614339590073,0.8641318678855896,0.5973880290985107,0.6096779704093933,0.450467586517334,0.47541511058807373,0.8524050712585449,1.0040781497955322,-0.14014017581939697,0.9421788454055786,0.8171645402908325,0.9883124828338623,0.14035524427890778,0.9456657767295837,0.8309391736984253,1.1841773986816406,-0.1498074233531952,0.12838788330554962,0.7867343425750732,1.2080055475234985,0.19204391539096832,0.0867510735988617,0.8381638526916504,1.4476819038391113,0.01083509810268879,0.012613248080015182,0.7801102995872498,1.4678072929382324,0.22304296493530273,0.010574021376669407,0.8602443933486938,1.501787543296814,0.023938875645399094,0.03405965492129326,0.7929258346557617,1.5181299448013306,0.2227919101715088,0.018979663029313087,0.7703693509101868,1.4768805503845215,-0.06733445078134537,0.015828734263777733,0.7130192518234253,1.5069100856781006,0.12757016718387604,0.01121591217815876
0.7395585775375366,0.5610055923461914,-0.09927968680858612,0.9999228119850159,0.7503533959388733,0.5336540341377258,-0.1123291477560997,0.9999209642410278,0.7569354772567749,0.5295862555503845,-0.11242391169071198,0.9999313354492188,0.7644373178482056,0.5253214836120605,-0.11251753568649292,0.9999411702156067,0.7385489344596863,0.5401350855827332,-0.07142700254917145,0.9999212026596069,0.7365379333496094,0.5409980416297913,-0.07135027647018433,0.9998880624771118,0.7345167994499207,0.5421434044837952,-0.07139812409877777,0.999904990196228,0.7899941802024841,0.5203257203102112,-0.10079328715801239,0.9999606609344482,0.7519921660423279,0.5431824922561646,0.09120316058397293,0.999945342540741,0.7563125491142273,0.5763525366783142,-0.0867861658334732,0.9997780919075012,0.7423270344734192,0.583586573600769,-0.03201695904135704,0.9996205568313599,0.8302733302116394,0.607939600944519,-0.21546518802642822,0.9988813400268555,0.7727015614509583,0.6452943682670593,0.28543928265571594,0.9978302717208862,0.6790735721588135,0.5840515494346619,-0.34176307916641235,0.9946882724761963,0.6873849630355835,0.6391200423240662,0.3877183794975281,0.6846285462379456,0.542392373085022,0.5307905673980713,-0.14093011617660522,0.9440931081771851,0.6002355813980103,0.595919668674469,0.36697179079055786,0.4713994860649109,0.5133582353591919,0.5124063491821289,-0.17703047394752502,0.8578271865844727,0.5815671682357788,0.5665848255157471,0.3637862205505371,0.40504011511802673,0.5343958735466003,0.5226397514343262,-0.14534693956375122,0.8592185378074646,0.5815118551254272,0.5756186842918396,0.3414430022239685,0.4383229613304138,0.5475507974624634,0.5362057089805603,-0.13002100586891174,0.8614343404769897,0.592609167098999,0.5878944993019104,0.3460754156112671,0.46201661229133606,0.8557602763175964,1.0122125148773193,-0.13395485281944275,0.9366408586502075,0.8188022375106812,0.9881018996238708,0.13431641459465027,0.9399698972702026,0.8331397175788879,1.1919589042663574,-0.12814724445343018,0.12285195291042328,0.7862827777862549,1.2091172933578491,0.19038119912147522,0.08275588601827621,0.8394530415534973,1.4509745836257935,0.042214300483465195,0.01211710274219513,0.7768887281417847,1.4747538566589355,0.22532932460308075,0.010191584005951881,0.8614522218704224,1.5046073198318481,0.05586322396993637,0.03324194252490997,0.7889936566352844,1.5235106945037842,0.22518007457256317,0.018514323979616165,0.7721663117408752,1.4828919172286987,-0.041610874235630035,0.015322049148380756,0.71360844373703,1.5156524181365967,0.12685391306877136,0.01101016253232956
0.740675151348114,0.5609596371650696,-0.09217342734336853,0.9999270439147949,0.7515371441841125,0.5336655378341675,-0.10433827340602875,0.9999248385429382,0.7584511637687683,0.5295853018760681,-0.10441537946462631,0.9999348521232605,0.7661855816841125,0.5253130793571472,-0.10450234264135361,0.9999440312385559,0.7390435934066772,0.5402743220329285,-0.06385669112205505,0.9999252557754517,0.7368231415748596,0.541225254535675,-0.0637851431965828,0.9998934268951416,0.734670877456665,0.5424599051475525,-0.06383158266544342,0.9999089241027832,0.7910175323486328,0.5204142332077026,-0.09834945946931839,0.9999626874923706,0.7519989013671875,0.5436135530471802,0.09625668823719025,0.9999479651451111,0.7581501007080078,0.5762538909912109,-0.08084067702293396,0.9997860193252563,0.7433375716209412,0.5836519002914429,-0.026680374518036842,0.9996353983879089,0.8304638862609863,0.6087804436683655,-0.20948526263237,0.9988772869110107,0.7749716639518738,0.6461009383201599,0.2900109589099884,0.997779905796051,0.681733250617981,0.5892853140830994,-0.32023224234580994,0.9945985078811646,0.6878587007522583,0.6417379379272461,0.4141875207424164,0.6677455902099609,0.5513822436332703,0.5295942425727844,-0.0923905223608017,0.9428637027740479,0.6082395911216736,0.5964301228523254,0.4183855950832367,0.4551790654659271,0.5232923030853271,0.5094325542449951,-0.12015225738286972,0.8564013838768005,0.5889531373977661,0.5720447897911072,0.42065373063087463,0.39332425594329834,0.5451451539993286,0.5198827385902405,-0.09340645372867584,0.8583927750587463,0.5886276960372925,0.5804704427719116,0.3976719081401825,0.4264562726020813,0.5570920705795288,0.5345327854156494,-0.08282895386219025,0.8609110713005066,0.6011868715286255,0.5917018055915833,0.3985998034477234,0.44972553849220276,0.8573451042175293,1.0129252672195435,-0.13237498700618744,0.9267565608024597,0.8206416964530945,0.9873335957527161,0.13276498019695282,0.9293938875198364,0.833239734172821,1.1932430267333984,-0.12957295775413513,0.1198895126581192,0.7868107557296753,1.214148759841919,0.1879623830318451,0.08000985532999039,0.8404245376586914,1.449739694595337,0.037764083594083786,0.011792343109846115,0.7770877480506897,1.4708201885223389,0.22356612980365753,0.009847759269177914,0.8623855710029602,1.5018445253372192,0.05050577595829964,0.032736439257860184,0.7892282605171204,1.5202189683914185,0.2239835262298584,0.018128741532564163,0.7737151980400085,1.483472228050232,-0.04732540249824524,0.015112748369574547,0.7149695754051208,1.5110034942626953,0.1252964735031128,0.010891229845583439
0.7406530976295471,0.5623093247413635,-0.06922443211078644,0.9999309778213501,0.7516157627105713,0.5353105664253235,-0.07807071506977081,0.9999284148216248,0.7585689425468445,0.5312422513961792,-0.07816516607999802,0.9999382495880127,0.7663816213607788,0.5270373225212097,-0.07829372584819794,0.9999468922615051,0.7390396595001221,0.5423039197921753,-0.041200682520866394,0.9999284744262695,0.7367754578590393,0.5435341596603394,-0.04115579277276993,0.9998976588249207,0.7345430850982666,0.5450308918952942,-0.04112466052174568,0.9999116659164429,0.791581928730011,0.5224459171295166,-0.06945963203907013,0.9999644160270691,0.7518492341041565,0.5461646318435669,0.11035625636577606,0.9999496340751648,0.7580478191375732,0.5785762667655945,-0.05605260282754898,0.9997928738594055,0.7433338761329651,0.585920512676239,-0.0068894303403794765,0.9996480345726013,0.8310648202896118,0.6095027923583984,-0.18392914533615112,0.9988967180252075,0.7759865522384644,0.6489560604095459,0.2954202890396118,0.9976965188980103,0.6853240728378296,0.5942298173904419,-0.27897709608078003,0.9943544864654541,0.687957763671875,0.6511164903640747,0.43049001693725586,0.6446627378463745,0.5671802163124084,0.5307871699333191,-0.04105348512530327,0.9406062364578247,0.6164253950119019,0.5975583791732788,0.46368303894996643,0.4356277287006378,0.542208194732666,0.5102837681770325,-0.06299293786287308,0.8545048236846924,0.6000715494155884,0.573736310005188,0.4675309658050537,0.379337877035141,0.5616980195045471,0.5199313163757324,-0.04200601205229759,0.857323408126831,0.6009029150009155,0.5809409022331238,0.45505291223526,0.4122481942176819,0.571910560131073,0.5348398089408875,-0.0320405587553978,0.8595831394195557,0.6122726798057556,0.5925432443618774,0.4484688341617584,0.43465855717658997,0.8582644462585449,1.0147267580032349,-0.13225306570529938,0.9056218266487122,0.8179261088371277,1.0157915353775024,0.1326448768377304,0.9067788124084473,0.8333133459091187,1.1630271673202515,-0.1373700499534607,0.11926876753568649,0.7899001240730286,1.1878350973129272,0.1805819422006607,0.07822061330080032,0.8402081727981567,1.415784478187561,0.023886224254965782,0.01226110104471445,0.7775534391403198,1.4367011785507202,0.2138940840959549,0.009951709769666195,0.8622885942459106,1.4692330360412598,0.037741128355264664,0.03521399572491646,0.7896651029586792,1.4873335361480713,0.21488802134990692,0.019367573782801628,0.7733933329582214,1.4458088874816895,-0.04711535945534706,0.016060790047049522,0.7131851315498352,1.476080060005188,0.12793301045894623,0.011533999815583229
0.7406342029571533,0.5629289150238037,-0.08294063806533813,0.9999337792396545,0.7517067193984985,0.5365415215492249,-0.093671053647995,0.999930739402771,0.7587192058563232,0.5325492024421692,-0.09376374632120132,0.9999408721923828,0.7666774392127991,0.5285020470619202,-0.09387575834989548,0.999949038028717,0.7390080690383911,0.543657124042511,-0.05641288682818413,0.999930739402771,0.7366460561752319,0.5450229644775391,-0.05631917715072632,0.9999009370803833,0.7342652082443237,0.5466547012329102,-0.05641670897603035,0.9999135136604309,0.7924112677574158,0.5244706273078918,-0.07462652027606964,0.9999659061431885,0.7513471841812134,0.547996461391449,0.09900135546922684,0.9999504089355469,0.7580289244651794,0.5797207355499268,-0.07100897282361984,0.9997987151145935,0.7433299422264099,0.5868746042251587,-0.020953748375177383,0.999656081199646,0.8319581151008606,0.6106282472610474,-0.18842682242393494,0.9988917112350464,0.7751131057739258,0.6506196856498718,0.2809738218784332,0.9975188970565796,0.6885250210762024,0.5987330079078674,-0.2921300232410431,0.994250476360321,0.672146737575531,0.6529010534286499,0.4113958775997162,0.6434222459793091,0.5657654404640198,0.5317098498344421,-0.060238778591156006,0.9383341073989868,0.6183655858039856,0.5894820690155029,0.45251163840293884,0.413703590631485,0.5382499098777771,0.5123488903045654,-0.0874050110578537,0.8484238982200623,0.604617714881897,0.5588425993919373,0.45083966851234436,0.3592833876609802,0.5597068667411804,0.5217847228050232,-0.058332253247499466,0.8514280915260315,0.6069567799568176,0.5698298811912537,0.4500209391117096,0.39063429832458496,0.5707489848136902,0.5363619327545166,-0.047785766422748566,0.8542062044143677,0.617510974407196,0.5813998579978943,0.44030386209487915,0.4131869971752167,0.8646483421325684,1.0182687044143677,-0.12224060297012329,0.9092556238174438,0.8178234100341797,1.0112016201019287,0.12277831137180328,0.9097556471824646,0.8430250883102417,1.2419813871383667,-0.11496976763010025,0.11874546855688095,0.7894347906112671,1.2630101442337036,0.17166303098201752,0.0782245472073555,0.8562859296798706,1.4908074140548706,0.018036819994449615,0.011954018846154213,0.7873928546905518,1.5141352415084839,0.19482485949993134,0.009724139235913754,0.879184901714325,1.5404051542282104,0.027028579264879227,0.03433101996779442,0.7989944815635681,1.5604419708251953,0.19329078495502472,0.018619505688548088,0.7929950952529907,1.5318639278411865,-0.09529107809066772,0.015463409014046192,0.744632363319397,1.561353087425232,0.06380882859230042,0.011127959005534649
0.7397220730781555,0.5640698075294495,-0.07986603677272797,0.9999364614486694,0.7508536577224731,0.5388873219490051,-0.09080391377210617,0.9999334216117859,0.7578579783439636,0.5350275039672852,-0.09088034927845001,0.9999436140060425,0.7658688426017761,0.5311691761016846,-0.09098412096500397,0.9999512434005737,0.7379978895187378,0.5455958843231201,-0.052906475961208344,0.9999330043792725,0.735689103603363,0.5468088388442993,-0.0529034361243248,0.9999040961265564,0.7333773970603943,0.5482747554779053,-0.05299975350499153,0.9999154806137085,0.7924116849899292,0.5261043310165405,-0.08262953162193298,0.9999675154685974,0.7512564063072205,0.5484052896499634,0.10199560225009918,0.9999512434005737,0.7575050592422485,0.581821084022522,-0.069436214864254,0.9998034238815308,0.7430714964866638,0.5877997279167175,-0.01865759678184986,0.9996607303619385,0.832286536693573,0.6131913065910339,-0.19260959327220917,0.9987977743148804,0.7753679156303406,0.6505686640739441,0.2807610332965851,0.9969852566719055,0.67205810546875,0.5798494815826416,-0.29938554763793945,0.9936301112174988,0.665972113609314,0.6521176695823669,0.3732547163963318,0.6250472664833069,0.5622681379318237,0.5348333120346069,-0.0670754462480545,0.9328505396842957,0.6141437888145447,0.583912193775177,0.339791864156723,0.39280879497528076,0.535487711429596,0.5133457183837891,-0.09424776583909988,0.8407531976699829,0.5927019119262695,0.5515527725219727,0.3314589858055115,0.34365594387054443,0.5575588941574097,0.5232405066490173,-0.06818021833896637,0.844382643699646,0.5955432653427124,0.5617679953575134,0.3156149685382843,0.37501564621925354,0.5676906108856201,0.5384238362312317,-0.05639109015464783,0.8481367826461792,0.6113635897636414,0.5735258460044861,0.32012099027633667,0.397688090801239,0.8643174171447754,1.022995114326477,-0.12199155241250992,0.9043837189674377,0.8070284128189087,1.0338985919952393,0.12261869013309479,0.9017940163612366,0.8387786149978638,1.2535518407821655,-0.11712054908275604,0.11851006001234055,0.7753245234489441,1.276953101158142,0.16718658804893494,0.07530377060174942,0.8472932577133179,1.5066921710968018,-0.0024981084279716015,0.011657784692943096,0.7803050875663757,1.5323983430862427,0.17697152495384216,0.009251442737877369,0.8701645135879517,1.5597273111343384,0.004457981325685978,0.03378082811832428,0.792916476726532,1.5807682275772095,0.1733972728252411,0.01767287589609623,0.77674800157547,1.541934609413147,-0.11840430647134781,0.015132961794734001,0.7379329800605774,1.5771137475967407,0.042779192328453064,0.010708837769925594
0.7379234433174133,0.5658610463142395,-0.07818318158388138,0.9999386072158813,0.7492659687995911,0.5410006046295166,-0.0889243334531784,0.999935507774353,0.7563302516937256,0.5372530221939087,-0.08898765593767166,0.9999458193778992,0.7643033266067505,0.5336158871650696,-0.08907211571931839,0.999953031539917,0.7362989187240601,0.5473512411117554,-0.049719423055648804,0.9999347925186157,0.7340462803840637,0.5484168529510498,-0.04975900426506996,0.9999065399169922,0.7318207621574402,0.5497587323188782,-0.04985262453556061,0.9999169111251831,0.7923635840415955,0.527508020401001,-0.08518624305725098,0.9999688863754272,0.7505290508270264,0.5491120219230652,0.10279567539691925,0.9999518990516663,0.7563364505767822,0.5846448540687561,-0.0684872716665268,0.9998070597648621,0.7421762347221375,0.5896509885787964,-0.015960440039634705,0.9996649622917175,0.8325610160827637,0.6160653829574585,-0.1931343376636505,0.9987401962280273,0.7759028077125549,0.651150107383728,0.28225260972976685,0.9965549111366272,0.6790681481361389,0.6134729385375977,-0.30074092745780945,0.9930464029312134,0.6633802652359009,0.6580953598022461,0.384784072637558,0.6042823195457458,0.5603431463241577,0.5393021106719971,-0.06361402571201324,0.9282621145248413,0.6133039593696594,0.5847618579864502,0.37229102849960327,0.3695947527885437,0.5328887701034546,0.5161964893341064,-0.08884226530790329,0.8342748880386353,0.5956709384918213,0.5519360303878784,0.36684003472328186,0.32518458366394043,0.555088996887207,0.5252909064292908,-0.06426163017749786,0.8384522795677185,0.5978212952613831,0.5620664954185486,0.3542187809944153,0.35563528537750244,0.565460205078125,0.5409861207008362,-0.05332128331065178,0.8426156044006348,0.6102082133293152,0.5740430951118469,0.3544308543205261,0.3779348134994507,0.8640414476394653,1.0282927751541138,-0.12198414653539658,0.9023598432540894,0.8047995567321777,1.0437370538711548,0.12262529134750366,0.8973187804222107,0.8387452960014343,1.254560947418213,-0.11543111503124237,0.12131140381097794,0.7756122350692749,1.278438687324524,0.16863051056861877,0.07458470016717911,0.8468610048294067,1.507637619972229,-0.0008479586103931069,0.011693339794874191,0.780308187007904,1.5316842794418335,0.18224342167377472,0.009013829752802849,0.8698137402534485,1.56007719039917,0.006365799345076084,0.03408493846654892,0.7929117679595947,1.5800437927246094,0.17949876189231873,0.017244914546608925,0.7759796380996704,1.5439056158065796,-0.10855916887521744,0.015061424113810062,0.735846996307373,1.5754097700119019,0.056909531354904175,0.010460718534886837
0.7362944483757019,0.5696563720703125,-0.057382725179195404,0.9999427199363708,0.7473278045654297,0.5446192026138306,-0.07724496722221375,0.9999395608901978,0.7542638182640076,0.5411497354507446,-0.07733774185180664,0.9999493956565857,0.761838436126709,0.5377596020698547,-0.0774097740650177,0.9999560713768005,0.7347555160522461,0.5500436425209045,-0.034516774117946625,0.99993896484375,0.7326070070266724,0.5508369207382202,-0.03443041816353798,0.9999127984046936,0.7305260896682739,0.5518686175346375,-0.03452891856431961,0.9999223947525024,0.7922129034996033,0.530258297920227,-0.0863528922200203,0.9999708533287048,0.7501817941665649,0.5499695539474487,0.10439524799585342,0.9999551177024841,0.7549983859062195,0.5880530476570129,-0.05700870603322983,0.9998177886009216,0.7415432929992676,0.5922664403915405,-0.0003009889624081552,0.9996846318244934,0.8320517539978027,0.6217864155769348,-0.19647930562496185,0.9987307786941528,0.7811921238899231,0.6547935605049133,0.2847226858139038,0.9964640736579895,0.6744655966758728,0.6351484656333923,-0.3024951219558716,0.9924224019050598,0.6642376184463501,0.6695026755332947,0.3975289762020111,0.5797251462936401,0.5350942015647888,0.5398721098899841,-0.07633377611637115,0.9269278049468994,0.6107801795005798,0.5902699828147888,0.39605003595352173,0.34653449058532715,0.5071538686752319,0.51487135887146,-0.10723449289798737,0.833900511264801,0.5951603055000305,0.5557043552398682,0.394001305103302,0.30695053935050964,0.5305427312850952,0.523970365524292,-0.07417669892311096,0.8381701111793518,0.5971663594245911,0.5653229355812073,0.3783552050590515,0.33652836084365845,0.5407711267471313,0.5407916903495789,-0.0634179636836052,0.8420092463493347,0.6092878580093384,0.5763939619064331,0.3778136670589447,0.3583884537220001,0.8622978329658508,1.0368160009384155,-0.12254271656274796,0.9018587470054626,0.8040671348571777,1.0519522428512573,0.12318947166204453,0.895305871963501,0.826027512550354,1.270107626914978,-0.09928212314844131,0.12123685330152512,0.7714372277259827,1.2896863222122192,0.16624191403388977,0.07181914895772934,0.8288073539733887,1.5287266969680786,0.048189468681812286,0.011406815610826015,0.7654427289962769,1.5508248805999756,0.18959850072860718,0.008654238656163216,0.8520767092704773,1.5835537910461426,0.05779947713017464,0.03322610259056091,0.7764389514923096,1.600517749786377,0.18767833709716797,0.0164262093603611,0.7547799348831177,1.5563472509384155,-0.0567256435751915,0.014640463516116142,0.7188220620155334,1.5921967029571533,0.06157197430729866,0.010142767801880836
0.7353662252426147,0.5708710551261902,-0.07528798282146454,0.9999459385871887,0.7464584708213806,0.5453630685806274,-0.09605833888053894,0.9999428391456604,0.7534742951393127,0.5419474840164185,-0.09615050256252289,0.9999524354934692,0.7610909938812256,0.5386106371879578,-0.09616796672344208,0.9999584555625916,0.7335777878761292,0.5506719350814819,-0.050092168152332306,0.9999423623085022,0.7312847375869751,0.5514295101165771,-0.04995798319578171,0.9999180436134338,0.7290794849395752,0.5523779988288879,-0.05006006360054016,0.9999265670776367,0.7920886278152466,0.5314521193504333,-0.1092635989189148,0.9999725222587585,0.7483453154563904,0.5502662658691406,0.10022946447134018,0.9999575614929199,0.7541958689689636,0.5886155962944031,-0.07438910752534866,0.9998233318328857,0.7405499815940857,0.593169093132019,-0.013406571932137012,0.9996935129165649,0.8310645222663879,0.6260150074958801,-0.22856013476848602,0.9986100792884827,0.7831223011016846,0.6573808789253235,0.28624987602233887,0.9960907101631165,0.6715258359909058,0.6513769626617432,-0.34229931235313416,0.9916914105415344,0.6658827066421509,0.6806646585464478,0.3779623210430145,0.5635278224945068,0.5224804878234863,0.5425527691841125,-0.1251719743013382,0.9271447062492371,0.6095350384712219,0.5878763198852539,0.34150439500808716,0.3312970697879791,0.4931933283805847,0.515430212020874,-0.16295504570007324,0.8359127044677734,0.593944251537323,0.549864649772644,0.3334582448005676,0.29584914445877075,0.5168370604515076,0.5239733457565308,-0.13117608428001404,0.8403211832046509,0.5942907333374023,0.5575643181800842,0.3130500018596649,0.32538899779319763,0.5282227993011475,0.5408731698989868,-0.11304698139429092,0.8440709710121155,0.6061698198318481,0.5704325437545776,0.31995704770088196,0.3470337390899658,0.8609433174133301,1.039485216140747,-0.12866392731666565,0.8913910388946533,0.8013656735420227,1.052894949913025,0.1296827793121338,0.8830252289772034,0.8212089538574219,1.2716201543807983,-0.12002340704202652,0.11752854287624359,0.7606633305549622,1.288469672203064,0.18761438131332397,0.06842921674251556,0.8303152322769165,1.5356574058532715,0.022757532075047493,0.010808903723955154,0.7666217088699341,1.5542789697647095,0.23277103900909424,0.008111116476356983,0.853821873664856,1.5904552936553955,0.029174307361245155,0.031458739191293716,0.7782183885574341,1.6016327142715454,0.2314719408750534,0.015339016914367676,0.759620726108551,1.5652505159378052,-0.10540950298309326,0.01386614702641964,0.7212887406349182,1.6054991483688354,0.08833420276641846,0.00955340638756752
0.7357605695724487,0.5724086165428162,-0.1832125037908554,0.9999494552612305,0.7464925050735474,0.5463970303535461,-0.19609075784683228,0.999947190284729,0.7539282441139221,0.543122410774231,-0.19621089100837708,0.9999560117721558,0.7629598379135132,0.5397709608078003,-0.19633115828037262,0.9999617338180542,0.7325536012649536,0.5520877242088318,-0.153273805975914,0.9999465346336365,0.7286750674247742,0.5534268617630005,-0.15286144614219666,0.9999232292175293,0.7244690656661987,0.5549768805503845,-0.15297898650169373,0.999930202960968,0.7924997806549072,0.5370776653289795,-0.15247489511966705,0.99997478723526,0.7321861386299133,0.5554425120353699,0.04282037541270256,0.9999582171440125,0.7549172639846802,0.5905681848526001,-0.16261130571365356,0.9998378157615662,0.739662766456604,0.5968106389045715,-0.10754083096981049,0.9997152090072632,0.8325836062431335,0.6413047909736633,-0.26966583728790283,0.9987280964851379,0.7667285203933716,0.6618863344192505,0.2447061836719513,0.9962992668151855,0.7466906309127808,0.7921472191810608,-0.41898149251937866,0.991435706615448,0.6923058032989502,0.8054608106613159,0.06563548743724823,0.5435449481010437,0.6585537195205688,0.6348000764846802,-0.291934072971344,0.9324268698692322,0.6635524034500122,0.6933498978614807,-0.29073479771614075,0.3199213743209839,0.626534640789032,0.6065769195556641,-0.3218343257904053,0.848131000995636,0.6633418798446655,0.7024465799331665,-0.3342137932777405,0.28560394048690796,0.6318128705024719,0.5908281803131104,-0.29850348830223083,0.852279007434845,0.672458291053772,0.6931414008140564,-0.3094061017036438,0.31270045042037964,0.6437555551528931,0.599471390247345,-0.2789033055305481,0.855100691318512,0.6834801435470581,0.7004996538162231,-0.3019421100616455,0.33661413192749023,0.8676450848579407,1.0385905504226685,-0.1309814751148224,0.8749125003814697,0.7841448783874512,1.0471165180206299,0.13263319432735443,0.861515462398529,0.8449200391769409,1.3112053871154785,-0.15154461562633514,0.10764121264219284,0.7570152878761292,1.3146119117736816,0.2558327913284302,0.06260263919830322,0.8501526117324829,1.5777243375778198,-0.03435856103897095,0.0097671402618289,0.7668870687484741,1.5802656412124634,0.3510134816169739,0.007322659250348806,0.8697646260261536,1.6238887310028076,-0.03423674404621124,0.028358163312077522,0.7792681455612183,1.6212916374206543,0.35408297181129456,0.01384717132896185,0.793189525604248,1.6307482719421387,-0.23683133721351624,0.012514780275523663,0.7452351450920105,1.648026704788208,0.17609289288520813,0.008627060800790787
0.736190676689148,0.5743554830551147,-0.231228306889534,0.9999421834945679,0.7465037107467651,0.5488309860229492,-0.23080244660377502,0.9999425411224365,0.7540660500526428,0.545642077922821,-0.23089230060577393,0.9999523162841797,0.7634946703910828,0.5423069000244141,-0.23101718723773956,0.9999594688415527,0.7320013046264648,0.5552403330802917,-0.1974518597126007,0.9999381899833679,0.7274432182312012,0.5571887493133545,-0.19716887176036835,0.9999075531959534,0.7226834893226624,0.5592714548110962,-0.19734548032283783,0.9999076724052429,0.7924802899360657,0.5424246191978455,-0.14465537667274475,0.9999735355377197,0.7285664677619934,0.5614446401596069,0.012131399475038052,0.9999282360076904,0.7566589713096619,0.5925062894821167,-0.1951027363538742,0.9998300671577454,0.7396711111068726,0.6002130508422852,-0.15224285423755646,0.9996781945228577,0.8355356454849243,0.6514596939086914,-0.25678130984306335,0.998807966709137,0.7597295045852661,0.6717841029167175,0.2026739865541458,0.9961286187171936,0.787456750869751,0.8236409425735474,-0.4211789071559906,0.9911283850669861,0.6911320686340332,0.7996709942817688,0.023173941299319267,0.5326147675514221,0.6898609399795532,0.6696635484695435,-0.38132691383361816,0.9370754361152649,0.6826575398445129,0.6754295825958252,-0.27765634655952454,0.3165137767791748,0.661683201789856,0.6378626227378845,-0.4158742427825928,0.8590835928916931,0.6680372953414917,0.6569241285324097,-0.32008010149002075,0.28145208954811096,0.6615056991577148,0.6194714903831482,-0.39261454343795776,0.8629987835884094,0.6792133450508118,0.6519882678985596,-0.2859496474266052,0.3060266375541687,0.6720092296600342,0.628755509853363,-0.3706529140472412,0.8646097183227539,0.6859011650085449,0.6603698134422302,-0.28427261114120483,0.33193185925483704,0.8699952960014343,1.0376031398773193,-0.12804940342903137,0.856087863445282,0.7794716358184814,1.0432240962982178,0.12987925112247467,0.8371276259422302,0.8551243543624878,1.3071036338806152,-0.15293936431407928,0.10069534927606583,0.7578334808349609,1.3108583688735962,0.2212214469909668,0.05819391459226608,0.8604171872138977,1.5722490549087524,-0.044195372611284256,0.0088990842923522,0.769416093826294,1.5774385929107666,0.3136824071407318,0.00665232352912426,0.878399670124054,1.616101622581482,-0.04399307072162628,0.025656219571828842,0.779967188835144,1.6182740926742554,0.30617547035217285,0.012557066045701504,0.810904860496521,1.632249355316162,-0.25028860569000244,0.011353373527526855,0.7532183527946472,1.6465479135513306,0.06389103829860687,0.007822482846677303
0.7361420392990112,0.5783329010009766,-0.2898350656032562,0.999941885471344,0.7462138533592224,0.5536451935768127,-0.2908872067928314,0.9999428987503052,0.7539123296737671,0.5503695607185364,-0.29103705286979675,0.9999523758888245,0.7634855508804321,0.5467749834060669,-0.29115596413612366,0.9999600648880005,0.7307345867156982,0.5607795715332031,-0.2531377077102661,0.9999367594718933,0.7258881330490112,0.5631693005561829,-0.2527482509613037,0.9999037981033325,0.7210822105407715,0.5654060244560242,-0.2528422772884369,0.9999005198478699,0.792457103729248,0.5481016039848328,-0.19340664148330688,0.9999743103981018,0.7274419665336609,0.5696753263473511,-0.01820768415927887,0.9999181032180786,0.7578165531158447,0.596643328666687,-0.25205522775650024,0.999841034412384,0.7396707534790039,0.6060256361961365,-0.20285752415657043,0.9996895790100098,0.8429781794548035,0.6621052026748657,-0.2760116755962372,0.9988865852355957,0.7573081254959106,0.6833844780921936,0.17830079793930054,0.9963438510894775,0.8278244733810425,0.8701491951942444,-0.4455071985721588,0.9896929264068604,0.6909806728363037,0.8264601826667786,-0.0676453560590744,0.5439805388450623,0.7140357494354248,0.6863194704055786,-0.38178005814552307,0.9422398805618286,0.6969929933547974,0.6770182251930237,-0.5083443522453308,0.34518125653266907,0.6855493783950806,0.6507244110107422,-0.4144893288612366,0.8705258965492249,0.6779207587242126,0.6480359435081482,-0.5666649341583252,0.3023492693901062,0.6857196092605591,0.6335456371307373,-0.38885408639907837,0.8740900158882141,0.6899017095565796,0.6428377628326416,-0.5357113480567932,0.3244493305683136,0.6957600712776184,0.6448005437850952,-0.3691442012786865,0.8754273056983948,0.6967469453811646,0.6516053080558777,-0.5194060206413269,0.3547162413597107,0.878015398979187,1.0403038263320923,-0.12757724523544312,0.8151147961616516,0.7796458005905151,1.0455992221832275,0.12950125336647034,0.7968498468399048,0.8728600740432739,1.3233659267425537,-0.13545319437980652,0.09100542962551117,0.7595517635345459,1.329742193222046,0.24316485226154327,0.05263260379433632,0.8825697898864746,1.5869808197021484,0.038756247609853745,0.00802620779722929,0.7769025564193726,1.5948065519332886,0.39695674180984497,0.005993021186441183,0.9007344245910645,1.625563383102417,0.04177529737353325,0.02311316318809986,0.7841110229492188,1.631279468536377,0.4042896330356598,0.011318998411297798,0.8355914354324341,1.6540454626083374,-0.19145216047763824,0.0102274464443326,0.767018735408783,1.6721246242523193,0.17669786512851715,0.0070566763170063496
0.7364298105239868,0.580230176448822,-0.31032317876815796,0.999934732913971,0.7462334036827087,0.5552986860275269,-0.3103101849555969,0.9999361038208008,0.7539650797843933,0.5518150925636292,-0.3104785978794098,0.9999467730522156,0.7636843919754028,0.5480859279632568,-0.31058233976364136,0.9999558329582214,0.7304996252059937,0.5631338357925415,-0.2732788920402527,0.9999240040779114,0.7255886793136597,0.5657056570053101,-0.2729150354862213,0.9998827576637268,0.7208954691886902,0.5680793523788452,-0.27300235629081726,0.9998684525489807,0.7924418449401855,0.548939049243927,-0.21431651711463928,0.9999718070030212,0.7279579639434814,0.5721454620361328,-0.04169262573122978,0.999880313873291,0.7603305578231812,0.5978091359138489,-0.272337406873703,0.9998475909233093,0.7403458952903748,0.6081464290618896,-0.22390763461589813,0.9996863007545471,0.8530251383781433,0.6631629467010498,-0.269548624753952,0.9989480376243591,0.7507458329200745,0.6873466372489929,0.14258435368537903,0.9965215921401978,0.8570860624313354,0.8748663663864136,-0.4517245292663574,0.988702654838562,0.7013729810714722,0.851837694644928,-0.07464398443698883,0.5497602820396423,0.7445293068885803,0.6943590641021729,-0.46200448274612427,0.947452187538147,0.725185751914978,0.7174192667007446,-0.5403397679328918,0.38555628061294556,0.7140885591506958,0.6602213978767395,-0.49686795473098755,0.8820640444755554,0.7152671217918396,0.7321022748947144,-0.5944576263427734,0.3380754888057709,0.7173486351966858,0.6467810869216919,-0.4656089246273041,0.8852503299713135,0.7121946811676025,0.673406720161438,-0.57523113489151,0.35787805914878845,0.7293953895568848,0.6575056314468384,-0.44684872031211853,0.8863542079925537,0.7216769456863403,0.6999014616012573,-0.5522584915161133,0.3911707103252411,0.8836749196052551,1.0404268503189087,-0.1127820834517479,0.8051769733428955,0.777688205242157,1.0442135334014893,0.11457230895757675,0.7863869071006775,0.8859459757804871,1.3208041191101074,-0.06579269468784332,0.08229668438434601,0.7605893015861511,1.3302619457244873,0.25049087405204773,0.04773768037557602,0.8946040868759155,1.5827851295471191,0.19348260760307312,0.007236267440021038,0.781550943851471,1.593430995941162,0.4635229706764221,0.0054001095704734325,0.9106341600418091,1.6193370819091797,0.2062058001756668,0.02081434614956379,0.7868790626525879,1.6279124021530151,0.4780917167663574,0.01020574290305376,0.8527218699455261,1.6564338207244873,-0.03830384463071823,0.009210136719048023,0.7764641642570496,1.676853895187378,0.24048569798469543,0.006363907363265753
0.7366096377372742,0.5835142135620117,-0.29759007692337036,0.9999167323112488,0.7462593913078308,0.5582504868507385,-0.2946482002735138,0.9999135732650757,0.7540717124938965,0.5543240308761597,-0.29478928446769714,0.9999297857284546,0.763839840888977,0.550413966178894,-0.29475364089012146,0.9999405741691589,0.7302281260490417,0.5683154463768005,-0.25978362560272217,0.9998879432678223,0.7251868844032288,0.5717127919197083,-0.2594682574272156,0.9998359680175781,0.7205861806869507,0.5748390555381775,-0.25964874029159546,0.9998027086257935,0.7922046780586243,0.5522509813308716,-0.19986005127429962,0.9999607801437378,0.727279782295227,0.583014190196991,-0.03501541540026665,0.999819815158844,0.7625540494918823,0.6000809073448181,-0.2612383961677551,0.9998389482498169,0.741179347038269,0.6126918792724609,-0.215478777885437,0.9996430277824402,0.8622493743896484,0.6654708385467529,-0.2562755048274994,0.9989738464355469,0.7441881895065308,0.6973586678504944,0.1310769021511078,0.996665894985199,0.879527747631073,0.8809739351272583,-0.4698217511177063,0.9886196255683899,0.6977797746658325,0.8534492254257202,-0.06066995859146118,0.5749555230140686,0.768274188041687,0.6855237483978271,-0.5696581602096558,0.9523742198944092,0.712114691734314,0.7056176662445068,-0.44131627678871155,0.4380549490451813,0.7390025854110718,0.6527796387672424,-0.6089507341384888,0.8929972052574158,0.702428936958313,0.6891537308692932,-0.4866911768913269,0.38941627740859985,0.7493161559104919,0.638372540473938,-0.5743093490600586,0.8957656621932983,0.7013694047927856,0.6626774072647095,-0.4612785875797272,0.4058757424354553,0.7577430009841919,0.649810254573822,-0.5564104318618774,0.8967002034187317,0.711593508720398,0.6780799031257629,-0.44892558455467224,0.43932977318763733,0.8860633969306946,1.0399274826049805,-0.09380806982517242,0.7976357340812683,0.7745815515518188,1.0428946018218994,0.09557276964187622,0.7780760526657104,0.8888481259346008,1.3115792274475098,-0.07133926451206207,0.07422620058059692,0.7610768675804138,1.322376012802124,0.17925986647605896,0.04314490035176277,0.8958829045295715,1.5708149671554565,0.1549886167049408,0.0065194545313715935,0.7813409566879272,1.5831782817840576,0.38140907883644104,0.004866153001785278,0.9110819697380066,1.6189502477645874,0.16388526558876038,0.018737947568297386,0.7863733768463135,1.6249618530273438,0.38201069831848145,0.00919429399073124,0.8586101531982422,1.6416561603546143,-0.07684487104415894,0.008293678052723408,0.7826615571975708,1.6625521183013916,0.11019305884838104,0.005740125197917223
0.7371107339859009,0.5837975144386292,-0.30671679973602295,0.9998195767402649,0.7470445036888123,0.5586367845535278,-0.3003242015838623,0.9997727870941162,0.7552984356880188,0.5547282099723816,-0.3004312813282013,0.9998270273208618,0.7650416493415833,0.5510709285736084,-0.30046284198760986,0.999842643737793,0.7302723526954651,0.5692377686500549,-0.27334529161453247,0.9996862411499023,0.7252750396728516,0.5728136301040649,-0.27306610345840454,0.9996026754379272,0.720604419708252,0.5762354731559753,-0.27329012751579285,0.9994770288467407,0.7913905382156372,0.5545023083686829,-0.19118857383728027,0.9998881816864014,0.7262248396873474,0.5875290632247925,-0.05801304057240486,0.9995156526565552,0.7643822431564331,0.5995615124702454,-0.2637307643890381,0.9997738003730774,0.7412360906600952,0.6119750738143921,-0.22747154533863068,0.9994621872901917,0.8682840466499329,0.6624819040298462,-0.1970583200454712,0.9989859461784363,0.7290918231010437,0.7018426656723022,0.08209233731031418,0.9968307018280029,0.9061477780342102,0.8729223608970642,-0.454171359539032,0.9887325167655945,0.6964422464370728,0.8563598394393921,-0.14503465592861176,0.6054667830467224,0.7888854742050171,0.6868318915367126,-0.4976378083229065,0.9565116763114929,0.6989389657974243,0.7120130658149719,-0.5189293026924133,0.48276570439338684,0.7559509873390198,0.6506373286247253,-0.523088276386261,0.9016956686973572,0.6950489282608032,0.6811241507530212,-0.5663760304450989,0.4282318949699402,0.7658484578132629,0.6326725482940674,-0.4790290892124176,0.9037418365478516,0.692944347858429,0.6700008511543274,-0.5343656539916992,0.43925485014915466,0.7741404175758362,0.6465685367584229,-0.47912925481796265,0.9046782851219177,0.7015215158462524,0.6803779602050781,-0.5223784446716309,0.4754348695278168,0.8854014277458191,1.007956624031067,-0.06828519701957703,0.7989690899848938,0.7761300802230835,0.9991044998168945,0.06967607885599136,0.77828449010849,0.8974692225456238,1.2962548732757568,-0.0037438205908983946,0.06705711036920547,0.763055682182312,1.310360312461853,0.1823180466890335,0.03912077844142914,0.9023879170417786,1.5416514873504639,0.25100499391555786,0.005894122179597616,0.7820607423782349,1.5547747611999512,0.38480669260025024,0.004407938104122877,0.9144253730773926,1.5721131563186646,0.26394733786582947,0.01687830686569214,0.7863734364509583,1.5822721719741821,0.3975450098514557,0.008313819766044617,0.8746359944343567,1.6377997398376465,0.017671380192041397,0.007480347063392401,0.7945992350578308,1.6613157987594604,0.1476512849330902,0.005207048263400793
0.7332749366760254,0.5912836194038391,-0.3321782946586609,0.9998117685317993,0.7428234815597534,0.5629867315292358,-0.33360588550567627,0.9997588992118835,0.7507754564285278,0.5586821436882019,-0.33364439010620117,0.9998162388801575,0.7595206499099731,0.5548069477081299,-0.33355823159217834,0.9998299479484558,0.7260537147521973,0.5742704272270203,-0.29775604605674744,0.9996635913848877,0.7211413383483887,0.5777168869972229,-0.2974002957344055,0.9995757341384888,0.7165493965148926,0.5810356736183167,-0.29760175943374634,0.9994373321533203,0.7887155413627625,0.5565859079360962,-0.24710313975811005,0.9998801350593567,0.7262680530548096,0.5893752574920654,-0.07656432688236237,0.9994792342185974,0.7624385952949524,0.6054890751838684,-0.29873931407928467,0.9997748732566833,0.7401450872421265,0.6177836656570435,-0.2507645785808563,0.9994531273841858,0.875268280506134,0.6631243824958801,-0.2344970405101776,0.999011754989624,0.7300260663032532,0.7113152146339417,0.0609108991920948,0.9970351457595825,0.9317838549613953,0.8759459853172302,-0.490426629781723,0.986649215221405,0.6944338083267212,0.8567535281181335,-0.18409627676010132,0.6303744316101074,0.8172747492790222,0.6907756328582764,-0.5747952461242676,0.96018385887146,0.6915767788887024,0.6977906823158264,-0.5762064456939697,0.5305778384208679,0.7883588075637817,0.6482354402542114,-0.6044498682022095,0.9093877077102661,0.6892334222793579,0.6715066432952881,-0.6287171244621277,0.47584375739097595,0.796612560749054,0.6294363737106323,-0.5538238286972046,0.9110095500946045,0.6878909468650818,0.6603168845176697,-0.5884349942207336,0.48472362756729126,0.8023781776428223,0.6459167003631592,-0.5546761155128479,0.9117346405982971,0.6954832673072815,0.6715334057807922,-0.5785000920295715,0.5190285444259644,0.8894623517990112,1.0006670951843262,-0.07714705914258957,0.7466407418251038,0.7804659605026245,0.9926974773406982,0.07872913777828217,0.7314754724502563,0.906982421875,1.2956280708312988,-0.01168809924274683,0.06047780439257622,0.7759947180747986,1.3090605735778809,0.20436617732048035,0.03528987616300583,0.9190290570259094,1.5331828594207764,0.23569846153259277,0.0053181117400527,0.7954055070877075,1.5480245351791382,0.43606290221214294,0.00397265562787652,0.932198703289032,1.561686635017395,0.24770887196063995,0.015203031711280346,0.7987776398658752,1.5767518281936646,0.45272383093833923,0.007493590470403433,0.8885902166366577,1.6298089027404785,-0.002842067740857601,0.006741286721080542,0.8054679036140442,1.6605067253112793,0.21121053397655487,0.0047098672948777676
0.7327731847763062,0.601393461227417,-0.36468467116355896,0.9998170733451843,0.7404974699020386,0.5729949474334717,-0.37123411893844604,0.9997653365135193,0.7477849721908569,0.5686768889427185,-0.37124553322792053,0.9998202323913574,0.7558347582817078,0.5640669465065002,-0.37109148502349854,0.9998316168785095,0.724026083946228,0.5842879414558411,-0.32888516783714294,0.9996723532676697,0.7194446325302124,0.5878628492355347,-0.32853466272354126,0.9995860457420349,0.7149322628974915,0.5914255976676941,-0.3287235200405121,0.9994507431983948,0.7887360453605652,0.561052143573761,-0.2976570725440979,0.9998823404312134,0.7266690135002136,0.5972068905830383,-0.09645002335309982,0.9994956254959106,0.7620431184768677,0.6162170767784119,-0.3354821801185608,0.999788224697113,0.7401798963546753,0.6286958456039429,-0.27870023250579834,0.9994795322418213,0.8842403292655945,0.6649453639984131,-0.282809317111969,0.9990412592887878,0.7350161075592041,0.718979001045227,0.05395207554101944,0.9972512722015381,0.9526650309562683,0.8801355957984924,-0.5387860536575317,0.9861097931861877,0.6905900835990906,0.8601191639900208,-0.18013766407966614,0.6596837639808655,0.8373603820800781,0.6818618178367615,-0.6589382886886597,0.9639860391616821,0.6869465112686157,0.6952540874481201,-0.5999333262443542,0.5767606496810913,0.8105120658874512,0.6403979659080505,-0.6994776725769043,0.9177661538124084,0.6828521490097046,0.6664995551109314,-0.6521407961845398,0.5258588194847107,0.8121598958969116,0.623846173286438,-0.6434158682823181,0.9191102385520935,0.6826375722885132,0.6558580994606018,-0.6169606447219849,0.533466100692749,0.8186042904853821,0.6394889950752258,-0.637566089630127,0.9197599291801453,0.6907709836959839,0.6668838262557983,-0.603872537612915,0.5648518204689026,0.8949567675590515,1.0053355693817139,-0.08466796576976776,0.7131032943725586,0.7803984880447388,1.0250582695007324,0.08627991378307343,0.706684947013855,0.9102214574813843,1.3027241230010986,-0.016664719209074974,0.05448243394494057,0.7796318531036377,1.313530445098877,0.2676308751106262,0.0318000391125679,0.9204193353652954,1.5410196781158447,0.25772976875305176,0.004789550788700581,0.7958274483680725,1.5549722909927368,0.5482620000839233,0.0035768612287938595,0.9343368411064148,1.5670032501220703,0.27164143323898315,0.013686709105968475,0.7994703650474548,1.5868102312088013,0.5714775919914246,0.006747343577444553,0.8849937319755554,1.635398507118225,0.010832567699253559,0.006069754716008902,0.8002419471740723,1.6552679538726807,0.3255322277545929,0.0042487760074436665
0.7339550256729126,0.6029318571090698,-0.3967699706554413,0.9998286366462708,0.7407922744750977,0.5743703246116638,-0.3961566090583801,0.9997807741165161,0.7482550740242004,0.5701200366020203,-0.3962322473526001,0.9998318552970886,0.756485104560852,0.5654273629188538,-0.39602965116500854,0.9998411536216736,0.7243534326553345,0.5849208235740662,-0.35631102323532104,0.9996916651725769,0.7194605469703674,0.5884697437286377,-0.35598689317703247,0.9996102452278137,0.714543342590332,0.5920268297195435,-0.3561665713787079,0.999481201171875,0.7909961938858032,0.5637003779411316,-0.29619258642196655,0.9998903870582581,0.726468026638031,0.597910463809967,-0.10438001155853271,0.9995298981666565,0.7625972032546997,0.6208585500717163,-0.35825246572494507,0.9998050928115845,0.7404474020004272,0.6334095597267151,-0.3044428825378418,0.9995161294937134,0.8855641484260559,0.6719659566879272,-0.2760429084300995,0.9990798234939575,0.7367945313453674,0.7252451181411743,0.07165001332759857,0.9974163174629211,0.9689017534255981,0.8833813071250916,-0.5832844972610474,0.986196756362915,0.6895809769630432,0.8696354627609253,-0.08822908997535706,0.6782953143119812,0.8506757616996765,0.6736032366752625,-0.7902757525444031,0.9674339294433594,0.682441234588623,0.7241759896278381,-0.43563517928123474,0.6169856786727905,0.8208622932434082,0.636460542678833,-0.8366677165031433,0.9254570007324219,0.6733521223068237,0.6763054728507996,-0.4736410975456238,0.5685654282569885,0.8201176524162292,0.6196943521499634,-0.7710597515106201,0.9265896081924438,0.6750655770301819,0.6601974964141846,-0.44553762674331665,0.5750453472137451,0.8250712156295776,0.6356312036514282,-0.767616331577301,0.9270816445350647,0.6797188520431519,0.669474720954895,-0.4406520426273346,0.6042678952217102,0.9051156044006348,1.0325233936309814,-0.0868217796087265,0.6514412760734558,0.7795719504356384,1.0455764532089233,0.08922719955444336,0.6477076411247253,0.9102180600166321,1.3255178928375244,-0.035925257951021194,0.04909472167491913,0.7828779220581055,1.331034779548645,0.2120390385389328,0.028679046779870987,0.9202980995178223,1.566963791847229,0.2474077045917511,0.0043167914263904095,0.7975720763206482,1.5809060335159302,0.44652095437049866,0.0032223763410001993,0.9337466359138489,1.5956778526306152,0.26077598333358765,0.012322312220931053,0.8015255928039551,1.61614990234375,0.46285876631736755,0.0060802665539085865,0.8882301449775696,1.657721757888794,-0.01231840718537569,0.005468412768095732,0.8024357557296753,1.67487633228302,0.2519342303276062,0.003849748754873872
0.7348753213882446,0.6049908995628357,-0.370631605386734,0.9998403191566467,0.7412350177764893,0.5751940011978149,-0.37414276599884033,0.999796986579895,0.7488471269607544,0.5706442594528198,-0.3742337226867676,0.999843180179596,0.7571501731872559,0.5657972693443298,-0.3741668164730072,0.9998515248298645,0.7245786190032959,0.5866658091545105,-0.33584076166152954,0.999715268611908,0.7193880081176758,0.5905433893203735,-0.33553406596183777,0.9996392726898193,0.7140209078788757,0.5943002700805664,-0.3357321321964264,0.9995216131210327,0.7927113771438599,0.5647757053375244,-0.28216156363487244,0.9998981952667236,0.7257698178291321,0.5992408990859985,-0.0943189412355423,0.9995704889297485,0.7627257704734802,0.6246882081031799,-0.3341408371925354,0.9998220205307007,0.7410601377487183,0.636420488357544,-0.28169164061546326,0.9995580911636353,0.8835169672966003,0.6735284924507141,-0.26736098527908325,0.9991244673728943,0.7354167103767395,0.7294942140579224,0.0880388468503952,0.9976406693458557,0.9773658514022827,0.8699321746826172,-0.5771299600601196,0.9863116145133972,0.6783275604248047,0.8663685321807861,0.002342115854844451,0.7074068188667297,0.8709936141967773,0.6724327802658081,-0.763137936592102,0.9700889587402344,0.6581393480300903,0.7127777338027954,-0.18200291693210602,0.6539220213890076,0.8462551236152649,0.6255214810371399,-0.8037539720535278,0.930695116519928,0.6568331718444824,0.6720889210700989,-0.19532988965511322,0.6070178747177124,0.8434006571769714,0.609953761100769,-0.7316868305206299,0.9312847256660461,0.6595522165298462,0.6573045253753662,-0.16083182394504547,0.6122849583625793,0.8443549871444702,0.6251525282859802,-0.7373043298721313,0.9315000772476196,0.6642715334892273,0.6670921444892883,-0.17947587370872498,0.6395331621170044,0.90813148021698,1.0406978130340576,-0.11681302636861801,0.609250009059906,0.7796308398246765,1.0565378665924072,0.118812695145607,0.6102341413497925,0.9120949506759644,1.3267865180969238,-0.08485228568315506,0.04461747780442238,0.791704535484314,1.3403431177139282,0.3006061315536499,0.026148194447159767,0.9272100329399109,1.57440185546875,0.17231956124305725,0.003949306905269623,0.8087053298950195,1.592294692993164,0.5595006346702576,0.0029268176294863224,0.9424687623977661,1.6056054830551147,0.18273070454597473,0.011133164167404175,0.8133866190910339,1.627220630645752,0.5815613865852356,0.005545810330659151,0.8930885195732117,1.6622536182403564,-0.0995914489030838,0.004950281698256731,0.8096708059310913,1.683483362197876,0.33661073446273804,0.0035575705114752054
0.7366463541984558,0.6086091995239258,-0.4126312732696533,0.9998539686203003,0.7430240511894226,0.5782283544540405,-0.4090108871459961,0.9998152256011963,0.7506805062294006,0.5738073587417603,-0.40909871459007263,0.9998568296432495,0.7595648169517517,0.5688827633857727,-0.40908488631248474,0.9998645186424255,0.7253127098083496,0.5889273285865784,-0.37141650915145874,0.999740719795227,0.7195987701416016,0.5927038788795471,-0.37103545665740967,0.9996708035469055,0.7142528891563416,0.5963945388793945,-0.3711228668689728,0.9995643496513367,0.7937384843826294,0.5680610537528992,-0.2893097698688507,0.999907374382019,0.7261114716529846,0.601391077041626,-0.10194730758666992,0.9996103644371033,0.7630654573440552,0.6291061043739319,-0.3673385977745056,0.9998389482498169,0.7417556643486023,0.6400972604751587,-0.31500160694122314,0.9995995759963989,0.8929402232170105,0.6889870166778564,-0.2649778127670288,0.9991844296455383,0.7315115928649902,0.7373453378677368,0.09218017011880875,0.9978282451629639,0.9982544183731079,0.8693240284919739,-0.6065903902053833,0.9867303967475891,0.6661084890365601,0.8723185062408447,-0.016933759674429893,0.7346914410591125,0.8922348022460938,0.6718261241912842,-0.7987615466117859,0.9728671312332153,0.6444559097290039,0.710966944694519,-0.25683802366256714,0.6877261400222778,0.8728055953979492,0.6131804585456848,-0.8454772233963013,0.9367403984069824,0.6461893916130066,0.6698825359344482,-0.26734769344329834,0.6431360244750977,0.8648291826248169,0.5997401475906372,-0.7667742371559143,0.937150239944458,0.647665798664093,0.6555434465408325,-0.2133760154247284,0.6477096676826477,0.8642550706863403,0.6165359020233154,-0.7706962823867798,0.9371281266212463,0.6518160104751587,0.6660594344139099,-0.22807128727436066,0.6725202798843384,0.9107028245925903,1.0655465126037598,-0.132806196808815,0.5557531714439392,0.7800947427749634,1.082206130027771,0.13484914600849152,0.5572537183761597,0.9127489328384399,1.3628648519515991,-0.10555616766214371,0.04056504741311073,0.7919255495071411,1.378954529762268,0.338716059923172,0.023874912410974503,0.9277790188789368,1.6187841892242432,0.16199025511741638,0.003636473324149847,0.8083328008651733,1.6390268802642822,0.6332783699035645,0.002647188724949956,0.9428554773330688,1.6540204286575317,0.17167329788208008,0.010074052028357983,0.8133203387260437,1.6754608154296875,0.6585517525672913,0.00504752341657877,0.8926277160644531,1.7054115533828735,-0.13230547308921814,0.004487155470997095,0.8094541430473328,1.7333284616470337,0.38440853357315063,0.003293657908216119
0.748889148235321,0.6117908358573914,-0.40502041578292847,0.9998616576194763,0.7556548118591309,0.5833323001861572,-0.40821728110313416,0.9998196363449097,0.7648844718933105,0.5793682932853699,-0.408212274312973,0.999860405921936,0.7753134369850159,0.574834942817688,-0.4081370234489441,0.9998651146888733,0.7356847524642944,0.5921241044998169,-0.3742949366569519,0.9997481107711792,0.7295915484428406,0.5952833890914917,-0.3741735816001892,0.9996858835220337,0.7242286205291748,0.59843909740448,-0.3742693066596985,0.9995847940444946,0.8039993047714233,0.5730316042900085,-0.3058813214302063,0.9999105334281921,0.7341510057449341,0.6044948697090149,-0.13995328545570374,0.999640166759491,0.7745758295059204,0.6335968375205994,-0.3619851768016815,0.9998517036437988,0.7498219013214111,0.6429391503334045,-0.31568431854248047,0.9996329545974731,0.8993520736694336,0.6864321231842041,-0.25825566053390503,0.9992571473121643,0.7323629260063171,0.7408601641654968,0.053047824651002884,0.9980356097221375,1.0077691078186035,0.8573909401893616,-0.5570104122161865,0.9872639775276184,0.6643590927124023,0.8792335391044617,0.06101357191801071,0.7605628371238708,0.9376338720321655,0.6702959537506104,-0.7542737722396851,0.9754279255867004,0.6254504919052124,0.7214184999465942,-0.0607590451836586,0.718778133392334,0.9196649789810181,0.6064127087593079,-0.7995252013206482,0.9422985315322876,0.6260597109794617,0.6765927076339722,-0.07363353669643402,0.6779194474220276,0.9090784192085266,0.5949946641921997,-0.7386888265609741,0.9424488544464111,0.6319957971572876,0.6604747772216797,-0.04672631993889809,0.6818985939025879,0.9104022979736328,0.6148478388786316,-0.7345499396324158,0.942360520362854,0.6356061100959778,0.674535870552063,-0.05856657028198242,0.7043493390083313,0.9265042543411255,1.062272310256958,-0.1140662282705307,0.5570117235183716,0.7954022288322449,1.0833967924118042,0.11595107614994049,0.5628077387809753,0.9423953294754028,1.3459120988845825,-0.04334525391459465,0.03731812164187431,0.8130110502243042,1.3619167804718018,0.31569865345954895,0.022175466641783714,0.9647001028060913,1.6131192445755005,0.28077611327171326,0.0033107814379036427,0.8384346961975098,1.6222690343856812,0.5357604026794434,0.002412276342511177,0.9783053398132324,1.6423949003219604,0.30182668566703796,0.00913199596107006,0.8432151675224304,1.6661378145217896,0.5579491257667542,0.004658217541873455,0.9408422708511353,1.6804794073104858,0.04990212246775627,0.004054286517202854,0.8510946035385132,1.7056348323822021,0.3094523549079895,0.00303703173995018
0.7557731866836548,0.611518144607544,-0.42207831144332886,0.9998689293861389,0.7640623450279236,0.5827827453613281,-0.42167678475379944,0.9998236298561096,0.7739233374595642,0.578607439994812,-0.4215903878211975,0.9998642206192017,0.7847711443901062,0.5740820169448853,-0.42144307494163513,0.9998654127120972,0.7420825958251953,0.592036247253418,-0.3908187747001648,0.9997534155845642,0.7354865074157715,0.5950987935066223,-0.39068442583084106,0.99969881772995,0.729840874671936,0.5980820059776306,-0.3907308876514435,0.999600350856781,0.8105486035346985,0.5728928446769714,-0.3055320978164673,0.99991375207901,0.738386332988739,0.6042281985282898,-0.15278252959251404,0.999665379524231,0.7815788388252258,0.6321980953216553,-0.3741567134857178,0.99986332654953,0.7549288272857666,0.6419749855995178,-0.33162030577659607,0.9996625185012817,0.9033625721931458,0.6833932399749756,-0.23474392294883728,0.9993231296539307,0.7324703931808472,0.7393748760223389,0.024049486964941025,0.9982211589813232,1.0076677799224854,0.8366960883140564,-0.5313577651977539,0.9877033829689026,0.6624593734741211,0.8791126608848572,-0.015206648036837578,0.7833683490753174,0.947817325592041,0.6686801910400391,-0.7566413879394531,0.977809727191925,0.6228905320167542,0.7231828570365906,-0.16663886606693268,0.7467309236526489,0.9312044978141785,0.6050177216529846,-0.8050088882446289,0.9477263689041138,0.6233234405517578,0.6815551519393921,-0.19409319758415222,0.7094711661338806,0.9199069738388062,0.5947704315185547,-0.7467080354690552,0.9477705359458923,0.6300286054611206,0.6642131805419922,-0.16844750940799713,0.7129684686660767,0.9205948710441589,0.6148346066474915,-0.739005446434021,0.9476662874221802,0.6335456371307373,0.6772916316986084,-0.15612687170505524,0.7332553267478943,0.927943229675293,1.0577419996261597,-0.0867810994386673,0.5414469242095947,0.7980207204818726,1.0768905878067017,0.08861484378576279,0.5498840808868408,0.9439956545829773,1.3417648077011108,0.009221546351909637,0.033934347331523895,0.8118010759353638,1.353927731513977,0.27908462285995483,0.020218973979353905,0.9644942283630371,1.5930625200271606,0.3456507623195648,0.0030122781172394753,0.8378942608833313,1.615682601928711,0.5272707343101501,0.0021834264043718576,0.975987434387207,1.6150877475738525,0.36765217781066895,0.008264143019914627,0.8425084352493286,1.6590476036071777,0.5514935255050659,0.004240772221237421,0.9466339349746704,1.6741431951522827,0.104678213596344,0.0036646120715886354,0.8572373390197754,1.6939196586608887,0.28756090998649597,0.0027774996124207973
0.7621853947639465,0.6101877093315125,-0.4615902900695801,0.9998766779899597,0.7710345983505249,0.5815383791923523,-0.46186527609825134,0.999828577041626,0.7811461091041565,0.5774348974227905,-0.46182218194007874,0.9998691082000732,0.7917934060096741,0.5731019973754883,-0.4616762101650238,0.9998669624328613,0.7489699125289917,0.5907559990882874,-0.4280686378479004,0.9997602701187134,0.742719292640686,0.5938040614128113,-0.4279291033744812,0.999713659286499,0.7370908856391907,0.5967805981636047,-0.42795833945274353,0.9996181726455688,0.8158621788024902,0.5726085901260376,-0.34015730023384094,0.99991774559021,0.7451890707015991,0.6029118299484253,-0.17370188236236572,0.9996898174285889,0.788231372833252,0.6306399703025818,-0.41152453422546387,0.9998741745948792,0.7606799006462097,0.6403314471244812,-0.365070641040802,0.9996899962425232,0.9058830142021179,0.6822210550308228,-0.25859135389328003,0.9993840456008911,0.733127772808075,0.7381016612052917,0.029451284557580948,0.998388946056366,1.0117418766021729,0.819574773311615,-0.539808988571167,0.9881473779678345,0.6631378531455994,0.8852460384368896,-0.004517707973718643,0.8039255738258362,0.9513227343559265,0.6660029292106628,-0.7948046326637268,0.9799409508705139,0.6244314908981323,0.7265835404396057,-0.20792710781097412,0.7718979716300964,0.933774471282959,0.6052603125572205,-0.8480499982833862,0.9525411128997803,0.6246598958969116,0.6872736215591431,-0.23693013191223145,0.7378944754600525,0.9211502075195312,0.5963283777236938,-0.7898890376091003,0.9524766206741333,0.6316054463386536,0.6689358949661255,-0.2126779854297638,0.7409550547599792,0.9215621948242188,0.6170752048492432,-0.7770100831985474,0.9523364901542664,0.6348118782043457,0.6816274523735046,-0.20828357338905334,0.7592882513999939,0.9288411140441895,1.0538928508758545,-0.0904146283864975,0.5139914155006409,0.7993413209915161,1.0721776485443115,0.09217400848865509,0.5246976613998413,0.948703944683075,1.3308639526367188,-0.006107063498347998,0.030790261924266815,0.818071186542511,1.3518040180206299,0.27491000294685364,0.018388397991657257,0.9705292582511902,1.5660650730133057,0.3420112431049347,0.002747461898252368,0.8457130193710327,1.6015278100967407,0.5820392370223999,0.0019792828243225813,0.9822614789009094,1.5880886316299438,0.3643953800201416,0.007497494574636221,0.8504106402397156,1.6360365152359009,0.6098155975341797,0.0038974133785814047,0.9515658617019653,1.6647453308105469,0.0901842787861824,0.00331132928840816,0.8628975749015808,1.6893571615219116,0.33028918504714966,0.0025554450694471598
0.7687398195266724,0.6102339625358582,-0.4655606746673584,0.9998751282691956,0.776687741279602,0.5819883942604065,-0.46508994698524475,0.9998171329498291,0.7868580222129822,0.5777474641799927,-0.465078741312027,0.9998615980148315,0.796995222568512,0.5735026001930237,-0.46499863266944885,0.99985271692276,0.7553175687789917,0.5909625291824341,-0.43152084946632385,0.9997469186782837,0.7498433589935303,0.5937497019767761,-0.4313645362854004,0.999709963798523,0.7444879412651062,0.5965237021446228,-0.43142014741897583,0.999613881111145,0.820297360420227,0.5733622312545776,-0.3392327129840851,0.999915361404419,0.7528899312019348,0.6023111343383789,-0.17352725565433502,0.9997047185897827,0.7953107953071594,0.6305723190307617,-0.4137149751186371,0.9998810887336731,0.7671246528625488,0.6402894854545593,-0.3675524592399597,0.9997103810310364,0.9088586568832397,0.6809133887290955,-0.26036399602890015,0.9994316697120667,0.7347545623779297,0.7381362318992615,0.031327877193689346,0.9985368251800537,1.0143194198608398,0.8044825792312622,-0.5399014353752136,0.9887139201164246,0.6637636423110962,0.8882224559783936,-0.012410510331392288,0.8229086399078369,0.9488853216171265,0.6633352041244507,-0.7976197004318237,0.9817985892295837,0.6282415390014648,0.7297024130821228,-0.23988649249076843,0.7945554852485657,0.9336287379264832,0.6049843430519104,-0.8531627655029297,0.9565219283103943,0.6286748647689819,0.6893787980079651,-0.2776244580745697,0.7633905410766602,0.9195348024368286,0.5977374911308289,-0.7944718599319458,0.9562215209007263,0.6347988843917847,0.6719183325767517,-0.2528857886791229,0.7660015225410461,0.919163703918457,0.6180498003959656,-0.7798019647598267,0.9560999870300293,0.638537585735321,0.685138463973999,-0.24020186066627502,0.7826168537139893,0.9299880862236023,1.0521467924118042,-0.09182216227054596,0.520834743976593,0.8005822896957397,1.070661187171936,0.09352248162031174,0.5336427688598633,0.9491122961044312,1.3298840522766113,0.0018990326207131147,0.02830069325864315,0.8187751770019531,1.3487038612365723,0.2689087986946106,0.017098689451813698,0.9681174159049988,1.5597280263900757,0.383675754070282,0.0025318353436887264,0.8426416516304016,1.6002936363220215,0.5957886576652527,0.001817559590563178,0.9794435501098633,1.5832407474517822,0.4097351133823395,0.0068570515140891075,0.8469566106796265,1.632566213607788,0.6256231069564819,0.0036969641223549843,0.9484145045280457,1.6614785194396973,0.13922350108623505,0.0029974831268191338,0.8583205342292786,1.6853351593017578,0.34529536962509155,0.0023918352089822292
0.7792371511459351,0.6097018718719482,-0.5213080644607544,0.9998669028282166,0.7876366376876831,0.5810946226119995,-0.5107458829879761,0.9997965693473816,0.7970808744430542,0.5768872499465942,-0.5107578039169312,0.9998425841331482,0.8060431480407715,0.5730570554733276,-0.5106915831565857,0.9998251795768738,0.7638195157051086,0.5904279351234436,-0.48056021332740784,0.9997332096099854,0.7578473687171936,0.5931409597396851,-0.48038482666015625,0.9997045397758484,0.7523801922798157,0.5959081053733826,-0.4804910123348236,0.999613344669342,0.8256799578666687,0.5726821422576904,-0.3500823378562927,0.9999036192893982,0.7581609487533569,0.6018423438072205,-0.19678661227226257,0.9997138381004333,0.8054744601249695,0.6297528147697449,-0.45769166946411133,0.9998809695243835,0.7758119106292725,0.6396598815917969,-0.41546592116355896,0.9997220039367676,0.9156841039657593,0.6808592677116394,-0.2659146189689636,0.9994227886199951,0.7384800314903259,0.7388470768928528,0.015340415760874748,0.9986563324928284,1.0377438068389893,0.808152437210083,-0.5529282093048096,0.9886593222618103,0.6645428538322449,0.8900882005691528,-0.05287777632474899,0.8398473858833313,0.9501093626022339,0.6625748872756958,-0.8170720934867859,0.9829307198524475,0.6294768452644348,0.7284376621246338,-0.33118051290512085,0.8148464560508728,0.9280773997306824,0.6125969290733337,-0.8747129440307617,0.957552433013916,0.6328960657119751,0.6886621713638306,-0.3727889955043793,0.785959780216217,0.9143214225769043,0.6073659658432007,-0.8121839761734009,0.9564675688743591,0.6425539255142212,0.6718877553939819,-0.34602028131484985,0.7881333827972412,0.9160950779914856,0.6267395615577698,-0.7985782027244568,0.9564348459243774,0.6451159715652466,0.6860916614532471,-0.33223214745521545,0.8031544089317322,0.9340372085571289,1.0526114702224731,-0.09298000484704971,0.5008923411369324,0.8025021553039551,1.0733752250671387,0.09466984868049622,0.5188120603561401,0.9515109062194824,1.3281115293502808,-0.007261131890118122,0.026066714897751808,0.8219930529594421,1.3480485677719116,0.28054970502853394,0.015930194407701492,0.9679728746414185,1.5603922605514526,0.3580452799797058,0.002346430206671357,0.8426095843315125,1.5968440771102905,0.6189448833465576,0.001674122759141028,0.9791008234024048,1.5833375453948975,0.3808899521827698,0.006260520312935114,0.8463050127029419,1.6297109127044678,0.6486081480979919,0.003512362949550152,0.9466832280158997,1.6599574089050293,0.09984346479177475,0.0027195271104574203,0.8574531674385071,1.68305504322052,0.3603835999965668,0.002267021918669343
0.7899817228317261,0.6091659665107727,-0.5366069078445435,0.9998583197593689,0.7985357046127319,0.5791574120521545,-0.5211979150772095,0.9997702240943909,0.8076213002204895,0.5752367377281189,-0.5211886763572693,0.9998225569725037,0.8161357045173645,0.5720990300178528,-0.5211135745048523,0.9997941255569458,0.7732259035110474,0.589760422706604,-0.4943528175354004,0.9997087121009827,0.7660691738128662,0.5928968787193298,-0.4942323565483093,0.9996930956840515,0.7604305744171143,0.5958378911018372,-0.4943339228630066,0.9995980858802795,0.8337826728820801,0.572204053401947,-0.3458445966243744,0.9998930096626282,0.7641564607620239,0.6014396548271179,-0.21007969975471497,0.9997137784957886,0.8155301213264465,0.6291592121124268,-0.46904999017715454,0.999884307384491,0.7848384976387024,0.6391100287437439,-0.4317464828491211,0.9997347593307495,0.9234678149223328,0.6822128891944885,-0.2676076292991638,0.9994507431983948,0.74335777759552,0.7397819757461548,-0.009094338864088058,0.9987697005271912,1.0523922443389893,0.8106866478919983,-0.5799564123153687,0.989382803440094,0.6650721430778503,0.8909394145011902,-0.2005351483821869,0.855329692363739,0.9524960517883301,0.6694791913032532,-0.8917648196220398,0.9843997359275818,0.6318036317825317,0.7327548861503601,-0.6514517068862915,0.8332518339157104,0.9233528971672058,0.6372033357620239,-0.9602668881416321,0.9603816270828247,0.6423841118812561,0.696044921875,-0.7202761769294739,0.8068318367004395,0.9118803143501282,0.6308240294456482,-0.8948192596435547,0.9590353965759277,0.6530321836471558,0.6793504953384399,-0.6891148090362549,0.8086679577827454,0.9147968292236328,0.6451358199119568,-0.8722220659255981,0.9590499401092529,0.6558035016059875,0.6925451159477234,-0.654544472694397,0.8222346305847168,0.9425297975540161,1.0534766912460327,-0.08840396255254745,0.5005029439926147,0.8062210083007812,1.0749835968017578,0.08997692167758942,0.5193234086036682,0.9573225975036621,1.3296198844909668,0.02695809304714203,0.02419433742761612,0.8234917521476746,1.3492299318313599,0.28386327624320984,0.015026274137198925,0.9693942070007324,1.5645747184753418,0.432960569858551,0.002185066929087043,0.8396123647689819,1.5961259603500366,0.6487473249435425,0.0015491408994421363,0.9792861938476562,1.5901273488998413,0.45926326513290405,0.005733347497880459,0.8428205251693726,1.6293379068374634,0.6809450387954712,0.003337959526106715,0.949765682220459,1.6640747785568237,0.17179343104362488,0.0024659147020429373,0.8566427230834961,1.6858750581741333,0.3841630518436432,0.0021360123064368963
0.7996485829353333,0.6089146733283997,-0.5100821256637573,0.9998610615730286,0.8083907961845398,0.5780726075172424,-0.49224597215652466,0.9997590780258179,0.8172861933708191,0.5746713280677795,-0.49217739701271057,0.9998141527175903,0.8245889544487,0.5718417763710022,-0.492046594619751,0.9997766017913818,0.7827906608581543,0.588665246963501,-0.47007960081100464,0.9997044205665588,0.7751501798629761,0.5919843316078186,-0.4699687361717224,0.9997006058692932,0.7690358757972717,0.595055878162384,-0.4700426161289215,0.9996072053909302,0.8406429290771484,0.5724051594734192,-0.34215864539146423,0.9998864531517029,0.7704798579216003,0.6011629104614258,-0.20318865776062012,0.9997274279594421,0.8232733607292175,0.628652036190033,-0.4430115222930908,0.9998900890350342,0.7931843996047974,0.6387470364570618,-0.4122227728366852,0.9997522830963135,0.926304817199707,0.6867619156837463,-0.23648682236671448,0.9994853138923645,0.7479526996612549,0.7407235503196716,-0.027622703462839127,0.9988840818405151,1.0690653324127197,0.8079941272735596,-0.5338658094406128,0.989955484867096,0.6670831441879272,0.8923916220664978,-0.23448248207569122,0.8695106506347656,0.9628273844718933,0.683224081993103,-0.8231010437011719,0.9856750965118408,0.6404579281806946,0.7339209318161011,-0.6760029196739197,0.8498784303665161,0.9306877255439758,0.6597312092781067,-0.887668251991272,0.9626680612564087,0.6523303389549255,0.6992582678794861,-0.7485180497169495,0.8259109854698181,0.9192289113998413,0.6518863439559937,-0.8235887289047241,0.9610652923583984,0.6611210107803345,0.6833585500717163,-0.7199599146842957,0.8275157809257507,0.922425389289856,0.6642151474952698,-0.8047075271606445,0.9613049030303955,0.6644997000694275,0.695513129234314,-0.679678201675415,0.8397319316864014,0.9486433863639832,1.0539534091949463,-0.07651323825120926,0.4861232340335846,0.8096318244934082,1.0745339393615723,0.07808731496334076,0.5064135193824768,0.9584147334098816,1.3296349048614502,0.03311225771903992,0.022042695432901382,0.8218820691108704,1.348724603652954,0.25471457839012146,0.013750134035944939,0.9664058685302734,1.5653998851776123,0.4396232068538666,0.0019854174461215734,0.8373293876647949,1.5951441526412964,0.5994656682014465,0.0014048443408682942,0.9762238264083862,1.5917874574661255,0.46622806787490845,0.005191659089177847,0.8423063158988953,1.629136323928833,0.6263319849967957,0.0030492222867906094,0.9455531239509583,1.6627200841903687,0.18999046087265015,0.0022251871414482594,0.852047324180603,1.6843773126602173,0.36070507764816284,0.0019511247519403696
0.8059099912643433,0.6075863242149353,-0.616564154624939,0.9998646974563599,0.8148250579833984,0.5761910676956177,-0.5926538109779358,0.999760091304779,0.8233007192611694,0.5733006000518799,-0.5925666093826294,0.9998114705085754,0.82989901304245,0.5712359547615051,-0.5924123525619507,0.9997667074203491,0.7896560430526733,0.5868909955024719,-0.5751907229423523,0.9997153878211975,0.7816762328147888,0.5906784534454346,-0.5751689672470093,0.999716579914093,0.7750933766365051,0.5941484570503235,-0.5753205418586731,0.9996296167373657,0.8457666635513306,0.572236180305481,-0.3857652544975281,0.9998810291290283,0.7755283117294312,0.6009941101074219,-0.29516008496284485,0.999744176864624,0.8290324211120605,0.628515362739563,-0.5372249484062195,0.9998941421508789,0.7993582487106323,0.6383731365203857,-0.5128163695335388,0.9997683167457581,0.9306012392044067,0.6879514455795288,-0.25524264574050903,0.9994698762893677,0.7528509497642517,0.7401781678199768,-0.10661719739437103,0.9989751577377319,1.0745701789855957,0.7980005741119385,-0.5446828603744507,0.9903695583343506,0.6695674061775208,0.8919900059700012,-0.35369330644607544,0.8822141885757446,0.9715188145637512,0.692101240158081,-0.8721939325332642,0.9862894415855408,0.6502196788787842,0.7359223961830139,-0.8381048440933228,0.8647786378860474,0.9361287951469421,0.6714878678321838,-0.9411895871162415,0.9620389938354492,0.6632063388824463,0.7012283802032471,-0.9188618659973145,0.8427932858467102,0.9254676699638367,0.6631154417991638,-0.8801881670951843,0.9598682522773743,0.6707457304000854,0.6850787997245789,-0.8878237009048462,0.8441529273986816,0.9294835329055786,0.6737707257270813,-0.8554380536079407,0.9603076577186584,0.6739429235458374,0.6968164443969727,-0.8395441770553589,0.8551252484321594,0.9529450535774231,1.0523269176483154,-0.06489190459251404,0.46535420417785645,0.8147285580635071,1.072963833808899,0.0663352683186531,0.4929846227169037,0.9606422185897827,1.3295071125030518,0.02433149330317974,0.020435571670532227,0.825487494468689,1.3481078147888184,0.19681689143180847,0.01279472466558218,0.966147243976593,1.5645825862884521,0.4196106493473053,0.0018337913788855076,0.8364853858947754,1.5921871662139893,0.523718535900116,0.0012929996009916067,0.9749196767807007,1.5912837982177734,0.4445040225982666,0.004716770723462105,0.8403249979019165,1.624829888343811,0.5501217842102051,0.0028220510575920343,0.9465775489807129,1.6624338626861572,0.169601172208786,0.002018284285441041,0.853246808052063,1.682926058769226,0.2504463791847229,0.0018230155110359192
0.812098503112793,0.6056274175643921,-0.5542372465133667,0.9998618364334106,0.8212875127792358,0.5735231637954712,-0.53489089012146,0.9997422695159912,0.8292107582092285,0.5707582235336304,-0.534816324710846,0.9997950196266174,0.8354066610336304,0.5692359209060669,-0.5346392393112183,0.9997381567955017,0.7966544032096863,0.5849364995956421,-0.5146286487579346,0.9997034072875977,0.7884390354156494,0.5894917845726013,-0.5145434141159058,0.9997135996818542,0.7813276648521423,0.5935549139976501,-0.5146923661231995,0.9996274709701538,0.8527210354804993,0.5719501376152039,-0.3570176959037781,0.9998644590377808,0.7818678021430969,0.6009038686752319,-0.24518802762031555,0.9997475743293762,0.834912121295929,0.6275931000709534,-0.4833304286003113,0.9998961091041565,0.807033896446228,0.6378113031387329,-0.45482397079467773,0.9997794032096863,0.9401038885116577,0.6883276104927063,-0.23804417252540588,0.9994726777076721,0.7600282430648804,0.7396620512008667,-0.0713154524564743,0.9990575313568115,1.0776035785675049,0.7989988327026367,-0.5392094254493713,0.9906967282295227,0.6736536622047424,0.8929245471954346,-0.2990794777870178,0.8935762643814087,0.9748082160949707,0.7005731463432312,-0.8842333555221558,0.9872052073478699,0.6609052419662476,0.7352976202964783,-0.7672280073165894,0.8781927824020386,0.9408209919929504,0.6809232831001282,-0.9562665224075317,0.9637160301208496,0.6726592779159546,0.7008782029151917,-0.8488652110099792,0.858024537563324,0.9324320554733276,0.6696852445602417,-0.8979601860046387,0.9615070819854736,0.6800929307937622,0.6851651072502136,-0.8144168853759766,0.859188437461853,0.9362436532974243,0.6789363622665405,-0.8693877458572388,0.9619291424751282,0.6835377812385559,0.6971887350082397,-0.7682333588600159,0.869064211845398,0.9628593325614929,1.0519201755523682,-0.057109929621219635,0.4343684911727905,0.8210391998291016,1.072232723236084,0.05865556001663208,0.46418511867523193,0.9700753092765808,1.329376220703125,0.06417550891637802,0.01860007643699646,0.8318613171577454,1.3481521606445312,0.18820244073867798,0.011678298935294151,0.9748685956001282,1.5661991834640503,0.4774271845817566,0.001674111234024167,0.8418703079223633,1.5925978422164917,0.5098059177398682,0.0011725141666829586,0.98246830701828,1.59407639503479,0.5045003294944763,0.004272062797099352,0.8439407348632812,1.6251485347747803,0.5360616445541382,0.0025673334021121264,0.9569249153137207,1.6625369787216187,0.22263243794441223,0.0018244528910145164,0.8633283376693726,1.6849058866500854,0.22661152482032776,0.0016688042087480426
0.8190546035766602,0.6032956838607788,-0.5857962369918823,0.9998663067817688,0.8281517028808594,0.5706672668457031,-0.5648410320281982,0.9997476935386658,0.8357812762260437,0.5680330395698547,-0.5647494792938232,0.9997973442077637,0.8423137664794922,0.5665835738182068,-0.5645827054977417,0.9997378587722778,0.8031907081604004,0.5821159482002258,-0.5454898476600647,0.999713122844696,0.7945792078971863,0.587210476398468,-0.5453857183456421,0.9997256994247437,0.7871713638305664,0.5919398069381714,-0.5455657839775085,0.9996439814567566,0.8600370287895203,0.5708099007606506,-0.36535394191741943,0.9998645186424255,0.7880612015724182,0.6004700064659119,-0.26527300477027893,0.9997605085372925,0.841984748840332,0.6258153319358826,-0.5093981623649597,0.9999014139175415,0.8144744634628296,0.6368874311447144,-0.48194974660873413,0.9997941851615906,0.9479564428329468,0.6876806020736694,-0.24105671048164368,0.9994792342185974,0.7671064138412476,0.7392963171005249,-0.08411802351474762,0.9991305470466614,1.085564136505127,0.7994701862335205,-0.5490797162055969,0.9909680485725403,0.678569495677948,0.8940517902374268,-0.33400124311447144,0.9036480784416199,0.9867697954177856,0.6996651291847229,-0.9050071835517883,0.9878694415092468,0.6685749292373657,0.7361974716186523,-0.8273442387580872,0.8902081847190857,0.9512053728103638,0.6805116534233093,-0.9752873182296753,0.9644189476966858,0.6801326870918274,0.7006701231002808,-0.9089946746826172,0.8715035915374756,0.9439316987991333,0.668060302734375,-0.9140210151672363,0.9621316194534302,0.6871780753135681,0.6853204965591431,-0.8717857599258423,0.8724623918533325,0.9477419853210449,0.6767030358314514,-0.8884394764900208,0.9624665975570679,0.6901803016662598,0.6978481411933899,-0.827161431312561,0.8813589811325073,0.9688270688056946,1.0517959594726562,-0.059380967170000076,0.4022294282913208,0.8242026567459106,1.0721490383148193,0.06101496145129204,0.4331168830394745,0.9761746525764465,1.3299620151519775,0.04760915786027908,0.016971440985798836,0.8374164700508118,1.3482424020767212,0.19822481274604797,0.010648182593286037,0.9796265363693237,1.5674432516098022,0.45593586564064026,0.001535878051072359,0.8444483876228333,1.5933067798614502,0.5119544267654419,0.0010659410618245602,0.9867159128189087,1.5954701900482178,0.48250818252563477,0.0038724264595657587,0.845236599445343,1.6258958578109741,0.5406589508056641,0.002339380793273449,0.9610269665718079,1.6643195152282715,0.19822609424591064,0.001652093487791717,0.8670046925544739,1.686981201171875,0.24926714599132538,0.0015366248553618789
0.8421310186386108,0.6033064723014832,-0.5785723328590393,0.9997851848602295,0.8521496653556824,0.5706484317779541,-0.5656963586807251,0.9995677471160889,0.8594604730606079,0.568024218082428,-0.565710723400116,0.9995947480201721,0.8679293394088745,0.5665186047554016,-0.5657429695129395,0.9994848966598511,0.8297920227050781,0.5816770195960999,-0.5495885610580444,0.9995974898338318,0.8210738301277161,0.5865458250045776,-0.5495215058326721,0.9996281266212463,0.8137868046760559,0.5910429358482361,-0.5498479008674622,0.9995688796043396,0.8853313326835632,0.5707430243492126,-0.38077762722969055,0.9996472001075745,0.8143061399459839,0.5983294248580933,-0.3003981411457062,0.9996832013130188,0.8610101938247681,0.6258992552757263,-0.5054377913475037,0.999871551990509,0.8368050456047058,0.6366901397705078,-0.48246103525161743,0.9997820854187012,0.970757007598877,0.6876736879348755,-0.24175798892974854,0.9992868900299072,0.7830802202224731,0.7369046807289124,-0.13781462609767914,0.9992018342018127,1.0769851207733154,0.8606964945793152,-0.35189464688301086,0.9759872555732727,0.6896947026252747,0.8930121660232544,-0.3952336013317108,0.9126989841461182,1.050180196762085,0.9299657940864563,-0.6185616254806519,0.9326505661010742,0.6770138740539551,0.7362563014030457,-0.8927642703056335,0.9004615545272827,1.0488005876541138,0.9603891372680664,-0.6726371049880981,0.8935174942016602,0.6888095140457153,0.6995845437049866,-0.9818433523178101,0.8810188174247742,1.036814570426941,0.9409217834472656,-0.6793690323829651,0.8936783671379089,0.6973127722740173,0.6842896938323975,-0.9597468376159668,0.8816447854042053,1.0298662185668945,0.9340149760246277,-0.6279858350753784,0.8969815969467163,0.7010692358016968,0.6974566578865051,-0.8971025347709656,0.8895835876464844,0.9859718084335327,1.0521316528320312,-0.05057217553257942,0.3740559220314026,0.8442091941833496,1.0718523263931274,0.05191011354327202,0.4129951298236847,0.9915332794189453,1.3294768333435059,0.04664555937051773,0.016048789024353027,0.8571880459785461,1.3479582071304321,0.2062651365995407,0.010197397321462631,0.9950329065322876,1.567801594734192,0.42128634452819824,0.0015309583395719528,0.8585378527641296,1.5934234857559204,0.5444453358650208,0.0010357050923630595,1.0011732578277588,1.597192645072937,0.44528770446777344,0.0035967740695923567,0.8581080436706543,1.6262034177780151,0.5735877752304077,0.0022311548236757517,0.9757115244865417,1.6637060642242432,0.17065384984016418,0.0015377507079392672,0.8763110041618347,1.6861598491668701,0.268759548664093,0.0015222871443256736
0.854100227355957,0.6039521098136902,-0.6020467877388,0.999704897403717,0.863250732421875,0.5708214640617371,-0.584729015827179,0.9994552731513977,0.8711349368095398,0.5681791305541992,-0.5847512483596802,0.9994385242462158,0.8784524202346802,0.56658935546875,-0.5848342776298523,0.9992684125900269,0.8384261131286621,0.5818274021148682,-0.566775381565094,0.9995542168617249,0.8294633030891418,0.5866355895996094,-0.5667595863342285,0.9995859265327454,0.8210470080375671,0.5911217927932739,-0.5670961141586304,0.9995498657226562,0.8950985670089722,0.5709294080734253,-0.3884558081626892,0.9994596838951111,0.8210235834121704,0.598288357257843,-0.29606112837791443,0.9996691346168518,0.8731606602668762,0.6262972354888916,-0.5223686099052429,0.9997453093528748,0.8478443026542664,0.6375444531440735,-0.49663034081459045,0.9997293949127197,0.9823365211486816,0.6876571178436279,-0.22574138641357422,0.9954162240028381,0.7912683486938477,0.736316442489624,-0.11735714972019196,0.9991806745529175,1.1002931594848633,0.8015698194503784,-0.42403316497802734,0.9438537955284119,0.6929742097854614,0.8892718553543091,-0.36360734701156616,0.92029869556427,1.069034218788147,0.74812251329422,-0.7066989541053772,0.8758025765419006,0.6829458475112915,0.7355311512947083,-0.816399872303009,0.9092394113540649,1.0644816160202026,0.7260257601737976,-0.7689911127090454,0.82259202003479,0.689972996711731,0.6996967196464539,-0.8880441784858704,0.8872079849243164,1.0240676403045654,0.6920179128646851,-0.7310782074928284,0.8232904672622681,0.6997767686843872,0.684878408908844,-0.8547475934028625,0.8876897096633911,1.0152528285980225,0.7153044939041138,-0.6897910833358765,0.8281274437904358,0.7041140794754028,0.6980913281440735,-0.8147536516189575,0.8940691351890564,0.9928029179573059,1.0539838075637817,-0.05479111149907112,0.3557482957839966,0.8578104972839355,1.072009563446045,0.0561407096683979,0.4081190824508667,0.9990323781967163,1.3253048658370972,0.026714295148849487,0.017629047855734825,0.8741525411605835,1.3440766334533691,0.19458012282848358,0.011772647500038147,1.0049498081207275,1.564292311668396,0.3210923969745636,0.0016247371677309275,0.8754246830940247,1.590435266494751,0.4824736714363098,0.0011969201732426882,1.0129103660583496,1.5965601205825806,0.3379276990890503,0.0034360678400844336,0.8765934109687805,1.6261125802993774,0.5050808787345886,0.002442657481878996,0.9808233976364136,1.6547751426696777,0.07929171621799469,0.0015224210219457746,0.8875249028205872,1.6770665645599365,0.23680579662322998,0.0019347183406352997
0.8616234064102173,0.6042886972427368,-0.5954663753509521,0.9996519684791565,0.8716400861740112,0.5708898901939392,-0.5804365277290344,0.9993864297866821,0.8800484538078308,0.5682563185691833,-0.5804427862167358,0.9993327260017395,0.887401282787323,0.5666536688804626,-0.5805289149284363,0.9991098046302795,0.8449746966362,0.5818706154823303,-0.5611083507537842,0.9995338320732117,0.8358052372932434,0.5866191387176514,-0.561083972454071,0.9995695948600769,0.8274747133255005,0.5910518765449524,-0.5614026784896851,0.9995499849319458,0.9039422273635864,0.5710182785987854,-0.3825876712799072,0.9993318915367126,0.8267475366592407,0.598244845867157,-0.2824319005012512,0.9996671676635742,0.8823245167732239,0.6267528533935547,-0.5147695541381836,0.9997008442878723,0.8555450439453125,0.6383211612701416,-0.48673301935195923,0.999716579914093,0.9904969930648804,0.6875240206718445,-0.21232938766479492,0.9925829172134399,0.799197793006897,0.7349709868431091,-0.10706565529108047,0.999204158782959,1.112725019454956,0.7975435853004456,-0.40380531549453735,0.9121828675270081,0.6982028484344482,0.8861269354820251,-0.36539366841316223,0.9272599816322327,1.0765283107757568,0.7412931323051453,-0.7235690355300903,0.8145123720169067,0.6863683462142944,0.7352346181869507,-0.8703147172927856,0.9174410700798035,1.0695788860321045,0.724087119102478,-0.780577540397644,0.7537873983383179,0.6917334794998169,0.6992584466934204,-0.9546298980712891,0.8948006629943848,1.0559877157211304,0.6987926363945007,-0.7505310773849487,0.754764199256897,0.701242983341217,0.6844264268875122,-0.9266562461853027,0.8951724171638489,1.0509498119354248,0.7147262096405029,-0.7179993987083435,0.7607681751251221,0.7056068778038025,0.6978378891944885,-0.872191309928894,0.9003623127937317,1.0002496242523193,1.0606883764266968,-0.057058073580265045,0.33919838070869446,0.8628487586975098,1.0748151540756226,0.05837107449769974,0.4051874876022339,1.0039936304092407,1.3270716667175293,0.038432858884334564,0.019870230928063393,0.8769696950912476,1.3463836908340454,0.2247457504272461,0.013375815935432911,1.0117708444595337,1.5654689073562622,0.34211719036102295,0.001978903077542782,0.8808344006538391,1.5912595987319946,0.5542619824409485,0.0013738030102103949,1.0203171968460083,1.599507212638855,0.35662826895713806,0.0035230908542871475,0.8823215365409851,1.6270580291748047,0.5807476043701172,0.00276509509421885,0.9871800541877747,1.6549656391143799,0.10232628881931305,0.0015473648672923446,0.8941274881362915,1.6786242723464966,0.30638664960861206,0.002271590055897832
0.8629989624023438,0.6046039462089539,-0.6830507516860962,0.9995983242988586,0.8742648959159851,0.570875346660614,-0.6674467921257019,0.9993161559104919,0.8822842836380005,0.5682411789894104,-0.6675502061843872,0.9992098212242126,0.8892422914505005,0.5666242837905884,-0.6676465272903442,0.9989429116249084,0.846969485282898,0.5817843079566956,-0.6452475786209106,0.9994996190071106,0.8377422094345093,0.5863800644874573,-0.6453385353088379,0.9995357394218445,0.8300131559371948,0.5904635190963745,-0.6457038521766663,0.9995368719100952,0.9055489301681519,0.57097989320755,-0.458916038274765,0.9991917014122009,0.8296791911125183,0.5968441367149353,-0.34808164834976196,0.9996258616447449,0.8846839070320129,0.627096951007843,-0.5974792242050171,0.9996751546859741,0.855666995048523,0.6384724974632263,-0.5667849183082581,0.9996983408927917,0.9976325035095215,0.6909040808677673,-0.272919625043869,0.990901529788971,0.8036906123161316,0.7322507500648499,-0.13440625369548798,0.9991818070411682,1.1091665029525757,0.8679559230804443,-0.3983766734600067,0.8837431073188782,0.6989840269088745,0.8848713040351868,-0.3991081118583679,0.9327376484870911,1.0526844263076782,0.9202975630760193,-0.665818452835083,0.7466601133346558,0.6884580850601196,0.7352895140647888,-0.9761034846305847,0.9238865971565247,1.0376436710357666,0.9481632113456726,-0.7174570560455322,0.6851454377174377,0.6933752298355103,0.6993088126182556,-1.0709993839263916,0.8987961411476135,1.0243045091629028,0.9201725721359253,-0.7013229131698608,0.6868194341659546,0.7051496505737305,0.6847922801971436,-1.050209879875183,0.899199366569519,1.0232834815979004,0.9129064679145813,-0.6641412377357483,0.6921323537826538,0.7093389630317688,0.698275625705719,-0.982420802116394,0.9020023941993713,1.0025832653045654,1.066264033317566,-0.06877278536558151,0.31741276383399963,0.8686295747756958,1.075991153717041,0.0696181207895279,0.38889288902282715,0.9998148679733276,1.3250833749771118,0.010771415196359158,0.030314980074763298,0.8758999705314636,1.3391748666763306,0.26593467593193054,0.02392500638961792,1.0109457969665527,1.5655254125595093,0.3832930326461792,0.00296092894859612,0.8837340474128723,1.5886985063552856,0.6564448475837708,0.0031236037611961365,1.0202820301055908,1.6019381284713745,0.40705376863479614,0.003547120140865445,0.8878337144851685,1.6263296604156494,0.6895544528961182,0.004502991214394569,0.9876648783683777,1.6543858051300049,0.13095875084400177,0.0019862984772771597,0.8937067985534668,1.6779708862304688,0.4127323031425476,0.004953506402671337
0.8651266098022461,0.6046561002731323,-0.6240738034248352,0.9995568990707397,0.875226616859436,0.5707554221153259,-0.6081244945526123,0.9992492198944092,0.8838127851486206,0.5680318474769592,-0.6082078814506531,0.9991159439086914,0.8909702301025391,0.5663508772850037,-0.6082744598388672,0.9988594651222229,0.8481714129447937,0.5815975069999695,-0.5866175889968872,0.9994425773620605,0.8396628499031067,0.5858662724494934,-0.586637556552887,0.9994781017303467,0.8330316543579102,0.5895406007766724,-0.586956799030304,0.999499499797821,0.9054012298583984,0.5708314776420593,-0.4208408296108246,0.9991384744644165,0.8324539065361023,0.5959290266036987,-0.3053347170352936,0.9995569586753845,0.886231541633606,0.6271238327026367,-0.545799970626831,0.9996846318244934,0.8566004633903503,0.6384859681129456,-0.5159704685211182,0.9996997714042664,0.995091438293457,0.6935583353042603,-0.26802507042884827,0.9915180206298828,0.8050987124443054,0.7297622561454773,-0.10855980962514877,0.9992100596427917,1.0969951152801514,0.9093616008758545,-0.2818956971168518,0.8857941031455994,0.7016527056694031,0.8749388456344604,-0.3693818747997284,0.938448429107666,1.034672498703003,1.039989709854126,-0.4350418150424957,0.7099599242210388,0.6926632523536682,0.735405683517456,-0.9525631666183472,0.929607629776001,1.0171958208084106,1.09359872341156,-0.47957688570022583,0.6348915696144104,0.6926993131637573,0.6990581154823303,-1.0528173446655273,0.9014627933502197,1.005220651626587,1.0732346773147583,-0.48285919427871704,0.637908935546875,0.7041873931884766,0.6850416660308838,-1.0393450260162354,0.9016867876052856,1.0039491653442383,1.0542612075805664,-0.4375290870666504,0.6424525380134583,0.7100023031234741,0.6986536383628845,-0.9630371928215027,0.9032936096191406,0.9987457990646362,1.0710196495056152,-0.06913891434669495,0.32618141174316406,0.8662298321723938,1.0786843299865723,0.06985301524400711,0.40556153655052185,0.9960734248161316,1.3353270292282104,0.023822184652090073,0.04121112823486328,0.8715120553970337,1.3442516326904297,0.2591724991798401,0.03255076706409454,1.0060927867889404,1.578879952430725,0.4322792589664459,0.004946235101670027,0.8804970979690552,1.59553861618042,0.656262993812561,0.005245700944215059,1.0147035121917725,1.6167865991592407,0.4569322168827057,0.003924324177205563,0.8845871090888977,1.6323299407958984,0.6893615126609802,0.007391320541501045,0.9846358299255371,1.663728952407837,0.1636958122253418,0.0025155514013022184,0.8902837634086609,1.6850781440734863,0.3926808834075928,0.007428227923810482
0.8659418821334839,0.6046446561813354,-0.6154909133911133,0.9994847178459167,0.876349925994873,0.5707321166992188,-0.5905912518501282,0.9991308450698853,0.8853214979171753,0.5679683685302734,-0.591097354888916,0.9989619851112366,0.8928577303886414,0.566230833530426,-0.5915498733520508,0.9986977577209473,0.8489497900009155,0.5815625786781311,-0.575451135635376,0.9993452429771423,0.8406686782836914,0.5857117772102356,-0.5757737159729004,0.9993870258331299,0.8342159390449524,0.5892276763916016,-0.5764591097831726,0.9994340538978577,0.906088650226593,0.5707756280899048,-0.3782581686973572,0.9990257024765015,0.8332328796386719,0.595621645450592,-0.2857482135295868,0.9994513392448425,0.8870991468429565,0.6271554231643677,-0.5230957269668579,0.9996801614761353,0.8565438985824585,0.6384740471839905,-0.5012106895446777,0.9996886253356934,0.994030773639679,0.6965517401695251,-0.22751180827617645,0.9919919371604919,0.80418461561203,0.728296160697937,-0.09173499792814255,0.9992164969444275,1.0914783477783203,0.9165402054786682,-0.23945252597332,0.8888810276985168,0.7013973593711853,0.8714183568954468,-0.3409954905509949,0.9433440566062927,1.026223063468933,1.0353137254714966,-0.39696747064590454,0.6810992956161499,0.6953866481781006,0.7346332669258118,-0.89759761095047,0.9342713952064514,1.0088801383972168,1.0857272148132324,-0.4381169378757477,0.5929735898971558,0.6924964189529419,0.6985419988632202,-0.9949968457221985,0.9029228091239929,0.9955369830131531,1.0638350248336792,-0.4423840641975403,0.597250759601593,0.7041941285133362,0.6850992441177368,-0.9788758158683777,0.9029898643493652,0.9944612383842468,1.0457943677902222,-0.3993440568447113,0.5999248623847961,0.7102757692337036,0.6985836625099182,-0.9065011739730835,0.9031465649604797,0.9943159818649292,1.0739964246749878,-0.0674678161740303,0.33972254395484924,0.8623574376106262,1.0803332328796387,0.06809274852275848,0.4263758361339569,0.9932740926742554,1.3405930995941162,0.04143627732992172,0.06190365552902222,0.8689954876899719,1.3477669954299927,0.2486151158809662,0.04909692332148552,1.0042121410369873,1.5826455354690552,0.4590449333190918,0.009790307842195034,0.8810981512069702,1.5999053716659546,0.629324734210968,0.011490856297314167,1.011982798576355,1.6200016736984253,0.4854770302772522,0.005139666143804789,0.885736346244812,1.6359126567840576,0.6612603068351746,0.014777090400457382,0.9859219789505005,1.667720913887024,0.20013327896595,0.004068460315465927,0.8914067149162292,1.689772367477417,0.3674079477787018,0.01334142591804266
0.867019534111023,0.6045650839805603,-0.588361382484436,0.9994842410087585,0.8772343397140503,0.5706565380096436,-0.5631071329116821,0.9991269707679749,0.886174201965332,0.5678996443748474,-0.5634437799453735,0.9989457726478577,0.8940965533256531,0.5661125183105469,-0.5637641549110413,0.998692512512207,0.8500089645385742,0.5812721848487854,-0.553568959236145,0.9993459582328796,0.8419369459152222,0.5851514935493469,-0.5537854433059692,0.9993892312049866,0.8356221318244934,0.5884200930595398,-0.5543971061706543,0.9994459748268127,0.9069458246231079,0.5707525610923767,-0.35319361090660095,0.9990167617797852,0.8342558145523071,0.5949485898017883,-0.28296953439712524,0.9994572997093201,0.8879885673522949,0.6271287202835083,-0.5006378889083862,0.9996951222419739,0.8572456240653992,0.6384078860282898,-0.48655128479003906,0.9997045397758484,0.9917189478874207,0.699949324131012,-0.20662745833396912,0.9925580024719238,0.8027154803276062,0.7253245115280151,-0.09480811655521393,0.9992700219154358,1.0893075466156006,0.9183206558227539,-0.20738963782787323,0.8924661874771118,0.700912594795227,0.8704473376274109,-0.3471260070800781,0.9484243392944336,1.023383378982544,1.0367999076843262,-0.3606415390968323,0.6591702699661255,0.6931502819061279,0.7340022921562195,-0.8922538757324219,0.9399908185005188,1.0080387592315674,1.0852388143539429,-0.4008386731147766,0.5606449842453003,0.6915335059165955,0.6980521082878113,-0.9901127815246582,0.9094330072402954,0.992720901966095,1.06486976146698,-0.4063285291194916,0.566494882106781,0.7035723924636841,0.6849987506866455,-0.9757719039916992,0.9093992710113525,0.9912487864494324,1.0478914976119995,-0.36482635140419006,0.5688799619674683,0.7093795537948608,0.6984861493110657,-0.9013056755065918,0.9091421365737915,0.9922773241996765,1.0724166631698608,-0.059341054409742355,0.3312174677848816,0.8606783747673035,1.079316258430481,0.060027919709682465,0.42304226756095886,0.9919333457946777,1.3407119512557983,0.040378961712121964,0.060750775039196014,0.8666032552719116,1.3479584455490112,0.18661509454250336,0.04777435213327408,1.0020818710327148,1.5839009284973145,0.4359371066093445,0.009922424331307411,0.8786612749099731,1.5993174314498901,0.5283089876174927,0.011299027130007744,1.010010838508606,1.620214819908142,0.4614458680152893,0.005019515752792358,0.8826528787612915,1.63532555103302,0.5549003481864929,0.014558389782905579,0.9846979379653931,1.667091727256775,0.1917421668767929,0.004040135536342859,0.8898342251777649,1.6893947124481201,0.24993035197257996,0.013130171224474907
0.8671097755432129,0.6047242879867554,-0.5892159342765808,0.9994373321533203,0.8774498105049133,0.5708065629005432,-0.5691478848457336,0.9990485310554504,0.8863123655319214,0.5680278539657593,-0.5694027543067932,0.9988445043563843,0.89434814453125,0.5661720633506775,-0.569616436958313,0.9985636472702026,0.8501231074333191,0.5813891291618347,-0.5559845566749573,0.9992944002151489,0.8421356081962585,0.5851555466651917,-0.5561437606811523,0.9993507862091064,0.8358292579650879,0.5883967280387878,-0.556606650352478,0.9994201064109802,0.9069991111755371,0.5708589553833008,-0.3639993965625763,0.9989238977432251,0.8344637751579285,0.5948510766029358,-0.2952038645744324,0.999412477016449,0.8880020380020142,0.6273345351219177,-0.5053837895393372,0.9996852874755859,0.8572955131530762,0.6385061740875244,-0.4878532290458679,0.9996985793113708,0.9909509420394897,0.7012120485305786,-0.2119404524564743,0.9928020238876343,0.8012304306030273,0.7243104577064514,-0.10892122983932495,0.9992830157279968,1.08028244972229,0.9154018759727478,-0.2176411896944046,0.8873569965362549,0.7009140849113464,0.8696092963218689,-0.3605002164840698,0.9522853493690491,1.0210691690444946,1.0316473245620728,-0.3767172694206238,0.6234487891197205,0.6919284462928772,0.7331817746162415,-0.9044018983840942,0.9441719055175781,1.0052640438079834,1.07916259765625,-0.41464224457740784,0.5221148729324341,0.6915494799613953,0.697924017906189,-1.0015068054199219,0.912328839302063,0.9899355173110962,1.0581938028335571,-0.42478546500205994,0.5294494032859802,0.7034285068511963,0.6848776340484619,-0.9883397221565247,0.912401556968689,0.9885754585266113,1.0406303405761719,-0.3820706009864807,0.5297255516052246,0.70876544713974,0.6984527707099915,-0.9133137464523315,0.9102929830551147,0.9903896450996399,1.0715283155441284,-0.0554499514400959,0.32842183113098145,0.8611763119697571,1.0775583982467651,0.05603417009115219,0.42581555247306824,0.9915744066238403,1.335041880607605,-0.01961219683289528,0.0878058671951294,0.8664894104003906,1.3389321565628052,0.12943460047245026,0.0693405345082283,1.0017409324645996,1.580583930015564,0.34561365842819214,0.015315880998969078,0.8792048692703247,1.5936205387115479,0.43002191185951233,0.01913740299642086,1.0086913108825684,1.6174638271331787,0.3668825626373291,0.006473536137491465,0.883767306804657,1.6294423341751099,0.451894611120224,0.02222497947514057,0.9827202558517456,1.661405324935913,0.09726233780384064,0.006309228949248791,0.8888788223266602,1.6807215213775635,0.16984249651432037,0.02033407799899578
0.8663972020149231,0.60508131980896,-0.5954684019088745,0.9993078708648682,0.8765956163406372,0.5712960958480835,-0.5792185664176941,0.9988526701927185,0.8849512338638306,0.5685707330703735,-0.5793802738189697,0.9986012578010559,0.8927972912788391,0.5667353272438049,-0.5795544981956482,0.9982657432556152,0.850090503692627,0.581574559211731,-0.5669316649436951,0.9991719722747803,0.8423144221305847,0.585186243057251,-0.5671262741088867,0.9992548227310181,0.8360511064529419,0.5883761048316956,-0.5674988627433777,0.999355137348175,0.9052518606185913,0.5712883472442627,-0.3824712038040161,0.9986445903778076,0.8340275883674622,0.5947673916816711,-0.32288217544555664,0.9993126392364502,0.8863973617553711,0.6276661157608032,-0.5142255425453186,0.9996306896209717,0.85673987865448,0.6385501623153687,-0.4979415833950043,0.999668300151825,0.9882895350456238,0.7012803554534912,-0.21663017570972443,0.992921769618988,0.7994916439056396,0.7241978049278259,-0.13310375809669495,0.9992955327033997,1.0799864530563354,0.9058325886726379,-0.26533329486846924,0.8844980001449585,0.700244665145874,0.8698270320892334,-0.3534243106842041,0.9561581015586853,1.0211471319198608,0.9897792339324951,-0.4721015989780426,0.5868843197822571,0.690706193447113,0.7300846576690674,-0.8957460522651672,0.9480970501899719,1.006155252456665,1.0236592292785645,-0.5169528722763062,0.48474282026290894,0.6909378170967102,0.6978877782821655,-0.9892985224723816,0.9151984453201294,0.9921842813491821,1.00165593624115,-0.5153234601020813,0.4928220808506012,0.7026257514953613,0.6848470568656921,-0.9564278721809387,0.9152809977531433,0.9907107353210449,0.9903279542922974,-0.47454363107681274,0.49129095673561096,0.7078107595443726,0.6976931691169739,-0.9081667065620422,0.9115261435508728,0.9901334643363953,1.0704749822616577,-0.05041331797838211,0.3322314918041229,0.8620507121086121,1.075635313987732,0.050824690610170364,0.43701091408729553,0.9886622428894043,1.3285930156707764,-0.01739717647433281,0.12792149186134338,0.8671461939811707,1.3320884704589844,0.10889699310064316,0.10553616285324097,0.9989337921142578,1.5685391426086426,0.35273605585098267,0.026879409328103065,0.8804655075073242,1.5820151567459106,0.39735886454582214,0.03473532572388649,1.0045806169509888,1.6023333072662354,0.3760635256767273,0.010649076662957668,0.8851884007453918,1.6151045560836792,0.41862520575523376,0.03743205964565277,0.9816447496414185,1.6496690511703491,0.10294966399669647,0.010456704534590244,0.8897606134414673,1.6667507886886597,0.15896561741828918,0.029710888862609863
0.8640556335449219,0.6051182150840759,-0.5925878882408142,0.9993390440940857,0.8741507530212402,0.5713659524917603,-0.5762606859207153,0.9989021420478821,0.8824575543403625,0.5687041878700256,-0.576406717300415,0.9986658692359924,0.890228271484375,0.5669063925743103,-0.5765279531478882,0.9983426332473755,0.8479824066162109,0.5815248489379883,-0.5631983876228333,0.9992071986198425,0.8404785990715027,0.5850206017494202,-0.5633186101913452,0.9992875456809998,0.834082305431366,0.588117241859436,-0.5636669397354126,0.9993836283683777,0.9032233953475952,0.5713796019554138,-0.3798465132713318,0.998691201210022,0.8325824737548828,0.5944491624832153,-0.3113217353820801,0.9993448853492737,0.8841798901557922,0.6277114748954773,-0.512166440486908,0.9996436238288879,0.8548574447631836,0.6385325193405151,-0.4940420091152191,0.999683141708374,0.9867886304855347,0.7008314728736877,-0.20398902893066406,0.9932773113250732,0.7984294295310974,0.7242097854614258,-0.12663088738918304,0.9993247389793396,1.0806812047958374,0.8889751434326172,-0.3846040964126587,0.8882868885993958,0.6998580098152161,0.869990885257721,-0.36551815271377563,0.9600539207458496,1.0298693180084229,0.8540846109390259,-0.7660599946975708,0.6000822186470032,0.6905245184898376,0.7300767302513123,-0.8830128908157349,0.9525765180587769,1.0163075923919678,0.8534523248672485,-0.8331966400146484,0.48664167523384094,0.6905418634414673,0.6979144811630249,-0.9733400344848633,0.9208472967147827,1.005826711654663,0.8248714804649353,-0.8159182667732239,0.49510136246681213,0.702322244644165,0.6847561001777649,-0.950396716594696,0.9208348989486694,1.0040152072906494,0.8290961980819702,-0.7680907249450684,0.4902075231075287,0.707391619682312,0.6976301074028015,-0.8893014788627625,0.9168491363525391,0.9906355738639832,1.0637023448944092,-0.04497230798006058,0.3187217712402344,0.8630272746086121,1.0741729736328125,0.045763544738292694,0.42817479372024536,0.9998709559440613,1.3244717121124268,-0.02042231336236,0.12254752218723297,0.8782140612602234,1.3325401544570923,0.09707368910312653,0.10283315181732178,1.0135679244995117,1.5632330179214478,0.2796858847141266,0.02502809837460518,0.8937973976135254,1.5808098316192627,0.33275890350341797,0.03291599452495575,1.0194367170333862,1.5954093933105469,0.2945428490638733,0.009920977987349033,0.8961343765258789,1.6141074895858765,0.34907299280166626,0.03546206280589104,0.9969514608383179,1.6463415622711182,0.028844967484474182,0.009776829741895199,0.9124301075935364,1.663017749786377,0.0767805352807045,0.02843332849442959
0.8431738018989563,0.6105297207832336,-0.5320488214492798,0.9994027614593506,0.8537861704826355,0.578241765499115,-0.5126299858093262,0.9990072846412659,0.8631821870803833,0.5753227472305298,-0.5126677751541138,0.9987933039665222,0.8713720440864563,0.5733290314674377,-0.512616753578186,0.9985007643699646,0.8304144740104675,0.5869015455245972,-0.49526089429855347,0.9992832541465759,0.8229087591171265,0.5896953344345093,-0.49512043595314026,0.9993554949760437,0.8146185874938965,0.5923961400985718,-0.4953339993953705,0.9994425773620605,0.8856377601623535,0.5790168046951294,-0.3118446469306946,0.9988152980804443,0.8129638433456421,0.5980385541915894,-0.22262589633464813,0.9994086623191833,0.8591150045394897,0.633138120174408,-0.45459407567977905,0.9996762871742249,0.8361129760742188,0.6416902542114258,-0.4304947257041931,0.9997130036354065,0.9594427943229675,0.7039502263069153,-0.16342563927173615,0.9938438534736633,0.7780224680900574,0.7300301194190979,-0.04407324641942978,0.9993798136711121,1.0731184482574463,0.8388043642044067,-0.3713211119174957,0.8981502652168274,0.6783438920974731,0.8768470287322998,-0.28001871705055237,0.9639623761177063,1.018202781677246,0.7050549983978271,-0.6556925773620605,0.6384077668190002,0.6796057224273682,0.7333894968032837,-0.7024155855178833,0.9572330117225647,1.014737606048584,0.6753712892532349,-0.7109997272491455,0.5311009883880615,0.6814075708389282,0.7022488713264465,-0.7728384733200073,0.9282218217849731,0.9821027517318726,0.6782299280166626,-0.7105995416641235,0.5376757383346558,0.6962445974349976,0.6909627914428711,-0.7319450974464417,0.9281245470046997,0.9764007329940796,0.690204381942749,-0.6534902453422546,0.533294677734375,0.7005872130393982,0.7026323676109314,-0.6993252038955688,0.9245614409446716,0.9704877138137817,1.0667955875396729,-0.05240418761968613,0.3080612123012543,0.8409636616706848,1.0816360712051392,0.053663067519664764,0.41870856285095215,0.9776644706726074,1.3366706371307373,0.028170431032776833,0.11147722601890564,0.8459917902946472,1.3546035289764404,0.1912398636341095,0.0935230553150177,0.9893094301223755,1.5779119729995728,0.31921321153640747,0.022648043930530548,0.8601922988891602,1.6017625331878662,0.38263756036758423,0.029750080779194832,0.9960781931877136,1.6086539030075073,0.34071871638298035,0.009001665748655796,0.8618690371513367,1.6339722871780396,0.3923951983451843,0.03215231001377106,0.9722088575363159,1.6661337614059448,0.07081417739391327,0.008855250664055347,0.8827563524246216,1.6877551078796387,0.13824251294136047,0.02582128718495369
0.8288445472717285,0.6133304238319397,-0.5439090132713318,0.9994603395462036,0.8396106958389282,0.5815218687057495,-0.5274673104286194,0.9991018176078796,0.8491710424423218,0.5785582661628723,-0.5275369882583618,0.9989080429077148,0.8575450778007507,0.5766057968139648,-0.5275557041168213,0.9986429810523987,0.8171635866165161,0.5895219445228577,-0.5101962089538574,0.9993516802787781,0.8093314170837402,0.5920794606208801,-0.5101391077041626,0.9994168281555176,0.8006273508071899,0.5946986675262451,-0.510400652885437,0.9994957447052002,0.872516930103302,0.5832374691963196,-0.3265026807785034,0.9989269971847534,0.7988251447677612,0.6006152629852295,-0.23305615782737732,0.999466061592102,0.8445447087287903,0.6360833048820496,-0.4680108428001404,0.9997053742408752,0.8222161531448364,0.6432243585586548,-0.4439834952354431,0.9997396469116211,0.9435209035873413,0.7067150473594666,-0.17399099469184875,0.9943451285362244,0.7641485929489136,0.7328887581825256,-0.037444453686475754,0.9994270205497742,1.0616905689239502,0.8349907994270325,-0.37300941348075867,0.9073019623756409,0.6670121550559998,0.8816120624542236,-0.2594218850135803,0.9674694538116455,0.9956594705581665,0.6909183263778687,-0.6279906034469604,0.6737346053123474,0.6712824106216431,0.7360875606536865,-0.6897150278091431,0.9614385962486267,0.995627760887146,0.666317880153656,-0.6809698939323425,0.5742905139923096,0.6744216084480286,0.7047969698905945,-0.7601694464683533,0.934973418712616,0.9631950259208679,0.6642133593559265,-0.6839204430580139,0.5795450806617737,0.6886047720909119,0.6927815079689026,-0.7191601991653442,0.934810996055603,0.9583066701889038,0.6753911375999451,-0.6244414448738098,0.575196385383606,0.6926230788230896,0.7042266726493835,-0.6870461702346802,0.9315981864929199,0.9580915570259094,1.0669864416122437,-0.06421824544668198,0.2912549078464508,0.8293527364730835,1.0843971967697144,0.06550251692533493,0.3995925784111023,0.966380774974823,1.3387105464935303,0.014626078307628632,0.10156499594449997,0.8331454992294312,1.3597826957702637,0.21580509841442108,0.08512528240680695,0.9786514043807983,1.5807340145111084,0.3047417998313904,0.020539741963148117,0.8503483533859253,1.606116533279419,0.4365626275539398,0.026965465396642685,0.9859026074409485,1.6112662553787231,0.3206579089164734,0.008194954134523869,0.8531502485275269,1.638551950454712,0.4510676860809326,0.029315873980522156,0.9617792367935181,1.6699905395507812,0.04810230806469917,0.008048469200730324,0.872692883014679,1.691174864768982,0.1979920119047165,0.023664649575948715
0.817951500415802,0.6160210371017456,-0.5065471529960632,0.9995133876800537,0.8282386064529419,0.5840790271759033,-0.4905949532985687,0.9991894960403442,0.837393581867218,0.5810015201568604,-0.4905800223350525,0.9990149140357971,0.8459192514419556,0.5789891481399536,-0.4904944896697998,0.9987754821777344,0.8065603971481323,0.5914443135261536,-0.47055965662002563,0.9994146227836609,0.7991345524787903,0.5936445593833923,-0.47034209966659546,0.9994733333587646,0.7906695008277893,0.5961067080497742,-0.4705023169517517,0.9995444416999817,0.8608447313308716,0.5856443047523499,-0.2957906126976013,0.9990319609642029,0.7879983186721802,0.6024021506309509,-0.19465133547782898,0.9995184540748596,0.8328757286071777,0.6384387612342834,-0.4310777187347412,0.9997337460517883,0.8114420175552368,0.6442276835441589,-0.40362048149108887,0.9997647404670715,0.9314460754394531,0.7070255279541016,-0.14693596959114075,0.9948821067810059,0.7552384734153748,0.733237087726593,-0.01838609017431736,0.9994778633117676,1.0139390230178833,0.8409145474433899,-0.33335691690444946,0.9158324003219604,0.6603066921234131,0.8851333260536194,-0.2462366372346878,0.9706094264984131,0.9757162928581238,0.6933829188346863,-0.5499471426010132,0.706183135509491,0.6663000583648682,0.7384155988693237,-0.6640389561653137,0.9652534127235413,0.970072865486145,0.6699365973472595,-0.59727942943573,0.6160290241241455,0.6703916788101196,0.7069219350814819,-0.7354897260665894,0.9412529468536377,0.9479633569717407,0.6629741787910461,-0.5541549921035767,0.6206063032150269,0.6832543611526489,0.6945940852165222,-0.6935614943504333,0.941068708896637,0.9453377723693848,0.6737934947013855,-0.5373253226280212,0.6165777444839478,0.6875595450401306,0.7058092951774597,-0.6617436408996582,0.9381824731826782,0.9390411376953125,1.0668758153915405,-0.06352297216653824,0.28207600116729736,0.8071905374526978,1.082940936088562,0.06493724882602692,0.3901764452457428,0.9399796724319458,1.3390098810195923,0.05215898156166077,0.0920543298125267,0.8058933019638062,1.3580090999603271,0.21176664531230927,0.0770760178565979,0.9434489011764526,1.5801697969436646,0.3462985157966614,0.018562082201242447,0.8154008984565735,1.6047921180725098,0.4373454451560974,0.02431626431643963,0.9490762948989868,1.6107845306396484,0.360451340675354,0.007442321162670851,0.8170049786567688,1.6379576921463013,0.4538314938545227,0.026525219902396202,0.9235720634460449,1.670005440711975,0.09159436821937561,0.007275891024619341,0.8351514935493469,1.6900538206100464,0.20279677212238312,0.02142350561916828
0.8074657320976257,0.6169683337211609,-0.4661848545074463,0.9995595812797546,0.8171225786209106,0.5855081677436829,-0.44901973009109497,0.9992655515670776,0.8258055448532104,0.5825270414352417,-0.4490318298339844,0.999107837677002,0.8343219757080078,0.5806018710136414,-0.44897088408470154,0.9988911747932434,0.7957587838172913,0.592563807964325,-0.43094348907470703,0.9994686245918274,0.788251519203186,0.5946950316429138,-0.4307962954044342,0.9995213150978088,0.7799689173698425,0.5971256494522095,-0.43101444840431213,0.9995856881141663,0.8493920564651489,0.587677538394928,-0.2598367929458618,0.999123215675354,0.7771350145339966,0.6042254567146301,-0.1694372594356537,0.9995636940002441,0.8220806121826172,0.6396868824958801,-0.3931441009044647,0.9997576475143433,0.8007853627204895,0.6450814008712769,-0.36851003766059875,0.9997856616973877,0.9197454452514648,0.7068465948104858,-0.11666271835565567,0.9953427910804749,0.7483298182487488,0.7344974875450134,-0.002244293224066496,0.9995101094245911,1.0044090747833252,0.844416618347168,-0.31935885548591614,0.9235650897026062,0.654438316822052,0.8886035680770874,-0.24486899375915527,0.9733069539070129,0.9613863229751587,0.6951774954795837,-0.5606948137283325,0.7352386116981506,0.6612362861633301,0.7388226389884949,-0.6969488859176636,0.9686089754104614,0.9526187777519226,0.6711649298667908,-0.6065924167633057,0.6531063318252563,0.6670559048652649,0.7077635526657104,-0.7765196561813354,0.946560263633728,0.9352989196777344,0.6625414490699768,-0.57502281665802,0.6570842862129211,0.6797527074813843,0.696049153804779,-0.7378443479537964,0.9463294744491577,0.9339243173599243,0.6731960773468018,-0.5520784854888916,0.6532246470451355,0.6830052733421326,0.7066648006439209,-0.6966938972473145,0.9437350630760193,0.9261035919189453,1.063904881477356,-0.057574398815631866,0.2759709358215332,0.7991227507591248,1.0793468952178955,0.05903124064207077,0.38296636939048767,0.9303919672966003,1.3374955654144287,0.041334301233291626,0.08360922336578369,0.7971347570419312,1.3543425798416138,0.1598236858844757,0.06989715248346329,0.9391216039657593,1.578383207321167,0.30986520648002625,0.016764281317591667,0.8129367828369141,1.6014978885650635,0.3867138922214508,0.021930577233433723,0.9456843137741089,1.6071803569793701,0.3227418065071106,0.006737026385962963,0.8155228495597839,1.6333280801773071,0.404874324798584,0.023950522765517235,0.9192836880683899,1.6692181825637817,0.05981975793838501,0.006575806066393852,0.8339333534240723,1.6863127946853638,0.1326407492160797,0.019365394487977028
0.7959273457527161,0.6169346570968628,-0.4337584376335144,0.9996001124382019,0.8060115575790405,0.5859016180038452,-0.41911306977272034,0.9993310570716858,0.8146325349807739,0.5831031203269958,-0.419163316488266,0.9991885423660278,0.8235081434249878,0.5813208222389221,-0.41908973455429077,0.998992383480072,0.7847343683242798,0.5927035808563232,-0.39946070313453674,0.9995139837265015,0.7774349451065063,0.5947892665863037,-0.399326354265213,0.9995612502098083,0.7696828842163086,0.5971654653549194,-0.39949339628219604,0.999619722366333,0.8392996788024902,0.5886995792388916,-0.24373383820056915,0.9992034435272217,0.7678845524787903,0.6047763228416443,-0.14543431997299194,0.9996025562286377,0.8114760518074036,0.64015793800354,-0.3660503625869751,0.9997791051864624,0.7898005843162537,0.6453273892402649,-0.3393906354904175,0.9998040795326233,0.9113938212394714,0.7076727151870728,-0.12327412515878677,0.9957766532897949,0.7396075129508972,0.736289381980896,0.02169414982199669,0.9995461106300354,1.0036412477493286,0.8608430027961731,-0.3230128884315491,0.9304816722869873,0.6467593312263489,0.8918565511703491,-0.19371254742145538,0.9757300615310669,0.9534444808959961,0.7090418934822083,-0.5700938701629639,0.7615635991096497,0.6568201780319214,0.740458607673645,-0.6198123693466187,0.9716762900352478,0.9422186017036438,0.6780397891998291,-0.6227107048034668,0.6871365904808044,0.6625028848648071,0.7100945711135864,-0.6932690143585205,0.9515520930290222,0.9259936213493347,0.6699139475822449,-0.5823408961296082,0.6906039118766785,0.6762353777885437,0.6994825601577759,-0.6547889709472656,0.9512932896614075,0.9244309663772583,0.6816911697387695,-0.5537243485450745,0.6870375871658325,0.67908775806427,0.7090737819671631,-0.6200317144393921,0.9489677548408508,0.9224085807800293,1.063387155532837,-0.05762100964784622,0.28190886974334717,0.7970443367958069,1.079263687133789,0.05910586565732956,0.3883795440196991,0.93316251039505,1.3360693454742432,0.03690551593899727,0.07580652832984924,0.8003953099250793,1.3538925647735596,0.18970036506652832,0.06337963789701462,0.9466995000839233,1.5755438804626465,0.3190128207206726,0.015130890533328056,0.821786105632782,1.597920298576355,0.4177342355251312,0.01977316103875637,0.953970730304718,1.6030343770980835,0.33419325947761536,0.006095147226005793,0.8248443603515625,1.6276925802230835,0.43865475058555603,0.021633248776197433,0.9281778335571289,1.6669436693191528,0.0677872970700264,0.005937056615948677,0.8427133560180664,1.683487057685852,0.18199707567691803,0.017513643950223923
0.7854419946670532,0.6183679699897766,-0.47193092107772827,0.9996393322944641,0.7951259016990662,0.5877069234848022,-0.45691829919815063,0.9993955492973328,0.8036259412765503,0.585053026676178,-0.4569053649902344,0.9992674589157104,0.8125888109207153,0.5833099484443665,-0.4567998945713043,0.9990900754928589,0.7738929986953735,0.5942257642745972,-0.4373023509979248,0.9995601773262024,0.7665219306945801,0.5963103175163269,-0.43715372681617737,0.9996030330657959,0.7589734792709351,0.5986126065254211,-0.4372989535331726,0.9996553659439087,0.8283017873764038,0.5909668207168579,-0.2743566930294037,0.9992811679840088,0.7574170827865601,0.6068441271781921,-0.17692860960960388,0.9996410012245178,0.800879955291748,0.641872227191925,-0.40125828981399536,0.9998003244400024,0.7792152166366577,0.6471161246299744,-0.3746354579925537,0.9998226165771484,0.9027882814407349,0.7108957171440125,-0.14210864901542664,0.9961862564086914,0.7288516163825989,0.7385432124137878,-0.005424225702881813,0.9995855093002319,1.0067572593688965,0.8817678689956665,-0.33803027868270874,0.9366739392280579,0.6391381025314331,0.8958560824394226,-0.23089225590229034,0.977817177772522,0.9477545619010925,0.7174164056777954,-0.5724760293960571,0.7853328585624695,0.6542778611183167,0.7428385019302368,-0.6604852676391602,0.9744664430618286,0.9331521987915039,0.6804450154304504,-0.624950110912323,0.7181031107902527,0.6582449078559875,0.7124499678611755,-0.7332877516746521,0.9562209844589233,0.9184054136276245,0.6711968183517456,-0.5809507369995117,0.7211771607398987,0.6716646552085876,0.7023578882217407,-0.6924081444740295,0.9559612274169922,0.9168397188186646,0.6846337914466858,-0.5594583749771118,0.7179218530654907,0.675356924533844,0.7117727994918823,-0.6597880125045776,0.953870952129364,0.916898250579834,1.063403844833374,-0.057735420763492584,0.26456624269485474,0.7854059934616089,1.0790870189666748,0.059343159198760986,0.36468303203582764,0.9246161580085754,1.3366138935089111,0.038622140884399414,0.06840015947818756,0.7896496057510376,1.353344440460205,0.21980759501457214,0.05715944245457649,0.935824990272522,1.5754798650741577,0.325222909450531,0.013634948059916496,0.8076187968254089,1.5974973440170288,0.49729329347610474,0.01780320145189762,0.9435029029846191,1.6030354499816895,0.34188520908355713,0.005501197651028633,0.8095461130142212,1.626847505569458,0.5227646827697754,0.019492188468575478,0.9151201248168945,1.666926622390747,0.07121924310922623,0.005350866355001926,0.828774631023407,1.6833641529083252,0.24088065326213837,0.015791617333889008
0.7750871777534485,0.6200239062309265,-0.4730072617530823,0.9996740818023682,0.7847030162811279,0.589426577091217,-0.45985502004623413,0.9994521141052246,0.793380081653595,0.5867893695831299,-0.45983418822288513,0.999337375164032,0.8024636507034302,0.5849570035934448,-0.4596858024597168,0.9991766810417175,0.7636162638664246,0.5959317088127136,-0.43859538435935974,0.9995999336242676,0.7565308809280396,0.5980777740478516,-0.4384274482727051,0.9996388554573059,0.749324381351471,0.6003533005714417,-0.4385407865047455,0.9996851682662964,0.8189843893051147,0.5925740599632263,-0.28318706154823303,0.9993504881858826,0.7485262155532837,0.6092056632041931,-0.17901135981082916,0.9996742606163025,0.7909621000289917,0.6435989737510681,-0.4049697518348694,0.9998191595077515,0.7693439722061157,0.6488720774650574,-0.3762480616569519,0.9998387694358826,0.8953794240951538,0.7116957902908325,-0.15580347180366516,0.9965548515319824,0.7212077379226685,0.7415086030960083,-0.009910657070577145,0.9996182918548584,1.0041775703430176,0.8913125395774841,-0.4205184876918793,0.9419587254524231,0.6317938566207886,0.8965665102005005,-0.22895769774913788,0.9792906641960144,0.9377490282058716,0.7206491231918335,-0.6994574666023254,0.8066883683204651,0.64991295337677,0.7451185584068298,-0.6493182182312012,0.9769072532653809,0.9205781817436218,0.681820273399353,-0.7583410739898682,0.745858371257782,0.6540987491607666,0.7150756120681763,-0.7201485633850098,0.9601860046386719,0.9069007635116577,0.6738929152488708,-0.7053021192550659,0.7485732436180115,0.6668258905410767,0.7053926587104797,-0.6779136061668396,0.9599027633666992,0.9056108593940735,0.6872769594192505,-0.6854891180992126,0.7455646991729736,0.6710852980613708,0.7145094275474548,-0.6487094163894653,0.9580321311950684,0.9124940633773804,1.0645005702972412,-0.060351867228746414,0.24558769166469574,0.7794867753982544,1.0815694332122803,0.062204428017139435,0.3379894495010376,0.9247790575027466,1.3387328386306763,0.03722681850194931,0.061685916036367416,0.7898734211921692,1.3554550409317017,0.23528388142585754,0.05152822658419609,0.9389163851737976,1.5760657787322998,0.328926682472229,0.012284127064049244,0.8100526928901672,1.5978139638900757,0.5315576195716858,0.0160281490534544,0.9469006657600403,1.6035175323486328,0.345727801322937,0.004962876904755831,0.8119009733200073,1.6275402307510376,0.5579013824462891,0.017558662220835686,0.919227123260498,1.6682307720184326,0.06867857277393341,0.004822248592972755,0.8322857022285461,1.684095859527588,0.27145931124687195,0.01423864159733057
0.7684266567230225,0.6197519898414612,-0.4108019471168518,0.9997057914733887,0.7771857976913452,0.5891168713569641,-0.397377610206604,0.9995026588439941,0.7856209874153137,0.5864781737327576,-0.3971988558769226,0.9994004368782043,0.7941262125968933,0.5846260190010071,-0.3969595730304718,0.999254047870636,0.7560878396034241,0.5960292816162109,-0.37603944540023804,0.9996358156204224,0.7491703033447266,0.5984411239624023,-0.3758774399757385,0.999671995639801,0.742012619972229,0.6009827852249146,-0.375948965549469,0.9997125864028931,0.809383749961853,0.5922353267669678,-0.23687346279621124,0.9994126558303833,0.7393704056739807,0.6108575463294983,-0.13276688754558563,0.9997047781944275,0.7839377522468567,0.6432714462280273,-0.3500470519065857,0.9998360276222229,0.7617837190628052,0.648898720741272,-0.3212900459766388,0.9998534321784973,0.8895405530929565,0.7140941619873047,-0.13435958325862885,0.9968893527984619,0.7111955881118774,0.74339759349823,-0.002417433075606823,0.9996527433395386,1.0010569095611572,0.8966885209083557,-0.3945183753967285,0.947019100189209,0.6234908699989319,0.9001084566116333,-0.23933932185173035,0.9806941747665405,0.9261418581008911,0.7208198308944702,-0.6785320043563843,0.8259555101394653,0.6490601301193237,0.7483862638473511,-0.6566029191017151,0.9791598916053772,0.9071395993232727,0.6801003217697144,-0.7473851442337036,0.7710229754447937,0.652302086353302,0.7183059453964233,-0.7288911938667297,0.9639787077903748,0.8950510025024414,0.6733760237693787,-0.6419816613197327,0.7734219431877136,0.6661661863327026,0.7100123763084412,-0.680803656578064,0.9636906981468201,0.8938921093940735,0.6871630549430847,-0.6642869710922241,0.7706955075263977,0.6711385846138,0.7185185551643372,-0.6540230512619019,0.9620202779769897,0.9024947881698608,1.0680336952209473,-0.055132828652858734,0.22784200310707092,0.766472578048706,1.0834591388702393,0.05709000304341316,0.3135603070259094,0.9074101448059082,1.3446470499038696,0.059897612780332565,0.055590949952602386,0.7717196941375732,1.359090805053711,0.22575142979621887,0.046422187238931656,0.9172118902206421,1.580051064491272,0.34907931089401245,0.011064563877880573,0.7845706343650818,1.6013092994689941,0.5250263810157776,0.01442794967442751,0.9246208071708679,1.6074707508087158,0.3655112683773041,0.004476809408515692,0.7849323749542236,1.63182532787323,0.551712155342102,0.01581082120537758,0.8958773612976074,1.673030972480774,0.09661902487277985,0.004344983957707882,0.8046843409538269,1.6893012523651123,0.2654292583465576,0.01282556913793087
0.7610975503921509,0.6195201277732849,-0.3947034478187561,0.999733567237854,0.7701546549797058,0.5888422131538391,-0.37872231006622314,0.9995463490486145,0.7788190245628357,0.586234986782074,-0.37862783670425415,0.9994552135467529,0.7872918844223022,0.5844247937202454,-0.378386914730072,0.9993218183517456,0.7490450143814087,0.5958483219146729,-0.35768917202949524,0.9996659755706787,0.7423157095909119,0.5982952117919922,-0.35756951570510864,0.999699592590332,0.7355676889419556,0.6008862257003784,-0.3576798141002655,0.9997350573539734,0.8029788732528687,0.5921615958213806,-0.2180069237947464,0.9994664788246155,0.7328178286552429,0.6111509799957275,-0.1151459664106369,0.9997303485870361,0.7769483923912048,0.6430827975273132,-0.33513063192367554,0.9998503923416138,0.754428505897522,0.648751437664032,-0.30696985125541687,0.9998655319213867,0.8831524848937988,0.7183637619018555,-0.12824946641921997,0.9971811771392822,0.7043861150741577,0.744128942489624,0.007239942904561758,0.9996775984764099,0.9950558543205261,0.9024879932403564,-0.38633835315704346,0.9515357613563538,0.6152568459510803,0.8993679285049438,-0.24213559925556183,0.9819121360778809,0.9120230674743652,0.7270049452781677,-0.653971254825592,0.8433218598365784,0.6484156847000122,0.7496257424354553,-0.6567258834838867,0.9811728000640869,0.8911144137382507,0.6889388561248779,-0.713309645652771,0.7937731146812439,0.6508868932723999,0.7212266325950623,-0.7305545806884766,0.967333972454071,0.8789623975753784,0.6822903156280518,-0.6482284665107727,0.7959095239639282,0.6653242707252502,0.7129896283149719,-0.682880163192749,0.9670448899269104,0.8789604306221008,0.6954761147499084,-0.6398850083351135,0.7934293746948242,0.670720636844635,0.721203088760376,-0.6545859575271606,0.9655506610870361,0.893051266670227,1.0691759586334229,-0.054245851933956146,0.213608980178833,0.7611681222915649,1.084267258644104,0.05609249323606491,0.2933204472064972,0.899740993976593,1.3442060947418213,0.053318120539188385,0.050103913992643356,0.7659024596214294,1.358489990234375,0.2208622246980667,0.04182838648557663,0.9132418632507324,1.5798438787460327,0.33551934361457825,0.009965628385543823,0.7855104207992554,1.6005522012710571,0.5213607549667358,0.012987642548978329,0.9207956194877625,1.6074516773223877,0.3512198030948639,0.004036906640976667,0.7870703935623169,1.6307698488235474,0.5463069677352905,0.014236567541956902,0.894199013710022,1.672414779663086,0.08562405407428741,0.003915684297680855,0.8060460090637207,1.6861999034881592,0.2557075321674347,0.011557331308722496
0.7573221325874329,0.6181461215019226,-0.38616085052490234,0.999759316444397,0.7660878300666809,0.5887106657028198,-0.3645104467868805,0.9995874166488647,0.7746954560279846,0.5860302448272705,-0.36442261934280396,0.9995064735412598,0.7829736471176147,0.5842689275741577,-0.3640899956226349,0.9993849992752075,0.7448695302009583,0.5952479839324951,-0.34686583280563354,0.9996942281723022,0.7379353046417236,0.5978042483329773,-0.34677982330322266,0.9997258186340332,0.7315623760223389,0.600501298904419,-0.34689146280288696,0.9997561573982239,0.798011839389801,0.5921124815940857,-0.19567814469337463,0.9995166063308716,0.7273434400558472,0.6110901236534119,-0.10949045419692993,0.9997543096542358,0.7732031345367432,0.6421138644218445,-0.32550758123397827,0.9998639225959778,0.7500512003898621,0.6478029489517212,-0.30205461382865906,0.9998770952224731,0.8742472529411316,0.7190170884132385,-0.11568782478570938,0.9974558353424072,0.6975477933883667,0.7451401948928833,0.011197293177247047,0.9997029900550842,0.9856088757514954,0.9088701009750366,-0.40038999915122986,0.9560639262199402,0.6055004596710205,0.9016319513320923,-0.23765698075294495,0.9832313060760498,0.8986645936965942,0.7311255931854248,-0.7298799157142639,0.858979344367981,0.6482101678848267,0.7507690787315369,-0.6282298564910889,0.9830174446105957,0.8735175132751465,0.6970889568328857,-0.7988654375076294,0.8143516778945923,0.6526461839675903,0.7242622971534729,-0.7026228904724121,0.9704592227935791,0.8618738055229187,0.6892097592353821,-0.7442402243614197,0.816267192363739,0.666645884513855,0.715699315071106,-0.6503962874412537,0.9701774716377258,0.8632382154464722,0.7012982964515686,-0.7175509929656982,0.814022421836853,0.6719205379486084,0.7244555950164795,-0.6238716244697571,0.9688352942466736,0.8888495564460754,1.0657566785812378,-0.04753977060317993,0.19864054024219513,0.7567479014396667,1.0827250480651855,0.04926735907793045,0.2719186544418335,0.9002768397331238,1.3384730815887451,0.05080179125070572,0.04513775184750557,0.7664930820465088,1.355051875114441,0.15798339247703552,0.03768927976489067,0.9157761335372925,1.5729950666427612,0.33413752913475037,0.008973048999905586,0.7902349829673767,1.5940943956375122,0.38995298743247986,0.011691215448081493,0.9227563142776489,1.6016781330108643,0.34980735182762146,0.003637265181168914,0.7926122546195984,1.6247997283935547,0.4088274836540222,0.012818362563848495,0.9008046984672546,1.659056544303894,0.08540212363004684,0.0035279071889817715,0.8104995489120483,1.6746125221252441,0.13084092736244202,0.010414756834506989
0.7534935474395752,0.6180781126022339,-0.37524205446243286,0.9997803568840027,0.7623496651649475,0.5888168811798096,-0.35583752393722534,0.9996192455291748,0.7706383466720581,0.586502194404602,-0.3557935059070587,0.9995467662811279,0.7790831923484802,0.5850656628608704,-0.3555727005004883,0.9994357824325562,0.7407562732696533,0.5951743721961975,-0.3396347463130951,0.999715268611908,0.7334195375442505,0.5977792143821716,-0.3395475447177887,0.9997444748878479,0.7270745635032654,0.6005667448043823,-0.339682400226593,0.9997715353965759,0.792643666267395,0.5929165482521057,-0.19148509204387665,0.9995556473731995,0.7224357724189758,0.611725389957428,-0.1108824610710144,0.9997721314430237,0.7697341442108154,0.6419500112533569,-0.3151995539665222,0.9998739957809448,0.746453583240509,0.6477395296096802,-0.29344701766967773,0.999885618686676,0.8651583790779114,0.7185237407684326,-0.10458256304264069,0.9976915121078491,0.691740870475769,0.7457348704338074,0.01785162463784218,0.9997211694717407,0.9776358604431152,0.9071682691574097,-0.3942083716392517,0.9600210189819336,0.5980507135391235,0.9098827838897705,-0.20829066634178162,0.9844842553138733,0.8847242593765259,0.7319380640983582,-0.6965590715408325,0.8730024099349976,0.642102837562561,0.76127690076828,-0.5939160585403442,0.9845739006996155,0.8617131114006042,0.6990941762924194,-0.7610775232315063,0.832597553730011,0.6532895565032959,0.7334458827972412,-0.6657624244689941,0.9728513360023499,0.849727988243103,0.6925447583198547,-0.7084146738052368,0.8342759013175964,0.6664061546325684,0.7229340076446533,-0.616257905960083,0.9725325703620911,0.8508755564689636,0.703420877456665,-0.6837834119796753,0.8321831822395325,0.6697260141372681,0.7320088148117065,-0.5883535742759705,0.9713394045829773,0.8780673146247864,1.0620882511138916,-0.04504340887069702,0.18837587535381317,0.7507216930389404,1.0808613300323486,0.04667458310723305,0.2569087743759155,0.8918183445930481,1.3341917991638184,0.03494821861386299,0.04069926589727402,0.7605927586555481,1.3508073091506958,0.11658116430044174,0.03401831537485123,0.9084938764572144,1.5707544088363647,0.3152179718017578,0.00807979516685009,0.7871276140213013,1.5900866985321045,0.3249511420726776,0.010525804944336414,0.9148542284965515,1.5997084379196167,0.3303753137588501,0.0032763744238764048,0.7896894216537476,1.6207653284072876,0.340658038854599,0.01154300570487976,0.8971040844917297,1.6541422605514526,0.071421317756176,0.0031792379450052977,0.8080260157585144,1.6693297624588013,0.0655314102768898,0.009385970421135426
0.7491291761398315,0.61606764793396,-0.36048394441604614,0.9998010993003845,0.7585805058479309,0.5884847640991211,-0.33834466338157654,0.9996532797813416,0.7671226859092712,0.5864454507827759,-0.3382911682128906,0.9995883703231812,0.7756363153457642,0.5849727392196655,-0.3380410075187683,0.9994876980781555,0.7359883785247803,0.5944759249687195,-0.3238944411277771,0.9997396469116211,0.7288023829460144,0.5970382690429688,-0.32379472255706787,0.9997663497924805,0.7216683626174927,0.6001052260398865,-0.3239288926124573,0.9997903108596802,0.7886331081390381,0.5928105115890503,-0.17329654097557068,0.9995962381362915,0.7160307168960571,0.6116120219230652,-0.10152862966060638,0.9997920989990234,0.7654922008514404,0.6403853297233582,-0.3016119599342346,0.9998849630355835,0.7407721877098083,0.6464873552322388,-0.28221309185028076,0.9998952746391296,0.8608857989311218,0.7181686162948608,-0.0923556238412857,0.9979134202003479,0.6851615309715271,0.7462707757949829,0.018523745238780975,0.9997413754463196,0.9728959202766418,0.9074730277061462,-0.3655741214752197,0.9637607336044312,0.5918017625808716,0.9153686165809631,-0.20948143303394318,0.9856184720993042,0.8726070523262024,0.7407779693603516,-0.6763542890548706,0.8856586217880249,0.6410698890686035,0.7684364914894104,-0.5841985940933228,0.9859939217567444,0.8497241139411926,0.7087016701698303,-0.7388534545898438,0.8491501212120056,0.6539920568466187,0.7391526699066162,-0.6563711166381836,0.975068986415863,0.836027979850769,0.6992872357368469,-0.6870816946029663,0.8506380915641785,0.667125940322876,0.7298179268836975,-0.6045814752578735,0.9747142195701599,0.8378328084945679,0.7116149067878723,-0.6635262966156006,0.8487071990966797,0.6701646447181702,0.7386481165885925,-0.5773359537124634,0.9736547470092773,0.8721033334732056,1.058484673500061,-0.03915891796350479,0.1796770840883255,0.7432610392570496,1.079142689704895,0.04077085107564926,0.24310141801834106,0.8891971707344055,1.3302597999572754,0.033976756036281586,0.03667912259697914,0.7575053572654724,1.3482314348220825,0.1058407872915268,0.030674802139401436,0.908216118812561,1.5676077604293823,0.3143293261528015,0.00727456621825695,0.7861278057098389,1.5880502462387085,0.3049684464931488,0.009475793689489365,0.9151296615600586,1.5967259407043457,0.32947781682014465,0.0029507691506296396,0.7889382243156433,1.619197964668274,0.3196500539779663,0.010392502881586552,0.8972476124763489,1.6507600545883179,0.07208193838596344,0.002864573849365115,0.8070336580276489,1.667159914970398,0.04744467884302139,0.008456801064312458
0.7370318174362183,0.609401285648346,-0.3471323847770691,0.9998200535774231,0.7475528717041016,0.5838573575019836,-0.3225474953651428,0.9996829628944397,0.7565164566040039,0.5822069048881531,-0.32246601581573486,0.9996264576911926,0.7657910585403442,0.5814151167869568,-0.32207685708999634,0.9995339512825012,0.7254409193992615,0.5914947390556335,-0.3053002953529358,0.9997594952583313,0.7179304361343384,0.5947985053062439,-0.3052080571651459,0.9997854828834534,0.7113727927207947,0.5982810258865356,-0.30533483624458313,0.9998041987419128,0.7816284894943237,0.5900459885597229,-0.15908387303352356,0.9996336102485657,0.705133318901062,0.6108483672142029,-0.07612747699022293,0.9998086094856262,0.754944920539856,0.6322197318077087,-0.2901078462600708,0.9998943209648132,0.7278660535812378,0.6400011777877808,-0.2673775553703308,0.9999023675918579,0.8514795303344727,0.7138153314590454,-0.10576609522104263,0.9981164336204529,0.6803290843963623,0.7457016110420227,0.03331466764211655,0.9997535943984985,0.9375826716423035,0.9052047729492188,-0.3867952525615692,0.9670899510383606,0.592016339302063,0.9186254143714905,-0.21685095131397247,0.9857770800590515,0.8142178654670715,0.7492951154708862,-0.6793385744094849,0.8970798254013062,0.6422330737113953,0.7715125679969788,-0.6138718724250793,0.9872283339500427,0.782810389995575,0.7179155945777893,-0.7400908470153809,0.864183783531189,0.6665002107620239,0.7404845356941223,-0.6872547268867493,0.9770966172218323,0.7790981531143188,0.7031976580619812,-0.6880730986595154,0.8655165433883667,0.6751970052719116,0.7310138940811157,-0.6383776068687439,0.976708710193634,0.7845587134361267,0.7124996185302734,-0.6649570465087891,0.8637600541114807,0.6728866100311279,0.7413903474807739,-0.6095434427261353,0.9757776260375977,0.8634601831436157,1.0517247915267944,-0.040575772523880005,0.16663692891597748,0.7281286716461182,1.071212887763977,0.04222669452428818,0.22398941218852997,0.8749879598617554,1.3229421377182007,0.034908514469861984,0.03306339681148529,0.7412467002868652,1.339781403541565,0.1335364133119583,0.027652807533740997,0.8895736932754517,1.5565853118896484,0.31639084219932556,0.006552434526383877,0.7654313445091248,1.5763189792633057,0.3577384650707245,0.008530894294381142,0.8968645930290222,1.5863116979599,0.33095183968544006,0.002661042148247361,0.7676180601119995,1.6076226234436035,0.37493711709976196,0.009360948577523232,0.8754075765609741,1.6411176919937134,0.06784121692180634,0.002582782180979848,0.7842947840690613,1.6585112810134888,0.09996949136257172,0.007623517420142889
0.7341135740280151,0.6028508543968201,-0.3257676661014557,0.9998346567153931,0.7455394864082336,0.5785371661186218,-0.2982429265975952,0.9996983408927917,0.7550484538078308,0.5771915316581726,-0.29822567105293274,0.9996543526649475,0.7635274529457092,0.5770077109336853,-0.29782792925834656,0.9995659589767456,0.7235849499702454,0.5862420201301575,-0.28290098905563354,0.999762773513794,0.7171142101287842,0.5897971987724304,-0.2827860713005066,0.999793291091919,0.7105270624160767,0.5935167074203491,-0.2829757034778595,0.9998005032539368,0.7790678143501282,0.5872695446014404,-0.13167688250541687,0.9996613264083862,0.7039110660552979,0.606721818447113,-0.05509836599230766,0.99981290102005,0.752506673336029,0.6245597004890442,-0.2680715322494507,0.9998970031738281,0.7242287397384644,0.6331272721290588,-0.24740633368492126,0.9998990297317505,0.8456069827079773,0.7073195576667786,-0.09721662849187851,0.9982904195785522,0.677744448184967,0.7436237931251526,0.03406680002808571,0.9997377395629883,0.9278789758682251,0.9041231870651245,-0.38434427976608276,0.9698562026023865,0.5956910252571106,0.9167482256889343,-0.2285521775484085,0.9849501252174377,0.7981709837913513,0.7513617277145386,-0.6674534678459167,0.9073380827903748,0.6698806881904602,0.7690267562866211,-0.606268048286438,0.9879210591316223,0.7671629786491394,0.7187668085098267,-0.7209281325340271,0.8776325583457947,0.7015987038612366,0.7395150065422058,-0.675104558467865,0.9778504371643066,0.7652223706245422,0.7033071517944336,-0.661275327205658,0.8788166046142578,0.7083858847618103,0.7286494970321655,-0.6153762936592102,0.9772573113441467,0.7708638310432434,0.7132736444473267,-0.6473395824432373,0.8771955370903015,0.7042809724807739,0.7390928268432617,-0.5970286130905151,0.9765245914459229,0.8557918667793274,1.041489839553833,-0.04138847440481186,0.15233708918094635,0.7175723910331726,1.060911774635315,0.043087415397167206,0.20397543907165527,0.8679213523864746,1.3111017942428589,0.019922476261854172,0.02979901246726513,0.7361032366752625,1.3237100839614868,0.13220833241939545,0.024933328852057457,0.8803578615188599,1.5429565906524658,0.2795352339744568,0.005902648437768221,0.7579535841941833,1.5587189197540283,0.33748751878738403,0.007681370247155428,0.8875867128372192,1.572170615196228,0.29053667187690735,0.0024006138555705547,0.7588141560554504,1.5909695625305176,0.352861225605011,0.008436392061412334,0.865199863910675,1.6286259889602661,0.019153805449604988,0.00232970854267478,0.7776767015457153,1.6402244567871094,0.07841043174266815,0.006879940629005432
0.7341758012771606,0.5975552797317505,-0.3189173936843872,0.9998481869697571,0.7456279993057251,0.5747736692428589,-0.2911313772201538,0.9997126460075378,0.7540379762649536,0.5734223127365112,-0.29104480147361755,0.9996805191040039,0.7617889642715454,0.5730509161949158,-0.290626585483551,0.9995945692062378,0.7229186296463013,0.5830281376838684,-0.27755141258239746,0.9997673630714417,0.7166124582290649,0.5865684151649475,-0.277427077293396,0.9998027086257935,0.709882378578186,0.5903139114379883,-0.2776157855987549,0.9997995495796204,0.7764544486999512,0.5839860439300537,-0.12750568985939026,0.9996868968009949,0.7034037113189697,0.6036525964736938,-0.058245398104190826,0.9998205900192261,0.7535634636878967,0.6171980500221252,-0.26210227608680725,0.9999004006385803,0.7237753868103027,0.6274570226669312,-0.24340569972991943,0.9998988509178162,0.8448655009269714,0.7052488923072815,-0.08922861516475677,0.9984523057937622,0.6748055219650269,0.7426860928535461,0.026488814502954483,0.9997434616088867,0.9201216697692871,0.9017848968505859,-0.38091331720352173,0.9723241329193115,0.5984700918197632,0.919163703918457,-0.2469942271709442,0.9849134087562561,0.7962771654129028,0.755348801612854,-0.6608180999755859,0.9165732264518738,0.6804182529449463,0.7679634690284729,-0.6023529171943665,0.9888767600059509,0.7654504179954529,0.7234281897544861,-0.7132595777511597,0.8897528648376465,0.7176700234413147,0.7374756336212158,-0.6691830158233643,0.9793660640716553,0.7639579176902771,0.7064226865768433,-0.6516567468643188,0.8908054232597351,0.7236274480819702,0.7272085547447205,-0.6084321737289429,0.9787055253982544,0.7702651023864746,0.7160698771476746,-0.6396387815475464,0.8893144130706787,0.7187106609344482,0.7384010553359985,-0.5910326242446899,0.978069543838501,0.8539043664932251,1.037150502204895,-0.03807883709669113,0.1395360827445984,0.7128446698188782,1.056303858757019,0.04005405679345131,0.18603311479091644,0.8677576184272766,1.3083359003067017,0.013686890713870525,0.02684847265481949,0.7372397780418396,1.3187884092330933,0.09830312430858612,0.022464605048298836,0.8814519047737122,1.540590763092041,0.25961655378341675,0.005316465627402067,0.7577014565467834,1.5549556016921997,0.2744189202785492,0.006914788857102394,0.8891605138778687,1.569922685623169,0.26887574791908264,0.0021652677096426487,0.7572904229164124,1.587947130203247,0.28654974699020386,0.007597520016133785,0.8653437495231628,1.626855731010437,-0.00019658329256344587,0.0021000744309276342,0.7789359092712402,1.6368587017059326,0.010537545196712017,0.006200599949806929
0.7334431409835815,0.5946287512779236,-0.3298056423664093,0.9998571276664734,0.7449898719787598,0.5729877948760986,-0.3024861514568329,0.9997135996818542,0.7527039051055908,0.5717862248420715,-0.3024328947067261,0.9996969699859619,0.760598361492157,0.5713027715682983,-0.3020370602607727,0.9996087551116943,0.722009003162384,0.5810242295265198,-0.29027944803237915,0.9997565150260925,0.7157858610153198,0.5844161510467529,-0.29017025232315063,0.9998016357421875,0.7091821432113647,0.5880727171897888,-0.2903844118118286,0.9997827410697937,0.7748132348060608,0.5825566649436951,-0.13082166016101837,0.9997028708457947,0.7021121382713318,0.6024338603019714,-0.0669870674610138,0.9998189806938171,0.7530412673950195,0.6140843033790588,-0.26911604404449463,0.9999000430107117,0.7225645780563354,0.6239913105964661,-0.2518053948879242,0.9998931884765625,0.8410924673080444,0.7043394446372986,-0.08260449767112732,0.9985945224761963,0.6722795963287354,0.7426607012748718,0.02550363540649414,0.9997456073760986,0.9134654998779297,0.9001793265342712,-0.38072672486305237,0.9746171832084656,0.6011396050453186,0.9179372787475586,-0.26067033410072327,0.9854613542556763,0.7920295000076294,0.7589483857154846,-0.6845974326133728,0.9248782992362976,0.6959856152534485,0.7628535032272339,-0.6106642484664917,0.9897932410240173,0.7621334791183472,0.7302886843681335,-0.7451590299606323,0.9006314277648926,0.7329195737838745,0.7329303026199341,-0.6783010363578796,0.9808123111724854,0.7623758912086487,0.7103034257888794,-0.6886193156242371,0.9015616178512573,0.7382274270057678,0.7184422016143799,-0.6201621294021606,0.9800989627838135,0.7687618136405945,0.7193536162376404,-0.6680729985237122,0.900178074836731,0.7322865724563599,0.7289941906929016,-0.5997279286384583,0.9795241951942444,0.8498492240905762,1.0360159873962402,-0.036005426198244095,0.13006795942783356,0.7096428275108337,1.0540469884872437,0.03795451298356056,0.17232589423656464,0.8623660802841187,1.3061672449111938,0.006646913476288319,0.02422034926712513,0.732281506061554,1.3163443803787231,0.10545714199542999,0.02027258835732937,0.8736847043037415,1.538574457168579,0.2585645020008087,0.00479427445679903,0.7520007491111755,1.5522139072418213,0.30415666103363037,0.006227022502571344,0.8807953000068665,1.5677992105484009,0.26839151978492737,0.0019595955964177847,0.7510937452316284,1.5847841501235962,0.3182491064071655,0.006850238423794508,0.8584300875663757,1.6240122318267822,-0.004224578384310007,0.0018966217758134007,0.7733340859413147,1.633924961090088,0.037905003875494,0.005597441457211971
0.7307246327400208,0.593093991279602,-0.2912136912345886,0.9998654723167419,0.7423319220542908,0.5721139311790466,-0.26481765508651733,0.9997110366821289,0.7497109174728394,0.5707880258560181,-0.2647092640399933,0.9997092485427856,0.7576645612716675,0.5699540972709656,-0.26431742310523987,0.999617338180542,0.7198704481124878,0.580203652381897,-0.253763884305954,0.9997465014457703,0.7137380838394165,0.5834008455276489,-0.25365740060806274,0.9998018145561218,0.707606315612793,0.5867460370063782,-0.25388675928115845,0.999771237373352,0.7721304893493652,0.5813236832618713,-0.10267971456050873,0.9997128844261169,0.7012747526168823,0.6012207269668579,-0.0438876673579216,0.9998193979263306,0.7499622106552124,0.6124809980392456,-0.23380322754383087,0.9998973608016968,0.7209249138832092,0.6216154098510742,-0.2178063690662384,0.9998874068260193,0.839858889579773,0.7022865414619446,-0.05886374041438103,0.9987184405326843,0.6728355884552002,0.7415200471878052,0.020768944174051285,0.999755322933197,0.9053680300712585,0.8950614929199219,-0.3530476689338684,0.9764106273651123,0.6077036261558533,0.913224995136261,-0.26628994941711426,0.9858143925666809,0.7908672094345093,0.7641890048980713,-0.6545531153678894,0.9323003888130188,0.7135826349258423,0.7525492906570435,-0.5758525729179382,0.9906405806541443,0.7598246932029724,0.7403638958930969,-0.7126624584197998,0.9102693200111389,0.7460582852363586,0.7276114225387573,-0.6386350393295288,0.9822350144386292,0.7611215710639954,0.7177870273590088,-0.6553547978401184,0.9110760688781738,0.7494765520095825,0.7128855586051941,-0.5789753198623657,0.9814924597740173,0.7661407589912415,0.7253754138946533,-0.6388397216796875,0.909783124923706,0.7420697808265686,0.7218592166900635,-0.5619512796401978,0.9809736609458923,0.8479410409927368,1.035410761833191,-0.030005142092704773,0.12146740406751633,0.7066015005111694,1.0523221492767334,0.03202163428068161,0.1599985808134079,0.8587983250617981,1.3055131435394287,0.010023020207881927,0.02183765172958374,0.728996992111206,1.3164308071136475,0.09131982922554016,0.018279727548360825,0.869133472442627,1.5397306680679321,0.26116079092025757,0.004321329761296511,0.7456004023551941,1.554733395576477,0.2698148787021637,0.0056067476980388165,0.8758358955383301,1.5694104433059692,0.27139872312545776,0.0017703019548207521,0.7443471550941467,1.5873920917510986,0.28190356492996216,0.006170467007905245,0.8547455668449402,1.6256370544433594,0.0066645098850131035,0.0017117167590186,0.7666226029396057,1.6375906467437744,0.0031155056785792112,0.0050479029305279255
0.7295963168144226,0.590142548084259,-0.2841850221157074,0.9998716115951538,0.7414265871047974,0.5702871680259705,-0.25849810242652893,0.9997087121009827,0.7484210133552551,0.5691295862197876,-0.2583808898925781,0.9997190237045288,0.7562178373336792,0.568259596824646,-0.25803008675575256,0.9996253252029419,0.7193140983581543,0.577866792678833,-0.24825982749462128,0.9997390508651733,0.7131412029266357,0.5808890461921692,-0.2481471747159958,0.9998016953468323,0.7072657346725464,0.5838484168052673,-0.2483517825603485,0.9997629523277283,0.77020663022995,0.5801402926445007,-0.09834030270576477,0.9997193813323975,0.7011831998825073,0.5985350012779236,-0.04370075836777687,0.9998184442520142,0.7470980882644653,0.6096441745758057,-0.22769446671009064,0.9998947978019714,0.7192524075508118,0.6174158453941345,-0.21265621483325958,0.999882698059082,0.8381060361862183,0.7006382346153259,-0.05401118844747543,0.9988319277763367,0.6725797653198242,0.7400662302970886,0.009176397696137428,0.9997672438621521,0.8980389833450317,0.8883737325668335,-0.33571484684944153,0.9783195853233337,0.6192614436149597,0.9086072444915771,-0.2767576277256012,0.986388087272644,0.7846384644508362,0.7652866244316101,-0.6246293783187866,0.9389892220497131,0.723549485206604,0.7440177798271179,-0.5917004942893982,0.9913816452026367,0.7518733739852905,0.7404635548591614,-0.683164656162262,0.9189613461494446,0.7500919699668884,0.7210286259651184,-0.6582545638084412,0.9834265112876892,0.754747748374939,0.7188815474510193,-0.630740761756897,0.9196509122848511,0.7527303695678711,0.7066353559494019,-0.6027551293373108,0.9826434254646301,0.760094940662384,0.7260617017745972,-0.6105738282203674,0.9184467196464539,0.7452589273452759,0.7146294713020325,-0.5805793404579163,0.9821808338165283,0.8403857350349426,1.0337584018707275,-0.024532178416848183,0.12621892988681793,0.7036130428314209,1.0485183000564575,0.026346486061811447,0.1613098829984665,0.8488515615463257,1.3013513088226318,0.01647927798330784,0.01973307877779007,0.7213163375854492,1.312947392463684,0.08317849040031433,0.016530266031622887,0.8593934178352356,1.537217617034912,0.26896414160728455,0.003907900303602219,0.7397893667221069,1.551296353340149,0.2561420202255249,0.005051290150731802,0.8659412264823914,1.5670967102050781,0.27974003553390503,0.0016119625652208924,0.7389582395553589,1.5823860168457031,0.2672576904296875,0.005565466824918985,0.8461222648620605,1.620753526687622,0.01689186692237854,0.0015509587246924639,0.7605103254318237,1.634555459022522,-0.0061101363971829414,0.004559112712740898
0.7299790978431702,0.5887843370437622,-0.269249826669693,0.9998740553855896,0.7413070797920227,0.5683292746543884,-0.2474636733531952,0.9997036457061768,0.7481374740600586,0.5672727823257446,-0.24734406173229218,0.9997219443321228,0.7557483911514282,0.5664074420928955,-0.24705974757671356,0.9996306896209717,0.7198717594146729,0.5758320689201355,-0.23717638850212097,0.9997289776802063,0.7135486602783203,0.5789852738380432,-0.23695318400859833,0.9997935891151428,0.7079585790634155,0.5818483233451843,-0.23714427649974823,0.9997499585151672,0.7696470022201538,0.579052209854126,-0.09518401324748993,0.9997224807739258,0.7016208171844482,0.5970931649208069,-0.03904157876968384,0.9998124837875366,0.7470556497573853,0.6089845299720764,-0.2147866040468216,0.9998928904533386,0.7198770046234131,0.6162599921226501,-0.19924315810203552,0.9998770356178284,0.8376210927963257,0.6972522139549255,-0.05197274684906006,0.9989379644393921,0.6746903657913208,0.7355912923812866,0.009082593955099583,0.9997802376747131,0.893295407295227,0.8760920166969299,-0.3061811923980713,0.9801812767982483,0.630280613899231,0.892975389957428,-0.275753915309906,0.9872128367424011,0.7733507752418518,0.7647196650505066,-0.5439445972442627,0.9449687004089355,0.7287529110908508,0.7329317927360535,-0.559959352016449,0.9919562935829163,0.7420386672019958,0.7409334778785706,-0.5962125658988953,0.9265761375427246,0.7543318867683411,0.7109864950180054,-0.6242448687553406,0.9840700626373291,0.7460032105445862,0.7194806337356567,-0.5442190766334534,0.9271326065063477,0.7563600540161133,0.6965548396110535,-0.572961151599884,0.9831557273864746,0.7522074580192566,0.7265449166297913,-0.5284964442253113,0.926017701625824,0.7487591505050659,0.7049988508224487,-0.5490565896034241,0.9828152656555176,0.8403924107551575,1.0022859573364258,-0.02275824174284935,0.1473356932401657,0.7075478434562683,1.0399812459945679,0.024485129863023758,0.178178071975708,0.8486838340759277,1.2897721529006958,0.0129812341183424,0.017835604026913643,0.7231985330581665,1.3033156394958496,0.07780525833368301,0.014959349296987057,0.8571511507034302,1.5275098085403442,0.24778442084789276,0.003533638082444668,0.7415357828140259,1.541521430015564,0.24324603378772736,0.004550698678940535,0.863811194896698,1.5566755533218384,0.2573322653770447,0.0014655139530077577,0.7413042187690735,1.5710341930389404,0.2534428536891937,0.005018227268010378,0.8433931469917297,1.6098374128341675,0.0036569845397025347,0.0014044921845197678,0.7618732452392578,1.6256637573242188,-0.017464760690927505,0.004116332158446312
0.729938268661499,0.5874846577644348,-0.2541654706001282,0.9998716711997986,0.7409828901290894,0.5670856833457947,-0.23502114415168762,0.9996920824050903,0.7476985454559326,0.5659798979759216,-0.2349500209093094,0.9997140169143677,0.7553096413612366,0.5650095343589783,-0.2347026765346527,0.9996293783187866,0.7201055288314819,0.5747498273849487,-0.2233043909072876,0.9997121691703796,0.713715136051178,0.5779882073402405,-0.22301693260669708,0.9997731447219849,0.7082785367965698,0.5807744264602661,-0.22325535118579865,0.999730110168457,0.7694963216781616,0.577899158000946,-0.09004434198141098,0.9997163414955139,0.702130913734436,0.5961840152740479,-0.026825174689292908,0.9997954964637756,0.7469090223312378,0.6079676747322083,-0.20186610519886017,0.9998893141746521,0.7198173999786377,0.6156114935874939,-0.18450665473937988,0.9998686909675598,0.837014377117157,0.6940106749534607,-0.05631334334611893,0.9990275502204895,0.6763030886650085,0.7318722009658813,0.023630429059267044,0.9997873902320862,0.8903619647026062,0.8666954636573792,-0.30656155943870544,0.9818910360336304,0.6370307803153992,0.8806090950965881,-0.24220053851604462,0.9880701899528503,0.760532796382904,0.7590056657791138,-0.5196930170059204,0.9503088593482971,0.7321474552154541,0.7236817479133606,-0.5160421133041382,0.9922327995300293,0.7307989001274109,0.7395750284194946,-0.5692485570907593,0.9331616163253784,0.7581019997596741,0.7025272250175476,-0.5776926875114441,0.9835948944091797,0.7355297803878784,0.7192643880844116,-0.5154151916503906,0.9335650205612183,0.7600587606430054,0.6891547441482544,-0.5220668315887451,0.9823577404022217,0.7418870329856873,0.7255792021751404,-0.5027641654014587,0.9325085282325745,0.7521237134933472,0.6973876357078552,-0.5038377046585083,0.9822371006011963,0.8392248153686523,0.9950834512710571,-0.02483588270843029,0.1696539670228958,0.7110368609428406,1.038151502609253,0.026574740186333656,0.19740740954875946,0.8512263298034668,1.2859944105148315,-0.005842824466526508,0.01617167331278324,0.7260586023330688,1.3004709482192993,0.08330415189266205,0.013588464818894863,0.8608217239379883,1.523666262626648,0.2147083580493927,0.003198073012754321,0.745281457901001,1.5373674631118774,0.24726173281669617,0.004102495964616537,0.8680071830749512,1.5525360107421875,0.22324299812316895,0.001333182561211288,0.7451063394546509,1.5663021802902222,0.25777801871299744,0.004529440775513649,0.8468074798583984,1.6060045957565308,-0.02793688140809536,0.001274047652259469,0.7664888501167297,1.621384859085083,-0.008420038968324661,0.0037274945061653852
0.7306123971939087,0.5872491598129272,-0.24974091351032257,0.9998739361763,0.7412758469581604,0.5668916702270508,-0.23044900596141815,0.9996919631958008,0.747952938079834,0.5657829642295837,-0.23038044571876526,0.9997159838676453,0.7554663419723511,0.5647375583648682,-0.23012807965278625,0.9996371269226074,0.7206884622573853,0.5745013952255249,-0.21876218914985657,0.9997079968452454,0.7141803503036499,0.5777602791786194,-0.21849536895751953,0.9997657537460327,0.7087458372116089,0.5805537700653076,-0.21874463558197021,0.9997236728668213,0.7694849967956543,0.577538251876831,-0.08575041592121124,0.9997197389602661,0.7026231288909912,0.5961495637893677,-0.022692032158374786,0.9997916221618652,0.7476922273635864,0.6079851984977722,-0.19748923182487488,0.9998884201049805,0.7205227613449097,0.6161222457885742,-0.18022200465202332,0.9998657703399658,0.8369898796081543,0.6930529475212097,-0.05246793478727341,0.9991087317466736,0.677186131477356,0.7292006611824036,0.023817341774702072,0.9997965097427368,0.8916219472885132,0.8632487654685974,-0.2950679063796997,0.9833695888519287,0.6395829319953918,0.8691281676292419,-0.24095360934734344,0.9888637661933899,0.7650513052940369,0.7556752562522888,-0.500266969203949,0.9550995230674744,0.7331277132034302,0.7177470922470093,-0.5132714509963989,0.9925685524940491,0.7342427968978882,0.7380303144454956,-0.5485242605209351,0.9390608072280884,0.7587310671806335,0.6957718729972839,-0.5743824243545532,0.9835120439529419,0.7382715344429016,0.7183076739311218,-0.49849826097488403,0.9393182396888733,0.7607321739196777,0.6818261742591858,-0.5191177725791931,0.9820452332496643,0.7450382709503174,0.7239722609519958,-0.4848445951938629,0.9383454918861389,0.7523534297943115,0.6910912990570068,-0.5011894702911377,0.9821321964263916,0.8385372161865234,0.9948481321334839,-0.024946123361587524,0.18996268510818481,0.7120776176452637,1.0384219884872437,0.02664841338992119,0.21709133684635162,0.8502060174942017,1.2851042747497559,-0.0019273171201348305,0.014637721702456474,0.7259222269058228,1.2993278503417969,0.08591761440038681,0.012322867289185524,0.8568395376205444,1.5206592082977295,0.22758236527442932,0.0028912785928696394,0.7427345514297485,1.5355008840560913,0.2558450400829315,0.0036977583076804876,0.8630656003952026,1.5494678020477295,0.23730716109275818,0.0012121277395635843,0.742490828037262,1.5647623538970947,0.26707956194877625,0.004086670465767384,0.8434501886367798,1.6031279563903809,-0.012100979685783386,0.001155648846179247,0.763347327709198,1.6189358234405518,0.0030325741972774267,0.0033735178876668215
0.7303640842437744,0.5871938467025757,-0.2476872205734253,0.9998736381530762,0.7410914301872253,0.5668302178382874,-0.2268296182155609,0.9996896386146545,0.7478315234184265,0.5657230615615845,-0.22675922513008118,0.9997135996818542,0.7553899884223938,0.5646439790725708,-0.22652041912078857,0.9996427893638611,0.7204941511154175,0.5743672251701355,-0.21520014107227325,0.9997009634971619,0.714004635810852,0.5776070356369019,-0.21490922570228577,0.9997527599334717,0.7085394859313965,0.580459475517273,-0.21515896916389465,0.9997143149375916,0.7694529294967651,0.5772717595100403,-0.08020828664302826,0.99972003698349,0.7027443647384644,0.5962252020835876,-0.016118545085191727,0.9997842907905579,0.7475780248641968,0.608208954334259,-0.19516120851039886,0.9998852014541626,0.7205742001533508,0.6166411638259888,-0.17762391269207,0.9998589158058167,0.8376364707946777,0.6926892399787903,-0.04861224815249443,0.9991762638092041,0.6778016686439514,0.7278516888618469,0.024627510458230972,0.999799907207489,0.8935295939445496,0.859514594078064,-0.2872983515262604,0.9845850467681885,0.6393857002258301,0.8603559136390686,-0.24092328548431396,0.9896101951599121,0.7672074437141418,0.7505933046340942,-0.4721919596195221,0.9592862129211426,0.734068751335144,0.7109147310256958,-0.5087512731552124,0.9925604462623596,0.7362303733825684,0.7328607439994812,-0.5176433324813843,0.943742036819458,0.7582268714904785,0.6874288320541382,-0.5701748132705688,0.9820283055305481,0.7405626773834229,0.7159234881401062,-0.4670885503292084,0.9438013434410095,0.7601724863052368,0.674023449420929,-0.5145750045776367,0.9801579117774963,0.7467294931411743,0.7213529348373413,-0.45676684379577637,0.9429619908332825,0.752435564994812,0.6850345730781555,-0.4969901144504547,0.9806111454963684,0.8415619134902954,1.0119729042053223,-0.025621648877859116,0.20845910906791687,0.7130509614944458,1.0401225090026855,0.027342062443494797,0.2342578023672104,0.8495721817016602,1.287628173828125,-0.0033511766232550144,0.013241486623883247,0.7251805067062378,1.3015899658203125,0.08961860090494156,0.011162953451275826,0.8542660474777222,1.5226224660873413,0.22725799679756165,0.0026117702946066856,0.7402850389480591,1.537523865699768,0.26295655965805054,0.0033317271154373884,0.8605755567550659,1.5514870882034302,0.23699143528938293,0.001099797198548913,0.7402724027633667,1.566916823387146,0.2743116021156311,0.003685163566842675,0.8394721150398254,1.605271816253662,-0.01388562936335802,0.0010468848049640656,0.7608436346054077,1.6213762760162354,0.008676035329699516,0.0030520008876919746
0.730526864528656,0.587420642375946,-0.24186763167381287,0.9998743534088135,0.7407346963882446,0.5670115947723389,-0.22258226573467255,0.9996841549873352,0.7472752332687378,0.5658766627311707,-0.2225075513124466,0.999712347984314,0.7547527551651001,0.564744770526886,-0.2222605049610138,0.9996452927589417,0.7204252481460571,0.5745299458503723,-0.20994174480438232,0.9996917843818665,0.7140012979507446,0.577764630317688,-0.20967121422290802,0.9997422099113464,0.7085798382759094,0.5806465744972229,-0.2099369764328003,0.9997028112411499,0.7688843011856079,0.5769173502922058,-0.08067984879016876,0.9997206926345825,0.7030539512634277,0.5963115692138672,-0.012416860088706017,0.9997771978378296,0.7480528950691223,0.6085036993026733,-0.1908903568983078,0.9998825192451477,0.7211426496505737,0.6170883178710938,-0.1720777153968811,0.9998535513877869,0.8380695581436157,0.6922204494476318,-0.04613608121871948,0.9992412328720093,0.6781646609306335,0.7250741720199585,0.028219401836395264,0.9998058080673218,0.8952058553695679,0.8534682393074036,-0.283236563205719,0.9857401251792908,0.6376374959945679,0.8540529012680054,-0.23452194035053253,0.9902825355529785,0.7700687646865845,0.7464705109596252,-0.4640441834926605,0.963125467300415,0.7373482584953308,0.7076317071914673,-0.49263185262680054,0.9926838874816895,0.7418684363365173,0.7275735139846802,-0.5084172487258911,0.9482420086860657,0.7621247172355652,0.6850101947784424,-0.5520650148391724,0.9811040163040161,0.7448016405105591,0.7130706310272217,-0.45750531554222107,0.9481465816497803,0.7641147375106812,0.6723358035087585,-0.4954962730407715,0.9788575768470764,0.7498655915260315,0.7187057137489319,-0.44803792238235474,0.9473868012428284,0.7564919590950012,0.6831277012825012,-0.4797445237636566,0.9796186685562134,0.8434597849845886,1.012981653213501,-0.0255697313696146,0.21962276101112366,0.7141022086143494,1.0381214618682861,0.027294546365737915,0.24537178874015808,0.8519891500473022,1.2836695909500122,-0.012299472466111183,0.01198280043900013,0.7261529564857483,1.297953486442566,0.07286112755537033,0.010122443549335003,0.8582608103752136,1.5180810689926147,0.20102855563163757,0.0023613758385181427,0.7426735162734985,1.534127950668335,0.22327594459056854,0.0030031627975404263,0.8647481203079224,1.5467056035995483,0.20883604884147644,0.0009999469621106982,0.7427515387535095,1.5641366243362427,0.23226210474967957,0.003324755933135748,0.8435303568840027,1.6012375354766846,-0.039563119411468506,0.0009494837140664458,0.7632559537887573,1.6167187690734863,-0.030195433646440506,0.002764481818303466
0.7311439514160156,0.5876051187515259,-0.23079881072044373,0.9998752474784851,0.7412555813789368,0.5670667886734009,-0.207589790225029,0.9996773600578308,0.7479428052902222,0.5659591555595398,-0.2075461447238922,0.9997086524963379,0.7554155588150024,0.5648573637008667,-0.20731811225414276,0.999647319316864,0.7207325100898743,0.5745670199394226,-0.19702057540416718,0.9996835589408875,0.714142382144928,0.5778512358665466,-0.19680240750312805,0.9997338652610779,0.708642303943634,0.5807741284370422,-0.19707593321800232,0.9996964931488037,0.7692584991455078,0.5769627690315247,-0.06031622737646103,0.9997203350067139,0.7035058736801147,0.5963560342788696,-0.00075554009526968,0.9997735619544983,0.7486470937728882,0.608704149723053,-0.17863938212394714,0.9998796582221985,0.7217580080032349,0.6174121499061584,-0.16258612275123596,0.9998482465744019,0.8367658853530884,0.6902611255645752,-0.037390414625406265,0.9993018507957458,0.6796871423721313,0.7228448390960693,0.037086501717567444,0.9998122453689575,0.898550808429718,0.8331282138824463,-0.27977320551872253,0.9868931174278259,0.6372032165527344,0.8382822275161743,-0.22098517417907715,0.9910629987716675,0.7696269154548645,0.732742965221405,-0.4367200434207916,0.9665358662605286,0.7410474419593811,0.6975181102752686,-0.4594680368900299,0.9927429556846619,0.7438136339187622,0.711322546005249,-0.47983604669570923,0.9516907930374146,0.7658297419548035,0.6744232177734375,-0.5182799696922302,0.9795677065849304,0.746480405330658,0.7001497745513916,-0.42468175292015076,0.9513261318206787,0.7671911716461182,0.6652612686157227,-0.46170592308044434,0.9768400192260742,0.7507692575454712,0.7065087556838989,-0.41889262199401855,0.9507026672363281,0.7599973082542419,0.6768120527267456,-0.446251779794693,0.9779479503631592,0.8452624082565308,1.0136679410934448,-0.025630798190832138,0.23227214813232422,0.71824049949646,1.0335580110549927,0.02735321782529354,0.2565576434135437,0.8542550802230835,1.2751986980438232,-0.030978351831436157,0.010913966223597527,0.7351804971694946,1.2901345491409302,0.07416936755180359,0.009261252358555794,0.8614839315414429,1.5098090171813965,0.1609824001789093,0.002142747864127159,0.7518733143806458,1.5241779088974,0.21179398894309998,0.0027127391658723354,0.8693820238113403,1.5391392707824707,0.16618448495864868,0.0009178236359730363,0.7521107196807861,1.5537569522857666,0.2193559855222702,0.003015693975612521,0.8465175628662109,1.5908560752868652,-0.081700399518013,0.0008639749721623957,0.7722148895263672,1.6067924499511719,-0.04008342698216438,0.002524597803130746
0.7316374182701111,0.5877082347869873,-0.24728305637836456,0.9998542070388794,0.741452157497406,0.56712806224823,-0.22475452721118927,0.9996070265769958,0.748069167137146,0.5660315155982971,-0.22469671070575714,0.9996512532234192,0.755793035030365,0.5649517774581909,-0.22446966171264648,0.9995876550674438,0.7210710644721985,0.5745042562484741,-0.2140931338071823,0.9996147751808167,0.7144771218299866,0.5778152942657471,-0.2138776034116745,0.9996767640113831,0.7088751792907715,0.5807915925979614,-0.2141290158033371,0.9996376037597656,0.7698368430137634,0.5769923329353333,-0.07468243688344955,0.9996694326400757,0.7038247585296631,0.5963834524154663,-0.0027683924417942762,0.9997378587722778,0.7495046854019165,0.6088983416557312,-0.19362416863441467,0.9998564720153809,0.7219372391700745,0.6176158785820007,-0.17752960324287415,0.999822199344635,0.8365748524665833,0.6885851621627808,-0.04295501857995987,0.9993448853492737,0.6804866194725037,0.720630943775177,0.018576709553599358,0.9998135566711426,0.9003634452819824,0.8201026916503906,-0.2811484634876251,0.9878464937210083,0.636138379573822,0.8297481536865234,-0.23478634655475616,0.9917528033256531,0.7705756425857544,0.7283132672309875,-0.43633443117141724,0.9694955945014954,0.7420422434806824,0.6934711933135986,-0.4738039970397949,0.9928180575370789,0.744348406791687,0.7081015706062317,-0.4804765284061432,0.9542542695999146,0.7676083445549011,0.6715776324272156,-0.5317490100860596,0.978262722492218,0.7464911937713623,0.6968482136726379,-0.42583924531936646,0.953486979007721,0.7692784070968628,0.6628696918487549,-0.4767562448978424,0.975048303604126,0.7509937882423401,0.7030012011528015,-0.41888341307640076,0.9530896544456482,0.7616243362426758,0.6744591593742371,-0.46030116081237793,0.9764454364776611,0.841658890247345,0.992574155330658,-0.021844998002052307,0.25822898745536804,0.7217775583267212,1.0268951654434204,0.023387696593999863,0.2816338837146759,0.8549121618270874,1.2663894891738892,-0.018491942435503006,0.01000363938510418,0.7357304096221924,1.280767798423767,0.0732538253068924,0.008555149659514427,0.8600212931632996,1.4987375736236572,0.19045308232307434,0.0019638987723737955,0.7510933876037598,1.5144528150558472,0.2236519604921341,0.0024567185901105404,0.8663085699081421,1.5270023345947266,0.19839835166931152,0.0008639502921141684,0.7510364055633545,1.5436899662017822,0.2326604425907135,0.0027488514315336943,0.8461503982543945,1.5804102420806885,-0.07415852695703506,0.0007936119800433517,0.7706355452537537,1.5961405038833618,-0.028231889009475708,0.0023161477874964476
0.7318289279937744,0.5868933200836182,-0.2543003559112549,0.9998475909233093,0.7417217493057251,0.5663706064224243,-0.23228299617767334,0.9995855093002319,0.7482494711875916,0.5653136372566223,-0.23222073912620544,0.9996371269226074,0.756111741065979,0.5643783807754517,-0.23198263347148895,0.9995746612548828,0.7213471531867981,0.5738003253936768,-0.22059345245361328,0.9995896220207214,0.714675784111023,0.5772663950920105,-0.22039894759655,0.9996568560600281,0.708966851234436,0.5803603529930115,-0.2206501066684723,0.9996160268783569,0.7702407240867615,0.5765959024429321,-0.07988962531089783,0.9996585845947266,0.7040523886680603,0.5961102843284607,-0.006122115068137646,0.9997265338897705,0.7497035264968872,0.6079527735710144,-0.2004454880952835,0.9998506903648376,0.7223118543624878,0.6172573566436768,-0.1827077865600586,0.9998130202293396,0.8370393514633179,0.6878379583358765,-0.04616551101207733,0.999392569065094,0.6813263893127441,0.7188355326652527,0.009209854528307915,0.9998172521591187,0.9014714360237122,0.8151350617408752,-0.28415989875793457,0.9888046383857727,0.6356760859489441,0.828778088092804,-0.2577143609523773,0.9924151301383972,0.7721694111824036,0.7258134484291077,-0.4728568494319916,0.9722453355789185,0.7399997711181641,0.6925537586212158,-0.4861522316932678,0.9930855631828308,0.7455927729606628,0.7067279815673828,-0.5202099084854126,0.9570528864860535,0.7663788795471191,0.6730397939682007,-0.5449182391166687,0.9780771136283875,0.7477137446403503,0.6947495937347412,-0.4667665362358093,0.9560413956642151,0.7684627175331116,0.6640334725379944,-0.48965778946876526,0.9746188521385193,0.7520393133163452,0.700253427028656,-0.4563375413417816,0.9557992815971375,0.7606993913650513,0.674419105052948,-0.4757205843925476,0.9761490225791931,0.8403193354606628,0.9857264161109924,-0.020612303167581558,0.291745126247406,0.7221787571907043,1.0221847295761108,0.022125493735074997,0.3131028711795807,0.8538457155227661,1.2628765106201172,0.010172099806368351,0.009235691279172897,0.7353006601333618,1.2742611169815063,0.07689222693443298,0.007980653084814548,0.8567741513252258,1.4924556016921997,0.22308464348316193,0.0018082582391798496,0.7459796071052551,1.5064234733581543,0.23276880383491516,0.002227866556495428,0.8628531694412231,1.5199432373046875,0.2313474863767624,0.0008239744929596782,0.7447644472122192,1.535086989402771,0.24215856194496155,0.002514104126021266,0.8408940434455872,1.574430227279663,-0.016602078452706337,0.0007281835423782468,0.7652498483657837,1.5893065929412842,-0.02002166025340557,0.0021233921870589256
0.7321634292602539,0.5869457721710205,-0.2421996295452118,0.9998447895050049,0.7420667409896851,0.5664322376251221,-0.21993868052959442,0.9995695352554321,0.7486937642097473,0.5653766989707947,-0.219869926571846,0.9996286630630493,0.7564986944198608,0.5644333958625793,-0.21968558430671692,0.9995670318603516,0.7214425206184387,0.5737349390983582,-0.21020154654979706,0.9995713233947754,0.7146186828613281,0.5771854519844055,-0.20997703075408936,0.9996439218521118,0.7087998986244202,0.580309271812439,-0.21021988987922668,0.9996019005775452,0.7705211043357849,0.5765822529792786,-0.07103560864925385,0.9996534585952759,0.7042166590690613,0.596001923084259,-0.011865208856761456,0.9997203350067139,0.7499022483825684,0.6080480217933655,-0.1890086829662323,0.999843955039978,0.7226036787033081,0.6173954010009766,-0.1739330142736435,0.9998041987419128,0.8369376063346863,0.6872338056564331,-0.039062123745679855,0.9994325637817383,0.6828504204750061,0.71693354845047,0.01488166768103838,0.9998204112052917,0.9023786783218384,0.8139602541923523,-0.27643364667892456,0.9896329045295715,0.6358517408370972,0.8275256752967834,-0.2520168721675873,0.9929420351982117,0.7730516195297241,0.7236400246620178,-0.43528565764427185,0.9747271537780762,0.7405507564544678,0.6931473612785339,-0.48221373558044434,0.9932255744934082,0.7466503381729126,0.7031320929527283,-0.4776192307472229,0.959595263004303,0.766255795955658,0.6727082133293152,-0.5412518978118896,0.9775270223617554,0.7486783266067505,0.6912957429885864,-0.4238162040710449,0.9583407640457153,0.7683894038200378,0.6638392806053162,-0.4840286374092102,0.9737336039543152,0.7530392408370972,0.6973345875740051,-0.41816458106040955,0.9582765102386475,0.7609285116195679,0.6747838258743286,-0.46916937828063965,0.9754318594932556,0.8386822938919067,0.9837713837623596,-0.02001320943236351,0.3166219890117645,0.7251018285751343,0.9967072606086731,0.021490858867764473,0.3365586996078491,0.8515719175338745,1.2627142667770386,0.013067441992461681,0.008530661463737488,0.7332855463027954,1.2736866474151611,0.07612191885709763,0.007441771682351828,0.8532304763793945,1.4916903972625732,0.22263884544372559,0.0016649506287649274,0.7416297793388367,1.5059969425201416,0.22026410698890686,0.002021888503804803,0.8589754104614258,1.5193729400634766,0.2308129519224167,0.000786657736171037,0.7405596971511841,1.5349894762039185,0.22837381064891815,0.002298410516232252,0.8374670147895813,1.5740705728530884,-0.013761063106358051,0.0006716752541251481,0.760597825050354,1.588610053062439,-0.028720492497086525,0.001954974140971899
0.7323541641235352,0.5867426991462708,-0.23430368304252625,0.9998432993888855,0.7422226667404175,0.5664151906967163,-0.21042315661907196,0.9995678663253784,0.7488726377487183,0.5653777718544006,-0.21036596596240997,0.9996274709701538,0.7567166090011597,0.5644604563713074,-0.21019037067890167,0.9995704889297485,0.7215851545333862,0.5736212134361267,-0.20311911404132843,0.9995689988136292,0.7147053480148315,0.5770787000656128,-0.20287930965423584,0.9996408224105835,0.7088031768798828,0.5802575945854187,-0.20311184227466583,0.999601423740387,0.770710825920105,0.5765455961227417,-0.06004364416003227,0.9996541738510132,0.704339325428009,0.5959363579750061,-0.014042099937796593,0.9997221231460571,0.7499518990516663,0.6077862977981567,-0.1806376576423645,0.9998418688774109,0.7228113412857056,0.617257297039032,-0.16881784796714783,0.9998020529747009,0.8369013071060181,0.6871940493583679,-0.02937307581305504,0.9994726181030273,0.6829828023910522,0.7165786623954773,0.014974449761211872,0.9998236894607544,0.9030815362930298,0.8120734691619873,-0.26673999428749084,0.9903846979141235,0.636505126953125,0.8276355862617493,-0.25056034326553345,0.9934747219085693,0.7736214995384216,0.7217370271682739,-0.43122053146362305,0.9769995808601379,0.7406107187271118,0.6936551332473755,-0.475233793258667,0.9934602379798889,0.7475764751434326,0.700782060623169,-0.4770476818084717,0.9620677828788757,0.766448438167572,0.6734505295753479,-0.5335113406181335,0.9773617386817932,0.7493666410446167,0.6889311075210571,-0.42500433325767517,0.9606360793113708,0.7684164643287659,0.664439857006073,-0.48153582215309143,0.9733961820602417,0.7535795569419861,0.6953004002571106,-0.4151550829410553,0.960706889629364,0.7608789801597595,0.675426185131073,-0.46275967359542847,0.9751917719841003,0.839260458946228,0.9810532331466675,-0.017762765288352966,0.3522639870643616,0.7260279059410095,1.0048781633377075,0.019204381853342056,0.37014278769493103,0.8522251844406128,1.2583931684494019,0.012274470180273056,0.007913158275187016,0.7343401908874512,1.2721282243728638,0.06341642886400223,0.006995719857513905,0.8549509048461914,1.4873772859573364,0.21303632855415344,0.0015325886197388172,0.7434872984886169,1.503340244293213,0.19805596768856049,0.001835421659052372,0.8608502149581909,1.5149565935134888,0.2207910269498825,0.0007485069800168276,0.7428536415100098,1.5319381952285767,0.2051892727613449,0.002100439742207527,0.8388369679450989,1.568257451057434,-0.015748782083392143,0.0006209822022356093,0.7629185318946838,1.5840835571289062,-0.0490909218788147,0.001800973666831851
0.732396125793457,0.5865128636360168,-0.24014203250408173,0.9998445510864258,0.7424497008323669,0.5663949251174927,-0.21604731678962708,0.9995721578598022,0.749238133430481,0.5653969049453735,-0.2159748524427414,0.9996318817138672,0.7569268345832825,0.5645006895065308,-0.21577683091163635,0.9995778203010559,0.721628725528717,0.5733014345169067,-0.2086385041475296,0.9995734691619873,0.7147905230522156,0.5766761302947998,-0.208401158452034,0.9996445775032043,0.7088738083839417,0.5798231363296509,-0.20862233638763428,0.9996066689491272,0.770824670791626,0.5765560269355774,-0.06387586146593094,0.9996588826179504,0.7044497728347778,0.595407247543335,-0.016626542434096336,0.9997273683547974,0.7499997615814209,0.6076695919036865,-0.1860392987728119,0.9998407959938049,0.7229531407356262,0.6169732213020325,-0.17395251989364624,0.999801754951477,0.8365153074264526,0.6869065165519714,-0.03172608092427254,0.9995072484016418,0.6830482482910156,0.7161284685134888,0.0068204947747290134,0.999826967716217,0.9034576416015625,0.8094978928565979,-0.27404212951660156,0.9910263419151306,0.638146162033081,0.8284405469894409,-0.2586131989955902,0.9939383268356323,0.7742250561714172,0.7204244136810303,-0.4498229920864105,0.9790245890617371,0.7408161759376526,0.6942074298858643,-0.48630279302597046,0.9937008023262024,0.748212993144989,0.6999687552452087,-0.49729663133621216,0.964272677898407,0.7667392492294312,0.6744626760482788,-0.5460507869720459,0.9775158762931824,0.7499640583992004,0.6880854368209839,-0.4449358880519867,0.9626943469047546,0.7688385248184204,0.665374219417572,-0.49243393540382385,0.9734886884689331,0.7541128993034363,0.6943929195404053,-0.433994859457016,0.9629077911376953,0.761288046836853,0.6762781143188477,-0.47395363450050354,0.9753406047821045,0.8387500643730164,0.9793269038200378,-0.015502005815505981,0.383369505405426,0.728467583656311,0.9912517666816711,0.016955669969320297,0.40005776286125183,0.8517485857009888,1.2537143230438232,0.0131815355271101,0.0072677163407206535,0.7343779802322388,1.2676993608474731,0.0648556500673294,0.006486328784376383,0.8536545634269714,1.4807960987091064,0.21590164303779602,0.001400893903337419,0.7436817288398743,1.4977262020111084,0.20828619599342346,0.0016614397754892707,0.8588804006576538,1.5077641010284424,0.2240147888660431,0.0007025575614534318,0.7430182695388794,1.526614785194397,0.21641799807548523,0.001910150283947587,0.8389725685119629,1.561398983001709,-0.004227496683597565,0.0005710337427444756,0.7623174786567688,1.5767302513122559,-0.03926972672343254,0.0016469914698973298
0.7328132390975952,0.5857126712799072,-0.23110747337341309,0.9998475909233093,0.7429516911506653,0.5659942030906677,-0.203733891248703,0.9995796084403992,0.7499383687973022,0.5651224851608276,-0.20366270840168,0.9996388554573059,0.7573885321617126,0.5643747448921204,-0.20346307754516602,0.9995883107185364,0.7217754125595093,0.5723865032196045,-0.1984187811613083,0.999581515789032,0.7148500084877014,0.5756882429122925,-0.19820962846279144,0.9996524453163147,0.7089020013809204,0.5787957310676575,-0.1984342336654663,0.999617338180542,0.7709003686904907,0.5765009522438049,-0.0456448458135128,0.9996660947799683,0.7045549750328064,0.5946276187896729,-0.010119093582034111,0.9997361302375793,0.7503370046615601,0.6071624755859375,-0.17580850422382355,0.999840259552002,0.7230028510093689,0.6162156462669373,-0.16638126969337463,0.999802827835083,0.836347758769989,0.6870346069335938,-0.017985641956329346,0.9995396137237549,0.6831139326095581,0.7164679765701294,0.006993780843913555,0.9998311996459961,0.9035882949829102,0.8085755705833435,-0.2675952613353729,0.9917036294937134,0.6383503079414368,0.8307397365570068,-0.2573774755001068,0.9944223165512085,0.774673342704773,0.7191875576972961,-0.4419354498386383,0.9808563590049744,0.7405614256858826,0.695083737373352,-0.48488250374794006,0.9939596652984619,0.7485448718070984,0.6970722675323486,-0.4889141023159027,0.9661213159561157,0.7663367986679077,0.6753571629524231,-0.5437675714492798,0.9777390956878662,0.7503630518913269,0.686280369758606,-0.4354735314846039,0.9643369913101196,0.7685285806655884,0.6661413311958313,-0.49121904373168945,0.9736201167106628,0.7545031309127808,0.6931232810020447,-0.42598146200180054,0.9647241234779358,0.7610589861869812,0.6769912838935852,-0.4722176492214203,0.9755277037620544,0.8382304310798645,0.9794093370437622,-0.014998318627476692,0.413094699382782,0.7268887758255005,0.9978329539299011,0.016455240547657013,0.42814815044403076,0.8508905172348022,1.2554715871810913,0.013290752656757832,0.0067731235176324844,0.7335165739059448,1.2693442106246948,0.06748782098293304,0.006162557750940323,0.8527227640151978,1.4824482202529907,0.2174016237258911,0.001295792986638844,0.7426975965499878,1.499232530593872,0.21096011996269226,0.0015141438925638795,0.857697606086731,1.509743094444275,0.2257348746061325,0.0006760759861208498,0.742009699344635,1.5279384851455688,0.21879497170448303,0.0017576345708221197,0.8391591906547546,1.563279628753662,-0.004280770663172007,0.0005325781530700624,0.7616176605224609,1.5795716047286987,-0.037330299615859985,0.0015245763352140784
0.7334765195846558,0.5856656432151794,-0.2341674566268921,0.9998469948768616,0.7433484792709351,0.5658756494522095,-0.20707376301288605,0.9995793104171753,0.7503329515457153,0.5650177597999573,-0.2070135623216629,0.9996377825737,0.7576145529747009,0.5643162131309509,-0.20680876076221466,0.9995911717414856,0.7220251560211182,0.5721787214279175,-0.20138537883758545,0.999580442905426,0.7149086594581604,0.5754857659339905,-0.2011656016111374,0.9996501803398132,0.7089359164237976,0.578620195388794,-0.20139572024345398,0.9996177554130554,0.7709428071975708,0.5764198899269104,-0.049061208963394165,0.9996647834777832,0.7046442031860352,0.5943552255630493,-0.012252956628799438,0.9997349381446838,0.7507824301719666,0.6071435213088989,-0.1787695586681366,0.9998369812965393,0.7233051061630249,0.6162493824958801,-0.16892758011817932,0.9997992515563965,0.8363078236579895,0.6870641708374023,-0.021785134449601173,0.999567449092865,0.6831371188163757,0.7167164087295532,0.007985629141330719,0.9998300671577454,0.9039360880851746,0.8084462881088257,-0.2722511887550354,0.9922957420349121,0.6385060548782349,0.8315951228141785,-0.25648143887519836,0.9948489665985107,0.7745242714881897,0.71851646900177,-0.4487600326538086,0.9824671745300293,0.7404074668884277,0.6957189440727234,-0.47647133469581604,0.9940433502197266,0.7489468455314636,0.6958850026130676,-0.4957433342933655,0.9674726128578186,0.7658248543739319,0.6757247447967529,-0.5339756608009338,0.9770125150680542,0.7506684064865112,0.6850734949111938,-0.4415547847747803,0.9654847979545593,0.7678911089897156,0.6663351655006409,-0.4826301634311676,0.9726982712745667,0.7546975612640381,0.6921521425247192,-0.43240800499916077,0.9660007357597351,0.7604999542236328,0.6774091124534607,-0.46373623609542847,0.9747413992881775,0.8379767537117004,0.9796227216720581,-0.01557576097548008,0.43319568037986755,0.731130063533783,0.9911958575248718,0.01705174706876278,0.4465412199497223,0.8510216474533081,1.2565993070602417,0.011688265018165112,0.0063284155912697315,0.7350528836250305,1.2700541019439697,0.06267841160297394,0.005823141895234585,0.8529512286186218,1.4831088781356812,0.21417741477489471,0.0011983085423707962,0.7438758611679077,1.4991270303726196,0.19853881001472473,0.0013782522873952985,0.8581274747848511,1.5104975700378418,0.2220391482114792,0.0006489807856269181,0.7429049015045166,1.5281434059143066,0.20555433630943298,0.0016191863687708974,0.8394559621810913,1.5640888214111328,-0.009234363213181496,0.000494824955239892,0.7628880143165588,1.5789943933486938,-0.048697713762521744,0.0014145312597975135
0.7338295578956604,0.5855503678321838,-0.23650386929512024,0.9998522400856018,0.7436086535453796,0.5657650232315063,-0.2090478390455246,0.9995883703231812,0.7505968809127808,0.5649201273918152,-0.20898059010505676,0.9996469616889954,0.7577282786369324,0.564254879951477,-0.2087601125240326,0.9996016621589661,0.722222089767456,0.5719327926635742,-0.20329852402210236,0.9995895028114319,0.7149688005447388,0.5751930475234985,-0.20310688018798828,0.9996601343154907,0.7089569568634033,0.5782879590988159,-0.20333263278007507,0.9996283650398254,0.7710334062576294,0.5762571692466736,-0.04933302104473114,0.99967360496521,0.7048260569572449,0.5938996076583862,-0.013279380276799202,0.9997444152832031,0.7509580850601196,0.6070433259010315,-0.18081459403038025,0.9998403191566467,0.7234882712364197,0.6160401701927185,-0.1708751618862152,0.9998043179512024,0.8360781669616699,0.6871370673179626,-0.023299533873796463,0.9995998740196228,0.6831900477409363,0.716905415058136,0.008778833784162998,0.9998377561569214,0.9043083190917969,0.8080848455429077,-0.27348631620407104,0.9928827285766602,0.6383205652236938,0.8323622941970825,-0.25837603211402893,0.9952691197395325,0.7747923731803894,0.7178318500518799,-0.45436811447143555,0.9840222001075745,0.7400255799293518,0.6962916851043701,-0.48162809014320374,0.9943601489067078,0.749200701713562,0.6955390572547913,-0.502556324005127,0.9693835377693176,0.7653647065162659,0.6761349439620972,-0.5397358536720276,0.9776808619499207,0.7508631944656372,0.6851789951324463,-0.4458635449409485,0.9672847390174866,0.7674214839935303,0.666620671749115,-0.4876561760902405,0.9733855128288269,0.7549005150794983,0.6919558644294739,-0.43772274255752563,0.9678565263748169,0.7600705623626709,0.6776220798492432,-0.46890559792518616,0.9754151105880737,0.8381674885749817,0.97994464635849,-0.01597713865339756,0.45317909121513367,0.7304072976112366,1.0088422298431396,0.017465002834796906,0.46526390314102173,0.8518091440200806,1.257860779762268,0.011794330552220345,0.006020213942974806,0.7360886931419373,1.2713267803192139,0.06306096166372299,0.0056381793692708015,0.855528712272644,1.4846810102462769,0.21520841121673584,0.0011291237315163016,0.7471911907196045,1.5008143186569214,0.20607511699199677,0.0012658663326874375,0.8606489896774292,1.5124012231826782,0.22276289761066437,0.0006457439158111811,0.7465023398399353,1.5297012329101562,0.21374619007110596,0.001520605874247849,0.8439485430717468,1.565600037574768,-0.007922937162220478,0.00046711444156244397,0.7675098180770874,1.5812947750091553,-0.04247993975877762,0.0013317406410351396
0.7342739105224609,0.5848714709281921,-0.2336539924144745,0.9998556971549988,0.7438970804214478,0.5652734637260437,-0.20503628253936768,0.9995965957641602,0.7509368658065796,0.5644775032997131,-0.20497329533100128,0.9996539354324341,0.7578966021537781,0.5639144778251648,-0.20473746955394745,0.9996111989021301,0.7225617170333862,0.5714027881622314,-0.19968637824058533,0.9995977878570557,0.715211808681488,0.5747109651565552,-0.19949845969676971,0.9996675252914429,0.7091271281242371,0.5778120756149292,-0.19972965121269226,0.9996377825737,0.7710757851600647,0.5760629177093506,-0.04509146511554718,0.9996803402900696,0.7054208517074585,0.5934234261512756,-0.010430404916405678,0.9997513890266418,0.7514388561248779,0.6062396764755249,-0.17816206812858582,0.9998420476913452,0.723721981048584,0.6152381300926208,-0.16880539059638977,0.9998071789741516,0.8359438180923462,0.6873142719268799,-0.01917053572833538,0.9996245503425598,0.6834048628807068,0.7170397639274597,0.00981978327035904,0.9998393654823303,0.9044214487075806,0.808585524559021,-0.27559512853622437,0.9933738708496094,0.6378560662269592,0.832355797290802,-0.257699579000473,0.995625913143158,0.7749888300895691,0.7174111604690552,-0.45458540320396423,0.9853628277778625,0.7397494912147522,0.696530282497406,-0.47796401381492615,0.994498610496521,0.7493510842323303,0.69480299949646,-0.5049822926521301,0.9707422852516174,0.7650079131126404,0.6763604879379272,-0.5355425477027893,0.9775592088699341,0.7510374188423157,0.6845808625221252,-0.4472607672214508,0.9685222506523132,0.7670989632606506,0.6669199466705322,-0.4840160012245178,0.9732025861740112,0.7550468444824219,0.6913408041000366,-0.43809986114501953,0.9691494107246399,0.7597681879997253,0.6779333353042603,-0.465207576751709,0.9753115773200989,0.8379513025283813,0.9800249338150024,-0.016267839819192886,0.46201997995376587,0.7283995747566223,1.0155690908432007,0.01776096597313881,0.47227734327316284,0.8519452810287476,1.2584913969039917,0.0012797550298273563,0.005697592161595821,0.7361812591552734,1.2718194723129272,0.06081175059080124,0.005400461610406637,0.855914294719696,1.4851930141448975,0.19878347218036652,0.001049982849508524,0.7478497624397278,1.5000405311584473,0.19425128400325775,0.0011550915660336614,0.8611284494400024,1.5130589008331299,0.2051977813243866,0.0006203330121934414,0.7470433712005615,1.5287952423095703,0.2010074108839035,0.0014099613763391972,0.8440589904785156,1.5655713081359863,-0.0314912386238575,0.0004360575112514198,0.7686304450035095,1.5803654193878174,-0.055006224662065506,0.0012397085083648562
0.7349709868431091,0.5844389200210571,-0.22398903965950012,0.9998634457588196,0.7452279925346375,0.5647299885749817,-0.19442470371723175,0.9996179342269897,0.7525935173034668,0.564004123210907,-0.19431240856647491,0.9996717572212219,0.7592683434486389,0.563637375831604,-0.19408439099788666,0.9996327757835388,0.72328120470047,0.5707108378410339,-0.19024841487407684,0.999620258808136,0.7156150341033936,0.5740463137626648,-0.1899983286857605,0.9996857047080994,0.7092539072036743,0.577167272567749,-0.19021640717983246,0.9996588826179504,0.7722474336624146,0.5759798884391785,-0.03472759947180748,0.9996963143348694,0.7057968974113464,0.5928107500076294,-0.004755932372063398,0.9997661113739014,0.7523850202560425,0.6058799624443054,-0.16871599853038788,0.9998476505279541,0.7239276766777039,0.6148523688316345,-0.160784050822258,0.9998154640197754,0.8359870910644531,0.6875610947608948,-0.004647186025977135,0.9996459484100342,0.6832160949707031,0.7170657515525818,0.011534885503351688,0.9998443126678467,0.9046453237533569,0.8086246252059937,-0.24258872866630554,0.9938377141952515,0.636367917060852,0.8291580080986023,-0.2414785623550415,0.9959598779678345,0.7739063501358032,0.7151572704315186,-0.38926222920417786,0.9864892363548279,0.7406319379806519,0.6955959796905518,-0.4354175925254822,0.9944838285446167,0.7494082450866699,0.6924483180046082,-0.43145298957824707,0.9713266491889954,0.7659282088279724,0.6756467223167419,-0.4895462393760681,0.9766338467597961,0.7510722875595093,0.682672381401062,-0.3737260699272156,0.9688632488250732,0.7682100534439087,0.6667421460151672,-0.43880170583724976,0.9720087647438049,0.7548399567604065,0.6905279159545898,-0.37164735794067383,0.9697186946868896,0.760855495929718,0.6779385805130005,-0.4223897457122803,0.9743306636810303,0.8376829028129578,0.9807361364364624,-0.015122346580028534,0.4843408465385437,0.7241113781929016,1.0241938829421997,0.016690535470843315,0.4928242862224579,0.8490549921989441,1.2597581148147583,0.0008088782196864486,0.005428965203464031,0.7326422929763794,1.2725872993469238,0.05845405533909798,0.005221349187195301,0.8503810167312622,1.4853283166885376,0.19592425227165222,0.000982456374913454,0.739814043045044,1.5005594491958618,0.1875935047864914,0.0010565067641437054,0.8554880023002625,1.5132465362548828,0.20186440646648407,0.0006012386875227094,0.738833487033844,1.5291563272476196,0.19367238879203796,0.0013079165946692228,0.8361833691596985,1.5660851001739502,-0.03701618313789368,0.00041098715155385435,0.758641242980957,1.5808106660842896,-0.06212034821510315,0.001154168858192861
0.7362205982208252,0.5842055082321167,-0.2264130860567093,0.9998617172241211,0.7466978430747986,0.5644044876098633,-0.19752363860607147,0.9996153712272644,0.7541000247001648,0.5636979341506958,-0.19739513099193573,0.9996687769889832,0.7605026960372925,0.5634324550628662,-0.19720548391342163,0.9996312856674194,0.7243376970291138,0.5703831315040588,-0.19496777653694153,0.9996183514595032,0.716336190700531,0.573739767074585,-0.19469638168811798,0.9996834397315979,0.7096587419509888,0.5768620371818542,-0.19490692019462585,0.9996588230133057,0.7731451392173767,0.5757761001586914,-0.03790517523884773,0.9996941089630127,0.7065186500549316,0.5922757983207703,-0.01284480094909668,0.9997671842575073,0.7537071704864502,0.6055673360824585,-0.17088201642036438,0.9998454451560974,0.7246928811073303,0.6147010326385498,-0.16444435715675354,0.9998145699501038,0.8360182046890259,0.6873514652252197,-0.0065926797688007355,0.999664306640625,0.6835618615150452,0.7164047956466675,0.007254692725837231,0.9998480081558228,0.9048091769218445,0.8085649013519287,-0.25338855385780334,0.994196355342865,0.6363297700881958,0.8275008797645569,-0.24778597056865692,0.9962407946586609,0.7740609049797058,0.7157310843467712,-0.4173169732093811,0.9874772429466248,0.7407910227775574,0.6957665085792542,-0.4406510889530182,0.9945916533470154,0.7495744824409485,0.693227231502533,-0.4615321159362793,0.9719113707542419,0.7659739255905151,0.67582768201828,-0.4957391619682312,0.9765098094940186,0.7511612176895142,0.6831269860267639,-0.4049323499202728,0.9692652225494385,0.7681300640106201,0.6668643355369568,-0.45507821440696716,0.9718174934387207,0.7549146413803101,0.6908513903617859,-0.40001457929611206,0.970256507396698,0.7608508467674255,0.6780439615249634,-0.42957887053489685,0.9742083549499512,0.8376098871231079,0.9798295497894287,-0.015262866392731667,0.5027914643287659,0.726545512676239,0.997204065322876,0.016818290576338768,0.5112607479095459,0.848861038684845,1.2559187412261963,0.012023575603961945,0.005141981411725283,0.7326024770736694,1.2680332660675049,0.06732221692800522,0.005055103451013565,0.8501496315002441,1.4802030324935913,0.22453179955482483,0.000919121433980763,0.7400104999542236,1.4942415952682495,0.21706359088420868,0.0009680358925834298,0.8550764918327332,1.5073676109313965,0.23287424445152283,0.0005807727575302124,0.7389951944351196,1.522680401802063,0.2261313945055008,0.0012191880960017443,0.8361126780509949,1.561235785484314,-0.003129215445369482,0.00038552508340217173,0.7582610845565796,1.574560284614563,-0.026759827509522438,0.0010732801165431738
0.7366288900375366,0.5836320519447327,-0.22526590526103973,0.9998666048049927,0.7471534609794617,0.5637342929840088,-0.1966697871685028,0.9996296167373657,0.7545883655548096,0.5630072355270386,-0.19655661284923553,0.999681293964386,0.7609018087387085,0.5627997517585754,-0.1963556408882141,0.9996464252471924,0.7246808409690857,0.5699103474617004,-0.192885160446167,0.999632716178894,0.716563880443573,0.5733276009559631,-0.19264084100723267,0.9996955394744873,0.7097849249839783,0.5764687061309814,-0.19284817576408386,0.9996727705001831,0.7733758687973022,0.5754162073135376,-0.038396596908569336,0.9997060298919678,0.7068578004837036,0.5919056534767151,-0.010106893256306648,0.9997779726982117,0.7543510794639587,0.6048108339309692,-0.170238196849823,0.9998498558998108,0.7248803973197937,0.6140325665473938,-0.1627134382724762,0.9998205900192261,0.836037814617157,0.6874049305915833,-0.007511400617659092,0.9996857643127441,0.6835733652114868,0.7161557674407959,0.0077037205919623375,0.9998524188995361,0.9048949480056763,0.8081230521202087,-0.2544885277748108,0.9945784211158752,0.6358481645584106,0.8263394832611084,-0.2515871524810791,0.9965218901634216,0.7741321325302124,0.7157894372940063,-0.42670202255249023,0.9884766340255737,0.7411009073257446,0.6958140134811401,-0.4553026258945465,0.9947513341903687,0.7502554059028625,0.6932300925254822,-0.4735628664493561,0.973097026348114,0.7663058638572693,0.6759074926376343,-0.5119107961654663,0.976699709892273,0.7517076730728149,0.6828765273094177,-0.41835832595825195,0.9703928828239441,0.7683271765708923,0.6669005751609802,-0.46531781554222107,0.9719748497009277,0.755224347114563,0.6906062960624695,-0.4102981686592102,0.9714080691337585,0.761099100112915,0.6781061291694641,-0.44346731901168823,0.9744118452072144,0.8375762701034546,0.9801247715950012,-0.014638598076999187,0.5268396735191345,0.7256803512573242,1.0057867765426636,0.016187701374292374,0.5340387225151062,0.8488768339157104,1.2556366920471191,0.013348554261028767,0.004996852483600378,0.7326706647872925,1.2680760622024536,0.06737803667783737,0.005025171674787998,0.8507434129714966,1.479971170425415,0.2237221896648407,0.0008703583152964711,0.7405481338500977,1.4941409826278687,0.21567890048027039,0.0008919145329855382,0.8557904958724976,1.5071626901626587,0.2318812608718872,0.0005681237089447677,0.7395929098129272,1.5224050283432007,0.2244095355272293,0.0011430075392127037,0.8367525339126587,1.5605331659317017,-0.004797091707587242,0.00036524218739941716,0.7590042352676392,1.5748111009597778,-0.027402400970458984,0.0010020654881373048
0.7373782396316528,0.5835968255996704,-0.22759023308753967,0.9998707175254822,0.7478868961334229,0.5636752843856812,-0.19971948862075806,0.9996411800384521,0.7552958726882935,0.5629311800003052,-0.1996171474456787,0.999691367149353,0.7615259885787964,0.5627337694168091,-0.19941040873527527,0.9996581077575684,0.7253024578094482,0.5698621869087219,-0.19474968314170837,0.9996448159217834,0.7170084714889526,0.5732882022857666,-0.19450639188289642,0.9997060298919678,0.7100822329521179,0.5764418244361877,-0.19472092390060425,0.9996849298477173,0.7737364768981934,0.5753176212310791,-0.041585516184568405,0.9997155070304871,0.7070722579956055,0.5919079184532166,-0.01142274308949709,0.9997882843017578,0.7552312612533569,0.604740560054779,-0.17265906929969788,0.9998534917831421,0.7254136204719543,0.6140487790107727,-0.16403988003730774,0.9998264312744141,0.8362661600112915,0.6874381899833679,-0.009010198526084423,0.9997051954269409,0.6834256052970886,0.7161973714828491,0.006009587552398443,0.9998586177825928,0.9050156474113464,0.8082812428474426,-0.25691500306129456,0.9948895573616028,0.6355462670326233,0.8269508481025696,-0.25273597240448,0.9967771172523499,0.7752637267112732,0.7161104083061218,-0.4343191981315613,0.9893552660942078,0.7410166263580322,0.6958539485931396,-0.4605637490749359,0.9949384927749634,0.7510542869567871,0.6934637427330017,-0.48479652404785156,0.9740957021713257,0.7662442922592163,0.6760364174842834,-0.5171858668327332,0.9771252274513245,0.7521852254867554,0.6830130219459534,-0.43056005239486694,0.9713374972343445,0.7681463956832886,0.6669763922691345,-0.46714282035827637,0.9724549651145935,0.755682647228241,0.6906121969223022,-0.41954249143600464,0.9723767638206482,0.7609944343566895,0.6781827807426453,-0.4482578635215759,0.9748409986495972,0.8376965522766113,0.9802600741386414,-0.014456121250987053,0.5434112548828125,0.7251068353652954,1.0127109289169312,0.016002122312784195,0.5500827431678772,0.8490444421768188,1.2560136318206787,0.01776016876101494,0.004879030864685774,0.7327136993408203,1.2684606313705444,0.07465484738349915,0.0049894885160028934,0.8511670827865601,1.4803580045700073,0.2275039702653885,0.0008328123949468136,0.7408857941627502,1.4942607879638672,0.22383590042591095,0.0008250981918536127,0.8562792539596558,1.5076278448104858,0.2355920821428299,0.0005718471365980804,0.7399535179138184,1.5223900079727173,0.2327590435743332,0.0010892223799601197,0.8371816873550415,1.5610415935516357,-0.0001438250910723582,0.00034882096224464476,0.7594828009605408,1.5754756927490234,-0.01797601766884327,0.0009434784878976643
0.738150954246521,0.5835276246070862,-0.22606699168682098,0.9998728632926941,0.7486274242401123,0.5636343359947205,-0.19872061908245087,0.9996511340141296,0.756041407585144,0.5628958940505981,-0.19861069321632385,0.9996986389160156,0.7622392177581787,0.562719464302063,-0.19841082394123077,0.9996685981750488,0.7259194850921631,0.5697947144508362,-0.19488243758678436,0.999656617641449,0.7174569368362427,0.5732285976409912,-0.19461306929588318,0.9997140169143677,0.7103223204612732,0.576406717300415,-0.1948317438364029,0.9996961951255798,0.7743952870368958,0.5752825140953064,-0.04203910380601883,0.9997214674949646,0.707179069519043,0.5918509364128113,-0.013031656853854656,0.999796986579895,0.7558593153953552,0.6045831441879272,-0.17124244570732117,0.9998548626899719,0.725892961025238,0.6139907836914062,-0.16391970217227936,0.9998303055763245,0.8366007804870605,0.6874788403511047,-0.005221061408519745,0.9997203350067139,0.6834472417831421,0.7161101698875427,0.006451829336583614,0.9998636245727539,0.9051292538642883,0.807651162147522,-0.2332456409931183,0.9951906204223633,0.6349524259567261,0.8273817300796509,-0.2434532344341278,0.9970076084136963,0.7752200365066528,0.7158579230308533,-0.3953385651111603,0.9899982213973999,0.7409101724624634,0.695936918258667,-0.4478328227996826,0.9949591755867004,0.7510977983474731,0.6932772994041443,-0.4390076994895935,0.9739876389503479,0.7661322951316833,0.6760997772216797,-0.5025568604469299,0.9765971899032593,0.7521897554397583,0.682792067527771,-0.38258442282676697,0.9710227847099304,0.7681158185005188,0.667023241519928,-0.4519155025482178,0.9717451333999634,0.7556748390197754,0.6905592679977417,-0.3784168064594269,0.9722549915313721,0.7609661817550659,0.6782068610191345,-0.4347518980503082,0.9742434620857239,0.837840735912323,0.9801585674285889,-0.012988066300749779,0.5619498491287231,0.725959062576294,0.9942189455032349,0.014565770514309406,0.5674856305122375,0.8479596972465515,1.255797028541565,0.016529474407434464,0.004712322726845741,0.7313938736915588,1.2678431272506714,0.0662371963262558,0.004863211419433355,0.8481428027153015,1.4806557893753052,0.21707217395305634,0.000782535586040467,0.7377830147743225,1.494158148765564,0.2051343470811844,0.000756879395339638,0.8530112504959106,1.5079389810562134,0.2241220921278,0.0005511346971616149,0.7367235422134399,1.522342324256897,0.2124186009168625,0.0010101032676175237,0.8333700895309448,1.5612784624099731,-0.008251055143773556,0.00033107950002886355,0.7561386823654175,1.5753581523895264,-0.03707865998148918,0.0008763617952354252
0.7382152676582336,0.5835157632827759,-0.22359326481819153,0.9998745918273926,0.7487439513206482,0.5636175870895386,-0.19590118527412415,0.9996566772460938,0.7561465501785278,0.5628731846809387,-0.19581741094589233,0.9997023344039917,0.7623652815818787,0.5626948475837708,-0.19563740491867065,0.9996746778488159,0.7260921597480774,0.5697939991950989,-0.19179680943489075,0.9996642470359802,0.7176526784896851,0.5732288360595703,-0.1915418803691864,0.9997197389602661,0.7105261087417603,0.576407790184021,-0.19177663326263428,0.9997048377990723,0.7744967341423035,0.5752460956573486,-0.03854512423276901,0.9997233748435974,0.7074702978134155,0.5918266177177429,-0.008717327378690243,0.9998034238815308,0.7559348344802856,0.6045228242874146,-0.16846898198127747,0.9998542070388794,0.7259737849235535,0.6139968037605286,-0.16072997450828552,0.9998319745063782,0.8368543386459351,0.687483549118042,-0.003964451607316732,0.9997278451919556,0.6835766434669495,0.7160625457763672,0.011204853653907776,0.999866783618927,0.9052245020866394,0.8078824281692505,-0.23532548546791077,0.9954155683517456,0.6345853209495544,0.827688992023468,-0.2371251881122589,0.9972115159034729,0.7751438617706299,0.7158952355384827,-0.3952833116054535,0.9905756711959839,0.7408629059791565,0.6960039734840393,-0.44418707489967346,0.9950345754623413,0.7511215209960938,0.6932412385940552,-0.43945130705833435,0.9738420844078064,0.7660472393035889,0.6761549115180969,-0.5000807642936707,0.9763888120651245,0.7522211670875549,0.6828708052635193,-0.3841231167316437,0.9706313014030457,0.7680439949035645,0.6670491099357605,-0.4495545029640198,0.9714145660400391,0.7557058334350586,0.6905683875083923,-0.37862318754196167,0.9721106290817261,0.7608834505081177,0.6782838106155396,-0.43120843172073364,0.9740380644798279,0.8380602598190308,0.9803541898727417,-0.013052048161625862,0.5751896500587463,0.7256904244422913,1.0076510906219482,0.01461821235716343,0.582119345664978,0.8490875959396362,1.2560042142868042,0.017625413835048676,0.004470740910619497,0.7321122288703918,1.2681540250778198,0.06666318327188492,0.004691976588219404,0.8499647378921509,1.4808504581451416,0.2250663936138153,0.0007357168942689896,0.7388976812362671,1.4946798086166382,0.20671343803405762,0.0006984515930525959,0.85487300157547,1.508137583732605,0.23316316306591034,0.0005322707584127784,0.7380191087722778,1.5229240655899048,0.21428434550762177,0.0009438212728127837,0.8356965184211731,1.5616251230239868,0.000274154037469998,0.0003139927866868675,0.7573049068450928,1.5759071111679077,-0.03488479554653168,0.000825264083687216
0.7382157444953918,0.5837047100067139,-0.22441165149211884,0.9998786449432373,0.7487327456474304,0.5636864304542542,-0.1977773755788803,0.9996676445007324,0.7561411261558533,0.5628968477249146,-0.19769446551799774,0.9997113943099976,0.7623744010925293,0.5626950860023499,-0.19753417372703552,0.9996860027313232,0.7260891795158386,0.5700231194496155,-0.1926039159297943,0.9996752142906189,0.7176691889762878,0.5734907984733582,-0.19234107434749603,0.9997279047966003,0.7105408310890198,0.5767085552215576,-0.19258001446723938,0.9997149109840393,0.7745405435562134,0.5751580595970154,-0.04342975467443466,0.9997320771217346,0.7077478170394897,0.5919321775436401,-0.008831978775560856,0.9998112320899963,0.7560378909111023,0.6045771241188049,-0.17027191817760468,0.9998584389686584,0.7260371446609497,0.6144649982452393,-0.16125397384166718,0.9998375177383423,0.8373522758483887,0.6873942613601685,-0.009207947179675102,0.9997423887252808,0.6848439574241638,0.7157934904098511,0.01204291358590126,0.9998719692230225,0.9052972793579102,0.808009684085846,-0.24136455357074738,0.9956440329551697,0.634376049041748,0.8271086812019348,-0.2372346818447113,0.9974067807197571,0.7764300107955933,0.716320276260376,-0.4030168056488037,0.9911742210388184,0.740821897983551,0.6959406733512878,-0.44932904839515686,0.9950965642929077,0.75196373462677,0.693922221660614,-0.4472501277923584,0.9742485284805298,0.7659951448440552,0.6762581467628479,-0.5061393976211548,0.9760700464248657,0.7528060078620911,0.6832539439201355,-0.3937092423439026,0.9709192514419556,0.768082320690155,0.6671354174613953,-0.45428329706192017,0.970923662185669,0.7565062046051025,0.6907017230987549,-0.3868843913078308,0.9725018739700317,0.7609925270080566,0.6783645153045654,-0.43631964921951294,0.9737122654914856,0.838341236114502,0.9801408648490906,-0.013434121385216713,0.5869091749191284,0.7258967757225037,1.0151621103286743,0.015003646723926067,0.5943763852119446,0.8509167432785034,1.2561808824539185,0.018202492967247963,0.004230184946209192,0.7332645058631897,1.2682478427886963,0.07038368284702301,0.004483560100197792,0.8521109819412231,1.4811103343963623,0.2280174046754837,0.0006893491372466087,0.7405455112457275,1.495043158531189,0.2127559632062912,0.0006427051848731935,0.8573768734931946,1.5084244012832642,0.23629307746887207,0.000511622813064605,0.7399301528930664,1.5233287811279297,0.22067967057228088,0.0008798654307611287,0.8370897173881531,1.5619678497314453,0.0018477976555004716,0.00029515178175643086,0.7591524124145508,1.5761935710906982,-0.029162462800741196,0.0007749654469080269
0.7383260726928711,0.5836910009384155,-0.225651815533638,0.9998798370361328,0.7488800287246704,0.5636476874351501,-0.1989450752735138,0.9996747374534607,0.7563467621803284,0.5628537535667419,-0.19886061549186707,0.9997161030769348,0.7626165151596069,0.5626610517501831,-0.1986878216266632,0.9996936917304993,0.7261759638786316,0.5700031518936157,-0.19355903565883636,0.9996832013130188,0.7177394032478333,0.5734792947769165,-0.1933102309703827,0.9997327923774719,0.7106082439422607,0.5767018795013428,-0.1935480684041977,0.9997227191925049,0.7748909592628479,0.5750488638877869,-0.043935470283031464,0.9997361302375793,0.707857072353363,0.5919171571731567,-0.009861048310995102,0.9998173713684082,0.7562142610549927,0.6045396327972412,-0.17121829092502594,0.9998589754104614,0.7261278033256531,0.6144701838493347,-0.1621784120798111,0.999839723110199,0.8374384641647339,0.6874114274978638,-0.008653433062136173,0.9997501969337463,0.6851709485054016,0.7156664133071899,0.01219944003969431,0.9998739957809448,0.9059251546859741,0.8074550032615662,-0.2376948893070221,0.9957921504974365,0.6342187523841858,0.827263593673706,-0.23823776841163635,0.9975626468658447,0.7766193747520447,0.7164276838302612,-0.39371630549430847,0.9916744232177734,0.7408143281936646,0.6959742307662964,-0.4522469937801361,0.9951570630073547,0.75197434425354,0.6940317153930664,-0.43736180663108826,0.9744129180908203,0.7659435272216797,0.6762879490852356,-0.5084284543991089,0.9758772253990173,0.752825140953064,0.6833385825157166,-0.38341575860977173,0.9709516167640686,0.7681012153625488,0.6672281622886658,-0.4573056697845459,0.9706586003303528,0.7565965056419373,0.6907761693000793,-0.3774614632129669,0.9727006554603577,0.7610021829605103,0.6785665154457092,-0.4393148422241211,0.9734727144241333,0.8383804559707642,0.9801701903343201,-0.013496419414877892,0.6057195067405701,0.7252669930458069,1.0194331407546997,0.015060758218169212,0.6119632124900818,0.8508304357528687,1.2562788724899292,0.022989138960838318,0.004083253443241119,0.7332494854927063,1.2685126066207886,0.07357130944728851,0.004327042493969202,0.8518290519714355,1.4813052415847778,0.23043175041675568,0.0006511465762741864,0.7400208711624146,1.4952619075775146,0.21815595030784607,0.0005919647519476712,0.8572389483451843,1.5086190700531006,0.23872248828411102,0.0005019159871153533,0.7393262982368469,1.5236481428146362,0.2266044318675995,0.0008222353644669056,0.8355795741081238,1.5622111558914185,0.006979102734476328,0.00027947069611400366,0.7580405473709106,1.5764223337173462,-0.019681159406900406,0.0007307955529540777
0.738397479057312,0.5836966633796692,-0.22619013488292694,0.9998820424079895,0.7490290999412537,0.5636746883392334,-0.19927597045898438,0.9996818900108337,0.7565135359764099,0.5628970265388489,-0.19920215010643005,0.999720573425293,0.7628473043441772,0.5627202391624451,-0.19903644919395447,0.999700665473938,0.72626131772995,0.5700156092643738,-0.19426760077476501,0.9996914267539978,0.7178171873092651,0.5734929442405701,-0.19401699304580688,0.9997385144233704,0.7106826901435852,0.5767160654067993,-0.19425219297409058,0.9997312426567078,0.7751328349113464,0.575079083442688,-0.042602285742759705,0.9997391700744629,0.7079399824142456,0.5919234752655029,-0.01025319006294012,0.999823808670044,0.7563039064407349,0.6045487523078918,-0.17118611931800842,0.9998606443405151,0.7261484265327454,0.6144891977310181,-0.16260702908039093,0.9998432397842407,0.8374589085578918,0.6874215006828308,-0.007517547346651554,0.9997572898864746,0.6853683590888977,0.7156810164451599,0.013282520696520805,0.9998770356178284,0.9069377183914185,0.8075606226921082,-0.23606164753437042,0.9959375858306885,0.633813738822937,0.8274043798446655,-0.23736897110939026,0.9977213740348816,0.7772079706192017,0.716628909111023,-0.39161303639411926,0.9921309351921082,0.7407744526863098,0.6962074041366577,-0.45461416244506836,0.9952914714813232,0.7523802518844604,0.6949066519737244,-0.43605050444602966,0.9745354056358337,0.7659507989883423,0.677665114402771,-0.5108993053436279,0.976128876209259,0.753172755241394,0.6840584874153137,-0.38246163725852966,0.9709345698356628,0.768356204032898,0.6690647602081299,-0.4593988060951233,0.9709272980690002,0.756912350654602,0.6913172006607056,-0.3755871057510376,0.9728757739067078,0.761112630367279,0.6800432205200195,-0.44174179434776306,0.9737552404403687,0.8384143114089966,0.9802677631378174,-0.013527581468224525,0.6178441643714905,0.7252486944198608,1.0223891735076904,0.015086191706359386,0.6235615015029907,0.8515785336494446,1.2563843727111816,0.022038163617253304,0.003890995867550373,0.7334505319595337,1.268902063369751,0.08142361789941788,0.004164784215390682,0.8536592721939087,1.4813530445098877,0.22987568378448486,0.0006147154490463436,0.7415338754653931,1.4954861402511597,0.23351451754570007,0.000547099276445806,0.8592820167541504,1.5086978673934937,0.23810043931007385,0.00048643650370649993,0.7412005662918091,1.5238080024719238,0.24306996166706085,0.0007718133856542408,0.8377808332443237,1.5622128248214722,0.005186387337744236,0.0002637574216350913,0.7601597309112549,1.5766993761062622,-0.005191998090595007,0.0006932985852472484
0.7386911511421204,0.5837408304214478,-0.22504417598247528,0.9998873472213745,0.7492886185646057,0.5636939406394958,-0.19835685193538666,0.9996944665908813,0.7567488551139832,0.562927782535553,-0.1982804834842682,0.9997316002845764,0.7631125450134277,0.5627681016921997,-0.1981094628572464,0.9997127056121826,0.7265245914459229,0.5700193643569946,-0.193823903799057,0.9997049570083618,0.7180360555648804,0.5734980702400208,-0.19356945157051086,0.9997502565383911,0.71087646484375,0.5767221450805664,-0.19379112124443054,0.9997439980506897,0.7753258943557739,0.5750983953475952,-0.042080312967300415,0.9997484087944031,0.7079576253890991,0.5919176936149597,-0.010558689944446087,0.9998331069946289,0.7565363645553589,0.6046777963638306,-0.1699254810810089,0.9998652935028076,0.7263877391815186,0.6146558523178101,-0.1619451940059662,0.999849796295166,0.8375225067138672,0.6874433159828186,-0.00614667683839798,0.9997690320014954,0.6854594349861145,0.7155284881591797,0.01335783489048481,0.9998826384544373,0.907196044921875,0.8076354265213013,-0.22703894972801208,0.9960944056510925,0.6338032484054565,0.8275673985481262,-0.23140795528888702,0.9978563785552979,0.7773053050041199,0.7167966961860657,-0.37939029932022095,0.9926050305366516,0.7407470345497131,0.6964261531829834,-0.4448001980781555,0.9954415559768677,0.7524234056472778,0.6950331926345825,-0.42321276664733887,0.9751514792442322,0.76580810546875,0.6776918172836304,-0.501735270023346,0.9766599535942078,0.7533441781997681,0.6840959787368774,-0.3714880645275116,0.9715391397476196,0.7681565284729004,0.6690879464149475,-0.4525839686393738,0.9715301990509033,0.757075846195221,0.6913682818412781,-0.36404138803482056,0.9735279679298401,0.7609043121337891,0.6801390051841736,-0.4327491223812103,0.9743021130561829,0.8384636044502258,0.9803273677825928,-0.013067652471363544,0.6245513558387756,0.7252714037895203,1.0228792428970337,0.014620242640376091,0.6296380162239075,0.8518508076667786,1.2561534643173218,0.019237522035837173,0.003736044280230999,0.7335306406021118,1.269080638885498,0.07113727182149887,0.004050789400935173,0.8541310429573059,1.481092095375061,0.2179252803325653,0.0005855383933521807,0.7421834468841553,1.4956650733947754,0.2048065960407257,0.0005083435098640621,0.8597190976142883,1.5084854364395142,0.2250327616930008,0.000478584406664595,0.7420471906661987,1.5239951610565186,0.21193306148052216,0.0007301429286599159,0.8384659886360168,1.5620313882827759,-0.007430640514940023,0.00025247849407605827,0.7611011266708374,1.5768924951553345,-0.036954574286937714,0.000661620288155973
0.7387356758117676,0.5835269093513489,-0.22347776591777802,0.9998903870582581,0.7494298219680786,0.5635709166526794,-0.19662538170814514,0.9997057318687439,0.7569140791893005,0.5628231167793274,-0.19655002653598785,0.9997391700744629,0.7633151412010193,0.5626879930496216,-0.19638709723949432,0.9997241497039795,0.7266612648963928,0.5698712468147278,-0.1923166811466217,0.9997168183326721,0.7181607484817505,0.573356032371521,-0.1920013725757599,0.9997577667236328,0.7109962701797485,0.5765804648399353,-0.19222202897071838,0.9997545480728149,0.7756094336509705,0.5750545263290405,-0.03942767530679703,0.9997548460960388,0.7079705595970154,0.591873824596405,-0.008669009432196617,0.9998389482498169,0.7565965056419373,0.6045302152633667,-0.168029323220253,0.9998683333396912,0.726406455039978,0.614582359790802,-0.16021046042442322,0.9998536109924316,0.837738037109375,0.6874591112136841,-0.0066071986220777035,0.999773383140564,0.6854845285415649,0.7155109643936157,0.019855104386806488,0.9998845458030701,0.9072892069816589,0.8071678876876831,-0.23046645522117615,0.9962217807769775,0.6336032152175903,0.8274431228637695,-0.22933781147003174,0.9979832768440247,0.7772197723388672,0.7168424725532532,-0.3887942433357239,0.9928120970726013,0.7407357692718506,0.6964594125747681,-0.4438377320766449,0.99533611536026,0.7516851425170898,0.6954934597015381,-0.43313249945640564,0.974199652671814,0.7657841444015503,0.6776930689811707,-0.5004726648330688,0.9757622480392456,0.7530778646469116,0.6843273639678955,-0.3795732259750366,0.970327615737915,0.7681400775909424,0.6690359115600586,-0.4478219151496887,0.9703830480575562,0.7570387125015259,0.6915248036384583,-0.37299469113349915,0.9726269841194153,0.7608917355537415,0.6801652908325195,-0.4309201240539551,0.9733072519302368,0.8388544917106628,0.9803796410560608,-0.014536249451339245,0.6344010233879089,0.7273567318916321,0.9980188012123108,0.016130413860082626,0.6397904753684998,0.8514673113822937,1.2562294006347656,0.016903674229979515,0.003585957223549485,0.7333134412765503,1.2695444822311401,0.08105657249689102,0.0039183227345347404,0.8516517877578735,1.4811666011810303,0.2178507149219513,0.0005525664892047644,0.7377643585205078,1.4970017671585083,0.2216198891401291,0.0004726836341433227,0.8573055267333984,1.5085759162902832,0.2252119779586792,0.0004606327856890857,0.7366220951080322,1.525597333908081,0.2298031598329544,0.0006877821870148182,0.8344327211380005,1.5621198415756226,-0.0073591358959674835,0.000240409848629497,0.7547668218612671,1.5786683559417725,-0.01835254766047001,0.0006335691432468593
0.7388870120048523,0.5836555361747742,-0.23649127781391144,0.999894917011261,0.7495239973068237,0.5636381506919861,-0.21012631058692932,0.9997196793556213,0.7569952011108398,0.5628641247749329,-0.21008077263832092,0.9997504353523254,0.763407826423645,0.5627068877220154,-0.20993360877037048,0.9997373819351196,0.7267003655433655,0.5700035691261292,-0.20478272438049316,0.999730110168457,0.7181801199913025,0.5735319256782532,-0.20444543659687042,0.9997677803039551,0.7110098600387573,0.5768377780914307,-0.20465907454490662,0.999765932559967,0.7756621241569519,0.5750250220298767,-0.04965047910809517,0.9997663497924805,0.707994818687439,0.5919739007949829,-0.013572832569479942,0.999846875667572,0.7568520903587341,0.6045427918434143,-0.17983680963516235,0.9998745918273926,0.7266174554824829,0.6147669553756714,-0.1704014241695404,0.9998601078987122,0.8379052877426147,0.6874510645866394,-0.01879352517426014,0.9997815489768982,0.6854882836341858,0.7154557108879089,0.01796380989253521,0.9998879432678223,0.9076800346374512,0.8072030544281006,-0.25492894649505615,0.996366024017334,0.633592963218689,0.8277838230133057,-0.23878750205039978,0.9981025457382202,0.7777636051177979,0.7174659371376038,-0.4222777485847473,0.9930630922317505,0.7407060861587524,0.6973370313644409,-0.4721573293209076,0.9954068064689636,0.7520509362220764,0.6968188881874084,-0.4685453474521637,0.9739717245101929,0.7657585740089417,0.6790637969970703,-0.5319611430168152,0.9759002327919006,0.7534231543540955,0.6848958134651184,-0.41421207785606384,0.9700181484222412,0.7681275606155396,0.6697880029678345,-0.47817307710647583,0.9705179929733276,0.7574758529663086,0.692031741142273,-0.4062160849571228,0.9724425077438354,0.7608777284622192,0.6809480786323547,-0.45941162109375,0.9734871983528137,0.8388593792915344,0.9804432392120361,-0.018734538927674294,0.630289614200592,0.7264817357063293,1.0071961879730225,0.020323021337389946,0.6372801661491394,0.8518430590629578,1.2562899589538574,0.01664995215833187,0.003374731633812189,0.7333762645721436,1.2696093320846558,0.0910911113023758,0.0037339050322771072,0.8541390299797058,1.4809664487838745,0.22767308354377747,0.0005185215850360692,0.7396916747093201,1.4970775842666626,0.24066483974456787,0.00043935782741755247,0.8606724739074707,1.5083168745040894,0.23620566725730896,0.0004360311140771955,0.7390916347503662,1.5256227254867554,0.25029700994491577,0.0006471629603765905,0.8370750546455383,1.561761736869812,-0.0011398220667615533,0.0002258266758872196,0.7563219666481018,1.578722596168518,-0.001298597315326333,0.0006035779952071607
0.7390327453613281,0.5837336778640747,-0.23089942336082458,0.9998993277549744,0.7498100996017456,0.5637896060943604,-0.20397040247917175,0.9997326731681824,0.7572783827781677,0.5630641579627991,-0.20391230285167694,0.9997612833976746,0.7637152671813965,0.5629251599311829,-0.20376405119895935,0.9997500777244568,0.7268415093421936,0.5700591206550598,-0.19925567507743835,0.9997427463531494,0.71829754114151,0.5735761523246765,-0.19890502095222473,0.9997777342796326,0.711112380027771,0.5768707990646362,-0.19910578429698944,0.9997770190238953,0.7759326100349426,0.5751411318778992,-0.0439344123005867,0.9997769594192505,0.708014726638794,0.5919845700263977,-0.010608996264636517,0.9998544454574585,0.7570058107376099,0.6046034097671509,-0.17434470355510712,0.999880313873291,0.7267131209373474,0.6148693561553955,-0.16569003462791443,0.9998660683631897,0.8380435705184937,0.6876199245452881,-0.014885497279465199,0.9997924566268921,0.6854921579360962,0.7155330181121826,0.017742818221449852,0.9998922944068909,0.9077375531196594,0.807120680809021,-0.25440096855163574,0.9965080618858337,0.6338242292404175,0.827915608882904,-0.2385176122188568,0.9982137680053711,0.7782992124557495,0.7183247208595276,-0.42605870962142944,0.9933649301528931,0.740453839302063,0.6975525617599487,-0.4719730019569397,0.9955255389213562,0.7523247003555298,0.6982583999633789,-0.4740079343318939,0.9741226434707642,0.7656126618385315,0.6797455549240112,-0.5305529832839966,0.9763461351394653,0.7536458373069763,0.6861580610275269,-0.42019519209861755,0.97013920545578,0.7680545449256897,0.6705454587936401,-0.47626233100891113,0.971053957939148,0.7577593922615051,0.693021833896637,-0.4105575680732727,0.9726112484931946,0.7607940435409546,0.681430995464325,-0.45825448632240295,0.9739514589309692,0.8387672305107117,0.9804415106773376,-0.018630042672157288,0.6379096508026123,0.7278331518173218,0.9911576509475708,0.02021472528576851,0.6445907354354858,0.8507237434387207,1.2564233541488647,0.01116098091006279,0.0032887267880141735,0.7322959303855896,1.2697206735610962,0.08433063328266144,0.0036659229081124067,0.8530915975570679,1.4810384511947632,0.21353814005851746,0.0004950453876517713,0.7388805747032166,1.4971084594726562,0.21694442629814148,0.000409737229347229,0.8595987558364868,1.5083670616149902,0.2207016497850418,0.00042565452167764306,0.7380421161651611,1.5256702899932861,0.22429537773132324,0.0006142808706499636,0.8360389471054077,1.5618083477020264,-0.016669753938913345,0.0002148712519556284,0.7562061548233032,1.5792179107666016,-0.028826212510466576,0.0005756665486842394
0.7390510439872742,0.5845839977264404,-0.24853730201721191,0.9999005198478699,0.7498792409896851,0.5643488764762878,-0.22185774147510529,0.9997386932373047,0.7573564648628235,0.563590943813324,-0.22180649638175964,0.9997656345367432,0.7638266086578369,0.5633736252784729,-0.2216649353504181,0.9997560977935791,0.726847767829895,0.5706650614738464,-0.2165037840604782,0.9997476935386658,0.718312680721283,0.5742298364639282,-0.21614301204681396,0.9997801184654236,0.7111347913742065,0.5776190161705017,-0.2163527011871338,0.9997807741165161,0.776005744934082,0.5753589272499084,-0.05782240629196167,0.9997822046279907,0.7080312967300415,0.5922679305076599,-0.021046677604317665,0.9998569488525391,0.7570328712463379,0.6053628921508789,-0.19029197096824646,0.9998826384544373,0.7267548441886902,0.6160659790039062,-0.18065020442008972,0.9998679757118225,0.8381494283676147,0.6878732442855835,-0.02604006789624691,0.9997942447662354,0.6855027079582214,0.7157367467880249,0.01283206231892109,0.9998924732208252,0.9079143404960632,0.8072275519371033,-0.2716948390007019,0.9965825080871582,0.63361656665802,0.8283738493919373,-0.2548392117023468,0.9982917904853821,0.7784001231193542,0.7185761332511902,-0.4426940083503723,0.9934787750244141,0.7404444813728333,0.6975942254066467,-0.48873454332351685,0.9954366683959961,0.7523514032363892,0.6986111998558044,-0.48941612243652344,0.9732233285903931,0.7655889391899109,0.6798490881919861,-0.5480499267578125,0.9756684303283691,0.7537410855293274,0.6864960193634033,-0.43272238969802856,0.9690244197845459,0.7680927515029907,0.6706262826919556,-0.49217015504837036,0.9702014923095703,0.7578479051589966,0.6935122013092041,-0.4258883595466614,0.9717349410057068,0.7607819437980652,0.6816776394844055,-0.4750604033470154,0.9732336401939392,0.8385990262031555,0.9807607531547546,-0.019829770550131798,0.6340377330780029,0.7247611880302429,1.009181261062622,0.021419808268547058,0.6427688598632812,0.8506110906600952,1.2582179307937622,0.024464884772896767,0.003139402251690626,0.7322704195976257,1.2708369493484497,0.09780517220497131,0.0035245397593826056,0.8527873754501343,1.4813835620880127,0.25566622614860535,0.0004728259227704257,0.7374215722084045,1.4984227418899536,0.2549169361591339,0.0003851348301395774,0.8592364192008972,1.508547306060791,0.2660695016384125,0.0004135807976126671,0.7361651062965393,1.5273537635803223,0.26537245512008667,0.0005878678057342768,0.8355588912963867,1.562488079071045,0.028256084769964218,0.00020649493671953678,0.7535710334777832,1.5806891918182373,0.010927928611636162,0.0005609965301118791
0.7391858696937561,0.5847192406654358,-0.2414964735507965,0.9999061226844788,0.7500354647636414,0.5645048022270203,-0.21519918739795685,0.9997546076774597,0.7575190663337708,0.563758134841919,-0.2151384800672531,0.9997789859771729,0.7640053033828735,0.5635498762130737,-0.21499256789684296,0.9997712969779968,0.7269054055213928,0.5707773566246033,-0.2105863392353058,0.999763011932373,0.7183471918106079,0.5743303894996643,-0.21016919612884521,0.9997920989990234,0.7111515998840332,0.5777243375778198,-0.21036383509635925,0.9997937083244324,0.7761567234992981,0.5754773020744324,-0.053317416459321976,0.9997955560684204,0.7080450654029846,0.5923240780830383,-0.0191741231828928,0.9998655915260315,0.7572306394577026,0.6054800152778625,-0.18404635787010193,0.9998895525932312,0.7268317937850952,0.6163264513015747,-0.17544245719909668,0.9998754262924194,0.8381792306900024,0.6884837746620178,-0.0242401622235775,0.9998045563697815,0.6854848265647888,0.715806782245636,0.015498852357268333,0.999896764755249,0.9081281423568726,0.8072556257247925,-0.2512260377407074,0.9966839551925659,0.6336060166358948,0.8284982442855835,-0.23844119906425476,0.9983752965927124,0.7786616683006287,0.7189463376998901,-0.40375909209251404,0.9936211705207825,0.7401397824287415,0.6976306438446045,-0.4555736482143402,0.9953477382659912,0.7524281740188599,0.6990002393722534,-0.4479585587978363,0.9727353453636169,0.7649083733558655,0.6798545718193054,-0.5120082497596741,0.9750858545303345,0.7539080381393433,0.6866695284843445,-0.3929474949836731,0.9684250950813293,0.7677902579307556,0.6706292629241943,-0.4598734378814697,0.9694720506668091,0.7581228017807007,0.6936284303665161,-0.3873947560787201,0.9713215827941895,0.7604406476020813,0.6817411184310913,-0.4432500898838043,0.9726492166519165,0.8378139734268188,0.9807692170143127,-0.02118459716439247,0.6278316974639893,0.7266942262649536,0.9904020428657532,0.022863052785396576,0.6358141303062439,0.8485504984855652,1.2582297325134277,0.0009694541804492474,0.002989240689203143,0.730556845664978,1.2711142301559448,0.09659819304943085,0.0033692759461700916,0.849969208240509,1.4817785024642944,0.20663289725780487,0.0004457247559912503,0.7357951402664185,1.4992480278015137,0.24657733738422394,0.00035848491825163364,0.8566346168518066,1.509179949760437,0.21367374062538147,0.0003939310845453292,0.7347288727760315,1.5280811786651611,0.2561320960521698,0.0005554098752327263,0.8326790928840637,1.5625646114349365,-0.024387536570429802,0.00019625913409981877,0.7516041398048401,1.5821235179901123,0.002724446589127183,0.0005380892544053495
0.7393008470535278,0.5847216248512268,-0.24684377014636993,0.9999085068702698,0.7501464486122131,0.5645176768302917,-0.22022628784179688,0.9997624158859253,0.7576292157173157,0.5637707114219666,-0.22019466757774353,0.9997855424880981,0.7641085982322693,0.56356281042099,-0.2200613021850586,0.9997788071632385,0.7270020246505737,0.5707802176475525,-0.21544933319091797,0.9997700452804565,0.7184226512908936,0.5743318796157837,-0.2151026725769043,0.9997972846031189,0.7111985087394714,0.577721893787384,-0.2153174877166748,0.9997992515563965,0.7762042880058289,0.5754824280738831,-0.05717240646481514,0.999802827835083,0.7080618143081665,0.5922991633415222,-0.02288440801203251,0.9998701810836792,0.7572976350784302,0.6054795980453491,-0.18898172676563263,0.9998935461044312,0.7268532514572144,0.616363525390625,-0.1802588701248169,0.9998795390129089,0.8381879925727844,0.6884908080101013,-0.02736401930451393,0.9998112320899963,0.6853355169296265,0.7157166600227356,0.013227740302681923,0.9998984932899475,0.9081923365592957,0.8072693347930908,-0.2592833936214447,0.9968022108078003,0.6334888935089111,0.8286788463592529,-0.24642209708690643,0.9984552264213562,0.7789826989173889,0.7194111943244934,-0.41911834478378296,0.9938585758209229,0.7401713132858276,0.6976567506790161,-0.4763506054878235,0.9954187273979187,0.7529540657997131,0.6990724205970764,-0.46479201316833496,0.9728949069976807,0.7648886442184448,0.6797987222671509,-0.5352240204811096,0.9751747250556946,0.75457364320755,0.6866811513900757,-0.41007012128829956,0.9685486555099487,0.7677578926086426,0.6703823208808899,-0.4818108081817627,0.969516396522522,0.7586427330970764,0.6936805844306946,-0.402454674243927,0.9714950919151306,0.760430097579956,0.6817255616188049,-0.46346908807754517,0.972758948802948,0.8376712799072266,0.9801902174949646,-0.0226907879114151,0.6243219375610352,0.7288098931312561,0.9861451983451843,0.024299919605255127,0.6327395439147949,0.8506084680557251,1.2563202381134033,0.005532335955649614,0.002841686364263296,0.7324668765068054,1.2700833082199097,0.10223227739334106,0.00322032836265862,0.8553382754325867,1.479529619216919,0.22545865178108215,0.0004264759481884539,0.7420324683189392,1.4968239068984985,0.2588760256767273,0.000338660174747929,0.862575352191925,1.5069923400878906,0.2342936098575592,0.00038277808926068246,0.7418066263198853,1.5254530906677246,0.2693064510822296,0.0005352843436412513,0.8388649225234985,1.5598437786102295,-0.0038275166880339384,0.00018739610095508397,0.758263111114502,1.5788378715515137,0.01833135262131691,0.0005252474802546203
0.7398034334182739,0.5847251415252686,-0.25316017866134644,0.9999122619628906,0.7504642009735107,0.5645312070846558,-0.22527284920215607,0.9997704029083252,0.7579500079154968,0.5637794733047485,-0.22523052990436554,0.9997925162315369,0.764397382736206,0.5635718703269958,-0.22506001591682434,0.9997860193252563,0.7271888256072998,0.5708048939704895,-0.22007521986961365,0.9997774958610535,0.7185796499252319,0.5743573307991028,-0.21978461742401123,0.9998039603233337,0.7113348245620728,0.5777528285980225,-0.2199827879667282,0.9998059272766113,0.7763665914535522,0.575482964515686,-0.05930491164326668,0.9998095035552979,0.7081261873245239,0.5923023819923401,-0.023945577442646027,0.9998753070831299,0.7578436136245728,0.6054247617721558,-0.1945904642343521,0.9998977184295654,0.7274081110954285,0.6164237260818481,-0.185393825173378,0.9998838305473328,0.8382822871208191,0.6885147094726562,-0.03101424314081669,0.9998176097869873,0.6853364706039429,0.71571284532547,0.009330610744655132,0.9999020099639893,0.908228874206543,0.807276725769043,-0.284866064786911,0.9968625903129578,0.6333518028259277,0.829027533531189,-0.2559962868690491,0.9985223412513733,0.7790971398353577,0.7194758653640747,-0.4809950292110443,0.9941693544387817,0.740037739276886,0.6978020071983337,-0.49372419714927673,0.9955844283103943,0.7533084750175476,0.6990779042243958,-0.5319823026657104,0.9738370776176453,0.7643154263496399,0.6798018217086792,-0.5552261471748352,0.9760414958000183,0.7547866702079773,0.6867088675498962,-0.477571964263916,0.969610333442688,0.7672372460365295,0.6703968048095703,-0.5002282857894897,0.9705686569213867,0.7588210701942444,0.6938130259513855,-0.46580228209495544,0.9724175930023193,0.7601293325424194,0.6818296909332275,-0.48093658685684204,0.9736684560775757,0.8378454446792603,0.9802085161209106,-0.02296990342438221,0.6107808351516724,0.7302274703979492,0.985653281211853,0.02455972507596016,0.6209675073623657,0.8511377573013306,1.2558718919754028,0.016306724399328232,0.0026782143395394087,0.73271644115448,1.2699782848358154,0.11815185844898224,0.003073363099247217,0.8566740155220032,1.4780319929122925,0.2535206079483032,0.0004019279731437564,0.7441739439964294,1.495530366897583,0.2948213517665863,0.0003168632392771542,0.8634685277938843,1.505447506904602,0.26419395208358765,0.00036442241980694234,0.7442524433135986,1.5236893892288208,0.3075944781303406,0.0005121619324199855,0.8413845896720886,1.5581624507904053,0.021474193781614304,0.00017714709974825382,0.7609390616416931,1.5775960683822632,0.05147262662649155,0.0005070107872597873
0.7409793734550476,0.5846299529075623,-0.2503969967365265,0.9999158382415771,0.751505434513092,0.5645173788070679,-0.22299626469612122,0.9997788667678833,0.7589172124862671,0.5637813806533813,-0.22294723987579346,0.9997996091842651,0.7651781439781189,0.5635817646980286,-0.22278353571891785,0.9997935891151428,0.7280267477035522,0.5706823468208313,-0.21772491931915283,0.9997861385345459,0.719199538230896,0.5742155909538269,-0.2174289971590042,0.999811589717865,0.7117908596992493,0.5775995254516602,-0.21763189136981964,0.9998139142990112,0.7767837047576904,0.5755021572113037,-0.05696365237236023,0.9998160004615784,0.7081743478775024,0.5922496914863586,-0.02346169762313366,0.9998810887336731,0.75872802734375,0.6053664088249207,-0.19247423112392426,0.9999016523361206,0.728026807308197,0.6164202094078064,-0.18334650993347168,0.9998884797096252,0.8382954597473145,0.6886426210403442,-0.03016299568116665,0.9998247027397156,0.6850874423980713,0.7157636284828186,0.009374557062983513,0.9999057054519653,0.908344566822052,0.8072870373725891,-0.2775142192840576,0.9969815611839294,0.6331125497817993,0.8310909867286682,-0.2544066309928894,0.9986070990562439,0.7791100740432739,0.7194475531578064,-0.4607340395450592,0.9944141507148743,0.7401973009109497,0.6987737417221069,-0.48944640159606934,0.9957696795463562,0.7533988952636719,0.6990757584571838,-0.5098558664321899,0.9742864966392517,0.7643952965736389,0.681662917137146,-0.549594521522522,0.9768961668014526,0.7548159956932068,0.6867150068283081,-0.45490533113479614,0.9700713753700256,0.7674099802970886,0.672189474105835,-0.4950484335422516,0.971582293510437,0.7588467597961426,0.6938308477401733,-0.4450221061706543,0.9728657007217407,0.7604134678840637,0.6834598183631897,-0.4768075942993164,0.9745857119560242,0.8378503918647766,0.9801352024078369,-0.023096075281500816,0.6041926741600037,0.7265220880508423,1.0057131052017212,0.024679012596607208,0.6147204637527466,0.8511413335800171,1.2552821636199951,0.014681409113109112,0.0025575372856110334,0.7327487468719482,1.2697339057922363,0.11294391006231308,0.0029750552494078875,0.8565951585769653,1.4776619672775269,0.25121816992759705,0.00038322858745232224,0.7443795800209045,1.494806170463562,0.27825847268104553,0.000300026178592816,0.8633179664611816,1.5050872564315796,0.26161065697669983,0.00035003022640012205,0.7444151043891907,1.522760033607483,0.28953418135643005,0.0004971569287590683,0.8413658142089844,1.5578014850616455,0.015047773718833923,0.0001688123302301392,0.7612234354019165,1.5771851539611816,0.03406672924757004,0.0004920185310766101
0.7416757941246033,0.5849462151527405,-0.2434910535812378,0.9999191164970398,0.7519934177398682,0.5647125840187073,-0.2177801877260208,0.9997871518135071,0.7593249082565308,0.5639965534210205,-0.2177213430404663,0.999806821346283,0.765515923500061,0.5638035535812378,-0.2175658941268921,0.9998013973236084,0.728458046913147,0.5708671808242798,-0.21163144707679749,0.999794065952301,0.7195718884468079,0.5744398236274719,-0.21130140125751495,0.9998180270195007,0.7121513485908508,0.5778847932815552,-0.21150167286396027,0.9998206496238708,0.776934802532196,0.575732409954071,-0.05680249258875847,0.9998235702514648,0.7083331346511841,0.5924892425537109,-0.019612962380051613,0.9998859167098999,0.759238064289093,0.6055933237075806,-0.18718472123146057,0.999905526638031,0.7286806702613831,0.6172727942466736,-0.17679718136787415,0.9998926520347595,0.8384100794792175,0.6886929869651794,-0.02948136068880558,0.9998319149017334,0.6850827932357788,0.7158151865005493,0.013076625764369965,0.9999093413352966,0.9084970355033875,0.8073009252548218,-0.2658148407936096,0.9970645904541016,0.6331369876861572,0.8315327763557434,-0.24230162799358368,0.9986566305160522,0.7793463468551636,0.7205818891525269,-0.43081969022750854,0.9945642948150635,0.7402125000953674,0.6993893980979919,-0.469078928232193,0.9958401918411255,0.7534408569335938,0.7008801698684692,-0.4764028489589691,0.9743370413780212,0.7643914818763733,0.6823700070381165,-0.527749240398407,0.9772818684577942,0.7548221349716187,0.6881582736968994,-0.42293399572372437,0.9700976610183716,0.7674027681350708,0.673018753528595,-0.4760805666446686,0.9720323085784912,0.758870542049408,0.6950997114181519,-0.41502609848976135,0.9729772210121155,0.760407567024231,0.6841631531715393,-0.45711731910705566,0.975013017654419,0.8378313183784485,0.980145275592804,-0.02303745225071907,0.6026996374130249,0.7280367016792297,0.9932597279548645,0.02462533675134182,0.6132024526596069,0.8509926795959473,1.2556939125061035,0.013504291884601116,0.002464523771777749,0.7327349185943604,1.270569920539856,0.1103670746088028,0.002903270535171032,0.8564006686210632,1.4783120155334473,0.24261340498924255,0.0003708566655404866,0.7442902326583862,1.4962507486343384,0.2685045599937439,0.00028561250655911863,0.8631704449653625,1.5059247016906738,0.25225597620010376,0.00034470451646484435,0.7443842887878418,1.5241862535476685,0.27803993225097656,0.00048332131700590253,0.8411678075790405,1.558135747909546,0.009966084733605385,0.00016427089576609433,0.7609516382217407,1.5788464546203613,0.025175627321004868,0.00048219147720374167
0.7418610453605652,0.5850642919540405,-0.2370501011610031,0.9999226927757263,0.7520729303359985,0.5648978352546692,-0.21123456954956055,0.9997955560684204,0.7593764662742615,0.5642015337944031,-0.21115081012248993,0.999814510345459,0.7655705213546753,0.5640138983726501,-0.21098299324512482,0.9998098015785217,0.7286194562911987,0.5710013508796692,-0.205520361661911,0.9998019337654114,0.7197606563568115,0.5745665431022644,-0.20518629252910614,0.9998247623443604,0.7123461365699768,0.5780206322669983,-0.2053680419921875,0.9998273253440857,0.77695232629776,0.5759289860725403,-0.05387936905026436,0.9998311996459961,0.7084307670593262,0.5925319194793701,-0.017648663371801376,0.9998906850814819,0.759321928024292,0.605695366859436,-0.18160372972488403,0.999909520149231,0.7289597988128662,0.6174590587615967,-0.171933114528656,0.999896764755249,0.8384243845939636,0.6889438629150391,-0.02903759479522705,0.9998416900634766,0.6850860714912415,0.7158173322677612,0.01486518420279026,0.9999136328697205,0.9084874987602234,0.8074092268943787,-0.2587260901927948,0.997147262096405,0.6331246495246887,0.8315773606300354,-0.2360871583223343,0.9987096190452576,0.779527485370636,0.7211071252822876,-0.41963911056518555,0.9947837591171265,0.7403049468994141,0.6995580196380615,-0.4565621018409729,0.9959532022476196,0.753649890422821,0.7016558051109314,-0.46491971611976624,0.9748826026916504,0.7644312381744385,0.6824724078178406,-0.5144816040992737,0.9778428077697754,0.7549856901168823,0.6888125538825989,-0.41149964928627014,0.9706789255142212,0.767428994178772,0.6731513142585754,-0.4636775851249695,0.9726870059967041,0.7590052485466003,0.6956547498703003,-0.40392833948135376,0.973533570766449,0.7604354023933411,0.6843129992485046,-0.44492942094802856,0.9756048321723938,0.8378292322158813,0.9800596237182617,-0.022982079535722733,0.6068508625030518,0.7293835878372192,0.9876405000686646,0.02456432394683361,0.6159695386886597,0.8506278991699219,1.2557790279388428,0.013392925262451172,0.002432634588330984,0.7326732277870178,1.2706643342971802,0.10997205972671509,0.0028873535338789225,0.8548568487167358,1.478528380393982,0.23541483283042908,0.0003593842266127467,0.7434730529785156,1.49628746509552,0.25408321619033813,0.0002716737217269838,0.861545205116272,1.5062694549560547,0.24415206909179688,0.00034104331280104816,0.7434602975845337,1.5242290496826172,0.26246553659439087,0.0004723395686596632,0.8388845324516296,1.558217167854309,0.0065813385881483555,0.00015920805162750185,0.7601507902145386,1.5789833068847656,0.013668480329215527,0.00046870182268321514
0.7424752116203308,0.5850385427474976,-0.22601056098937988,0.9999255537986755,0.7524446845054626,0.564883291721344,-0.19923359155654907,0.9998036026954651,0.7596677541732788,0.564195454120636,-0.19916044175624847,0.99982088804245,0.7657961249351501,0.5640111565589905,-0.19899311661720276,0.9998175501823425,0.7291264533996582,0.5709574818611145,-0.19458141922950745,0.9998098611831665,0.7202116847038269,0.5745306611061096,-0.19423756003379822,0.9998307824134827,0.7127479314804077,0.5779827237129211,-0.19443823397159576,0.9998342394828796,0.7770670056343079,0.5759238600730896,-0.04182865470647812,0.9998374581336975,0.708635151386261,0.5924796462059021,-0.009389848448336124,0.9998950958251953,0.7597689032554626,0.6056331992149353,-0.17038258910179138,0.9999128580093384,0.729580819606781,0.6174649000167847,-0.16196511685848236,0.9999004602432251,0.8385226130485535,0.6889515519142151,-0.01785939559340477,0.9998487830162048,0.6850789189338684,0.7158616781234741,0.019777175039052963,0.9999168515205383,0.9083672761917114,0.8074254393577576,-0.25186172127723694,0.9972299933433533,0.6338216066360474,0.8315923810005188,-0.23192301392555237,0.9987695813179016,0.7795504331588745,0.721107542514801,-0.42025965452194214,0.9949147701263428,0.7405921816825867,0.699565052986145,-0.4520215392112732,0.9960289597511292,0.7537962198257446,0.7015991806983948,-0.4661116600036621,0.9748866558074951,0.7644664645195007,0.6824526190757751,-0.5097540616989136,0.9781453013420105,0.7551942467689514,0.6887190341949463,-0.4122248589992523,0.9706341624259949,0.7674283981323242,0.6729191541671753,-0.4597216546535492,0.9730334281921387,0.7591936588287354,0.6955710053443909,-0.40448349714279175,0.973549485206604,0.7604414224624634,0.6841669082641602,-0.4403654932975769,0.9759339094161987,0.8378650546073914,0.9798749089241028,-0.022939514368772507,0.6146684885025024,0.730729877948761,0.9852504730224609,0.02454194985330105,0.6231116652488708,0.8506128191947937,1.255820393562317,0.007937906309962273,0.0024197427555918694,0.7326635122299194,1.270681619644165,0.10914778709411621,0.0028912550769746304,0.8543322682380676,1.4787366390228271,0.21664723753929138,0.0003468815120868385,0.7425293922424316,1.4964603185653687,0.24742558598518372,0.000259543361607939,0.8608967661857605,1.506439208984375,0.2241504192352295,0.00033361680107191205,0.7420597672462463,1.5243604183197021,0.2555933892726898,0.0004606559523381293,0.8380263447761536,1.5586940050125122,-0.012493827380239964,0.0001539844524813816,0.7596853375434875,1.579673171043396,0.006695703603327274,0.00045476091327145696
0.7425504922866821,0.5850479602813721,-0.23671682178974152,0.9999241828918457,0.7525452375411987,0.5649470686912537,-0.2095729559659958,0.9997987151145935,0.7597440481185913,0.5642597675323486,-0.20954588055610657,0.9998158812522888,0.7658607363700867,0.5640627145767212,-0.20939114689826965,0.9998127818107605,0.729230523109436,0.5710152387619019,-0.20398524403572083,0.9998047947883606,0.7203218936920166,0.5745969414710999,-0.2036914825439453,0.999826192855835,0.7128785252571106,0.578050434589386,-0.20389819145202637,0.9998301863670349,0.777086615562439,0.5759602785110474,-0.04892381280660629,0.9998334646224976,0.7087830305099487,0.5925458073616028,-0.0126193817704916,0.999893069267273,0.7598158717155457,0.6056357622146606,-0.1798778623342514,0.9999110698699951,0.7296573519706726,0.6175188422203064,-0.1703721582889557,0.9998980164527893,0.8385308384895325,0.6889585852622986,-0.025913361459970474,0.9998448491096497,0.685101330280304,0.7158664464950562,0.019701866433024406,0.9999158382415771,0.908377468585968,0.8073986768722534,-0.26973554491996765,0.9971938729286194,0.6338201761245728,0.8320456743240356,-0.23341715335845947,0.998795747756958,0.7794998288154602,0.7211270928382874,-0.4394140839576721,0.9950156211853027,0.7409828305244446,0.699772298336029,-0.4555589258670807,0.9961107969284058,0.7535340189933777,0.7020260095596313,-0.483668714761734,0.9750099182128906,0.7650042772293091,0.6830924153327942,-0.5116856098175049,0.978594958782196,0.7550486922264099,0.6889492273330688,-0.427517831325531,0.970676600933075,0.7678886651992798,0.6731879115104675,-0.46125680208206177,0.973556637763977,0.7591142058372498,0.6957092881202698,-0.42236629128456116,0.9736398458480835,0.7608842849731445,0.6842459440231323,-0.4426255226135254,0.9763846397399902,0.8379432559013367,0.9793794751167297,-0.024063732475042343,0.6043750047683716,0.7315636873245239,0.9846711754798889,0.025606423616409302,0.6147990226745605,0.8514752388000488,1.2552975416183472,0.015202130191028118,0.0023171163629740477,0.7333471775054932,1.270190715789795,0.11939692497253418,0.0028298948891460896,0.8556145429611206,1.4772202968597412,0.2461579144001007,0.0003335128421895206,0.7441166639328003,1.4946762323379517,0.2863352596759796,0.00025102784275077283,0.86198490858078,1.504870057106018,0.2566831707954407,0.00032439461210742593,0.7438289523124695,1.5224039554595947,0.2985621690750122,0.00045918466639705,0.840406060218811,1.5571199655532837,0.020432937890291214,0.00014848177670501173,0.7610806822776794,1.5776036977767944,0.04841127246618271,0.00045482497080229223
0.7429215908050537,0.5851221680641174,-0.231369286775589,0.9999240636825562,0.7530226111412048,0.5650449395179749,-0.20497751235961914,0.9997978210449219,0.7601316571235657,0.5643791556358337,-0.2049180269241333,0.9998144507408142,0.7661471366882324,0.5641851425170898,-0.20475716888904572,0.9998120069503784,0.7297057509422302,0.5711120367050171,-0.20012028515338898,0.9998050332069397,0.7206963300704956,0.5747519135475159,-0.19981195032596588,0.9998261332511902,0.71319979429245,0.5782822370529175,-0.20001308619976044,0.9998313188552856,0.7773441672325134,0.5760678052902222,-0.046721041202545166,0.9998316168785095,0.709100604057312,0.5927098393440247,-0.012509715743362904,0.9998941421508789,0.7601359486579895,0.6056700348854065,-0.17527523636817932,0.9999105334281921,0.7300817370414734,0.6180180907249451,-0.16661229729652405,0.9998983144760132,0.8387054204940796,0.6889976263046265,-0.018718011677265167,0.9998474717140198,0.68511962890625,0.7158539891242981,0.018749654293060303,0.9999185800552368,0.9082865715026855,0.8072168827056885,-0.25686150789260864,0.9972239136695862,0.6354563236236572,0.8322293162345886,-0.2341281920671463,0.9988358616828918,0.7794129848480225,0.7209826111793518,-0.43512505292892456,0.9951205849647522,0.740981936454773,0.699835479259491,-0.4529101252555847,0.9962208271026611,0.7534114122390747,0.701866090297699,-0.4807668626308441,0.9752190709114075,0.7648742198944092,0.6831650137901306,-0.5101145505905151,0.9791938662528992,0.7549222707748413,0.6881617307662964,-0.4260205328464508,0.9708669781684875,0.7677222490310669,0.6731158494949341,-0.4593924880027771,0.9742634296417236,0.7590197324752808,0.6949959993362427,-0.419301837682724,0.9738345146179199,0.7607502937316895,0.6841241717338562,-0.4404328763484955,0.9769981503486633,0.838287353515625,0.9791552424430847,-0.019115976989269257,0.6101763248443604,0.7320001721382141,0.984025239944458,0.020666014403104782,0.6212625503540039,0.8514568209648132,1.2551226615905762,0.018866579979658127,0.0022728268522769213,0.7333453297615051,1.2696317434310913,0.10478738695383072,0.0028223847039043903,0.8549842834472656,1.476873517036438,0.24373026192188263,0.0003244019753765315,0.7436020374298096,1.4941200017929077,0.26518362760543823,0.000240303561440669,0.8608115315437317,1.50419020652771,0.25352922081947327,0.0003191505093127489,0.7429687976837158,1.521625280380249,0.2760367691516876,0.0004447269602678716,0.8400837779045105,1.5569549798965454,0.01745794154703617,0.0001463556254748255,0.7610157132148743,1.577139139175415,0.024024413898587227,0.0004417083691805601
0.7430153489112854,0.5851116180419922,-0.22715270519256592,0.9999252557754517,0.7530704140663147,0.5650494694709778,-0.20102155208587646,0.9997999668121338,0.7601757645606995,0.5643841624259949,-0.2009759247303009,0.999815821647644,0.7661934494972229,0.5641916990280151,-0.20081909000873566,0.9998140335083008,0.729750394821167,0.5711234211921692,-0.19511778652668,0.9998074769973755,0.7207438349723816,0.5747778415679932,-0.19482438266277313,0.9998276829719543,0.7132604122161865,0.5783247351646423,-0.19504837691783905,0.9998335838317871,0.7773934602737427,0.5760565996170044,-0.044633738696575165,0.9998329877853394,0.7091763019561768,0.5927336812019348,-0.00544715253636241,0.9998953938484192,0.7602373361587524,0.6055622100830078,-0.17192484438419342,0.9999111890792847,0.7302006483078003,0.6180221438407898,-0.16178156435489655,0.9998990893363953,0.8389967083930969,0.6889035701751709,-0.018002081662416458,0.9998466372489929,0.6851387023925781,0.7156499624252319,0.026515919715166092,0.9999194145202637,0.9081974029541016,0.8072589039802551,-0.24990245699882507,0.9972370862960815,0.6355907320976257,0.8318583369255066,-0.22019557654857635,0.9988660216331482,0.77912837266922,0.7207110524177551,-0.4051629602909088,0.9950758218765259,0.7413824796676636,0.6994820237159729,-0.43863409757614136,0.9961883425712585,0.753187358379364,0.7017050981521606,-0.4470668435096741,0.9744784235954285,0.7650860548019409,0.6830758452415466,-0.495767205953598,0.978947103023529,0.7547584772109985,0.6878839135169983,-0.39338263869285583,0.9699593186378479,0.7679919004440308,0.6727181077003479,-0.44365471601486206,0.9739319682121277,0.7588946223258972,0.6947619915008545,-0.3889566659927368,0.9730880260467529,0.7610256671905518,0.6835945844650269,-0.4262019693851471,0.9767729043960571,0.8383382558822632,0.9787948131561279,-0.021061643958091736,0.6026931405067444,0.7326833009719849,0.9836748242378235,0.022616161033511162,0.6159085631370544,0.8525878190994263,1.254535436630249,0.008611274883151054,0.0022360095754265785,0.7342039942741394,1.2694144248962402,0.10529311001300812,0.0028258368838578463,0.8571066856384277,1.4765955209732056,0.22108232975006104,0.00031870597740635276,0.7451648712158203,1.4940041303634644,0.262933611869812,0.00023673527175560594,0.8633394241333008,1.5040160417556763,0.22912617027759552,0.0003141940978821367,0.7448378801345825,1.5215513706207275,0.2734741270542145,0.0004491909348871559,0.8422334790229797,1.55692458152771,-0.0102643221616745,0.00014275866851676255,0.7626438140869141,1.577174425125122,0.021524468436837196,0.00044151078327558935
0.7429980039596558,0.5856853723526001,-0.24140088260173798,0.9999198317527771,0.7530701160430908,0.5657318234443665,-0.21718791127204895,0.9997898936271667,0.760174572467804,0.5650805830955505,-0.2171589881181717,0.9998053908348083,0.7662000060081482,0.5648375153541565,-0.21705560386180878,0.9998041391372681,0.7297472357749939,0.5718854069709778,-0.20961101353168488,0.9997954964637756,0.7207502722740173,0.5756458044052124,-0.2092755138874054,0.9998149275779724,0.7132711410522461,0.579393208026886,-0.20949909090995789,0.9998219013214111,0.7774237394332886,0.576649010181427,-0.06073101609945297,0.9998265504837036,0.7093201875686646,0.5934154391288757,-0.01294845063239336,0.9998881220817566,0.7602154612541199,0.6060177683830261,-0.18516167998313904,0.9999068379402161,0.7302464842796326,0.6188429594039917,-0.17242977023124695,0.9998921155929565,0.8390110731124878,0.6887786984443665,-0.03500467166304588,0.9998332858085632,0.6855422258377075,0.715920090675354,0.02467779628932476,0.9999144673347473,0.9083736538887024,0.8067657947540283,-0.2785073518753052,0.997081995010376,0.637775719165802,0.8325311541557312,-0.2312069684267044,0.9988133311271667,0.7789515256881714,0.7208124399185181,-0.43327078223228455,0.9947377443313599,0.7413806915283203,0.6994946002960205,-0.46707987785339355,0.9960048794746399,0.7527632713317871,0.7023890614509583,-0.47520580887794495,0.9724838733673096,0.7652015686035156,0.6832241415977478,-0.524725615978241,0.9783087372779846,0.7545433640480042,0.6881858110427856,-0.4177476465702057,0.9676458835601807,0.7682278156280518,0.672699511051178,-0.4721120297908783,0.9731978178024292,0.75877845287323,0.6951179504394531,-0.4154980182647705,0.9712362885475159,0.7611470818519592,0.6835557818412781,-0.4549795687198639,0.976111888885498,0.8383434414863586,0.9787734150886536,-0.026244381442666054,0.5916649699211121,0.7281025648117065,1.0109775066375732,0.02776530385017395,0.6066559553146362,0.8525762557983398,1.2549018859863281,0.016903819516301155,0.002142548793926835,0.734200119972229,1.2707877159118652,0.12927387654781342,0.002752517582848668,0.8573824763298035,1.476651668548584,0.26033860445022583,0.0003127719392068684,0.7452316284179688,1.4948780536651611,0.3098333477973938,0.00023023306857794523,0.8638131022453308,1.5041285753250122,0.27226001024246216,0.00030777713982388377,0.7451138496398926,1.5223666429519653,0.32310056686401367,0.00044093889300711453,0.8426052331924438,1.556991457939148,0.03466420620679855,0.0001402828493155539,0.762615978717804,1.5780245065689087,0.06939798593521118,0.00044041217188350856
0.7430632710456848,0.5856999158859253,-0.24109473824501038,0.9999188184738159,0.7531445026397705,0.5657972097396851,-0.21661917865276337,0.99979168176651,0.7602124214172363,0.5651400685310364,-0.2165888100862503,0.999805212020874,0.7662255764007568,0.5648762583732605,-0.2164638489484787,0.9998059272766113,0.729901909828186,0.5719625949859619,-0.20945794880390167,0.9997963905334473,0.7209441065788269,0.5757337212562561,-0.209151953458786,0.9998135566711426,0.7134699821472168,0.5794944763183594,-0.20937509834766388,0.9998223185539246,0.7774374485015869,0.5766741633415222,-0.06018693372607231,0.9998283982276917,0.7095052003860474,0.5935106873512268,-0.011727102100849152,0.9998874068260193,0.7602261900901794,0.6060188412666321,-0.18508514761924744,0.9999072551727295,0.7304011583328247,0.618880569934845,-0.1719951331615448,0.9998916387557983,0.8391181826591492,0.6888277530670166,-0.03269413858652115,0.9998317956924438,0.6853653192520142,0.7159391641616821,0.024354880675673485,0.99991375207901,0.9085367918014526,0.8061130046844482,-0.2780250608921051,0.9970780611038208,0.6380265951156616,0.8325471878051758,-0.23356039822101593,0.9988274574279785,0.7793514728546143,0.7209072709083557,-0.4401538372039795,0.9945115447044373,0.7414167523384094,0.6993322372436523,-0.47017592191696167,0.9959521889686584,0.7530553936958313,0.7027000784873962,-0.4843716621398926,0.9706787467002869,0.7654464244842529,0.6832358837127686,-0.5274297595024109,0.9780775904655457,0.7546913623809814,0.6885502338409424,-0.42461109161376953,0.9655613899230957,0.76844322681427,0.6726646423339844,-0.4750928282737732,0.9729098677635193,0.7589727640151978,0.6954460144042969,-0.42191606760025024,0.9695809483528137,0.7613783478736877,0.6834130883216858,-0.4579831063747406,0.9758558869361877,0.8383156657218933,0.9787484407424927,-0.02928847447037697,0.5902534127235413,0.7244616746902466,1.0174639225006104,0.03085865080356598,0.6053695678710938,0.8519250750541687,1.25491464138031,0.01679314486682415,0.0020686951465904713,0.7334699034690857,1.2708936929702759,0.13882440328598022,0.0027157259173691273,0.8571395874023438,1.4766945838928223,0.257628470659256,0.00030101044103503227,0.7443599700927734,1.4950690269470215,0.3210218548774719,0.00022226912551559508,0.8637555241584778,1.5041579008102417,0.2689547538757324,0.00029395424644462764,0.7441457509994507,1.5225037336349487,0.334179162979126,0.0004241297428961843,0.842282772064209,1.5570392608642578,0.030351053923368454,0.0001368671073578298,0.7612098455429077,1.5782045125961304,0.07869286835193634,0.00042971770744770765
0.7429400682449341,0.5857212543487549,-0.25198784470558167,0.9999192357063293,0.7531365156173706,0.5659659504890442,-0.2260068655014038,0.9997932314872742,0.7602134943008423,0.5653452277183533,-0.22596386075019836,0.9998064637184143,0.7662301659584045,0.5651020407676697,-0.22581350803375244,0.9998065829277039,0.7298790812492371,0.5720515847206116,-0.21887671947479248,0.9997968077659607,0.7209459543228149,0.5757920145988464,-0.21854981780052185,0.9998140931129456,0.7134771943092346,0.5795437097549438,-0.2187594175338745,0.999822199344635,0.777487576007843,0.5768860578536987,-0.06470116972923279,0.9998304843902588,0.709570050239563,0.5935730338096619,-0.01764160394668579,0.999887228012085,0.760096549987793,0.6061084866523743,-0.19454962015151978,0.999907910823822,0.7303011417388916,0.6189115643501282,-0.18197719752788544,0.9998911619186401,0.8391294479370117,0.6892643570899963,-0.03955278545618057,0.9998254776000977,0.6853646039962769,0.7159901261329651,0.014156225137412548,0.9999105930328369,0.909753680229187,0.8027855753898621,-0.30164849758148193,0.9970782399177551,0.6381442546844482,0.8319423794746399,-0.2583332657814026,0.9988097548484802,0.7795671820640564,0.7201598286628723,-0.4746875762939453,0.9945789575576782,0.7409535050392151,0.6994895339012146,-0.503991961479187,0.9960125684738159,0.7531993389129639,0.7020313143730164,-0.5228274464607239,0.9707622528076172,0.7651621103286743,0.6840090155601501,-0.5642533898353577,0.9785748720169067,0.7546948194503784,0.6879270672798157,-0.46330103278160095,0.9656997919082642,0.7682238221168518,0.6731917262077332,-0.5130808353424072,0.973578929901123,0.7589936852455139,0.6946773529052734,-0.45696717500686646,0.9697688221931458,0.7610760927200317,0.6836169362068176,-0.4924315810203552,0.9764213562011719,0.8382891416549683,0.978852391242981,-0.02933693304657936,0.5789355039596558,0.7220180630683899,1.0207103490829468,0.030922338366508484,0.5947163701057434,0.8512811660766602,1.2551119327545166,0.017424780875444412,0.001967017538845539,0.7325247526168823,1.2710338830947876,0.13186177611351013,0.002598958555608988,0.8564447164535522,1.476751446723938,0.25977736711502075,0.00028975203167647123,0.743106484413147,1.495089054107666,0.30923300981521606,0.0002107808832079172,0.8629794120788574,1.5042086839675903,0.27104896306991577,0.0002847246068995446,0.7429490685462952,1.5225766897201538,0.3217650353908539,0.00040463966433890164,0.8418257832527161,1.5570495128631592,0.03144035115838051,0.00013218485401012003,0.75905841588974,1.5781254768371582,0.06549111008644104,0.00041756927384994924
0.7429102659225464,0.5856955647468567,-0.25910842418670654,0.9999158978462219,0.7531364560127258,0.5660075545310974,-0.2297307550907135,0.9997894167900085,0.7602168321609497,0.5653979778289795,-0.22969350218772888,0.9998016953468323,0.766244113445282,0.5651600360870361,-0.22954866290092468,0.9998032450675964,0.7298773527145386,0.5720651745796204,-0.22385099530220032,0.9997909665107727,0.7209505438804626,0.5758000612258911,-0.2235202044248581,0.9998077154159546,0.7134846448898315,0.5795565843582153,-0.22373588383197784,0.9998161792755127,0.7774964570999146,0.577092170715332,-0.06289111822843552,0.9998279213905334,0.7096858620643616,0.5936779379844666,-0.019775671884417534,0.9998817443847656,0.7601084113121033,0.6061434149742126,-0.19973674416542053,0.9999067187309265,0.7302871942520142,0.6189616918563843,-0.18906179070472717,0.9998871684074402,0.8389165997505188,0.6910491585731506,-0.04276135191321373,0.99981290102005,0.6847981214523315,0.7161951661109924,0.0023150434717535973,0.9999003410339355,0.9116665720939636,0.7932752370834351,-0.3309626877307892,0.9970768094062805,0.6379178762435913,0.8270004987716675,-0.28692957758903503,0.9988325238227844,0.7795072793960571,0.7172238826751709,-0.5091812014579773,0.9944024085998535,0.7408826351165771,0.6993603110313416,-0.5078017711639404,0.9958315491676331,0.7531426548957825,0.701174795627594,-0.5574455261230469,0.9686824679374695,0.7655746936798096,0.6846055388450623,-0.5655206441879272,0.9772683382034302,0.7539692521095276,0.6881811618804932,-0.4940568506717682,0.9632502198219299,0.7690610885620117,0.6738502383232117,-0.5094583034515381,0.9719750881195068,0.7586042284965515,0.694706380367279,-0.489896684885025,0.9676598310470581,0.7618793249130249,0.6840136647224426,-0.4935706555843353,0.9749681949615479,0.8384534120559692,0.9791443347930908,-0.029173770919442177,0.5865682363510132,0.7224124670028687,1.0257576704025269,0.03074062429368496,0.6035440564155579,0.8537241220474243,1.2557486295700073,0.03359237685799599,0.0020127824973315,0.7350472807884216,1.2728536128997803,0.14845377206802368,0.002737379400059581,0.8617580533027649,1.4767488241195679,0.2947952449321747,0.0002992468071170151,0.7473732233047485,1.4958553314208984,0.3523573577404022,0.00021805334836244583,0.8681685328483582,1.5042022466659546,0.30802297592163086,0.00029449068824760616,0.7472754716873169,1.5235517024993896,0.36758488416671753,0.0004188522871118039,0.8491190671920776,1.557079792022705,0.06637661904096603,0.00013447462697513402,0.7647666335105896,1.5783590078353882,0.10853473842144012,0.00044233305379748344
0.7427204847335815,0.5857659578323364,-0.2824999988079071,0.9999171495437622,0.753112256526947,0.566114604473114,-0.2502058446407318,0.99979567527771,0.7602163553237915,0.5655204653739929,-0.250182181596756,0.9998069405555725,0.7662511467933655,0.5653114914894104,-0.2500605583190918,0.9998089075088501,0.7298134565353394,0.5721533298492432,-0.2461155354976654,0.9997955560684204,0.7209374308586121,0.5758770108222961,-0.24577288329601288,0.999811589717865,0.7134901285171509,0.5796499848365784,-0.24598188698291779,0.999819815158844,0.7775387763977051,0.5774106979370117,-0.07004731893539429,0.999834418296814,0.7098851203918457,0.5939587950706482,-0.03602216765284538,0.9998847842216492,0.7601121664047241,0.6065666675567627,-0.21919336915016174,0.9999098777770996,0.7302687168121338,0.6194705963134766,-0.21091428399085999,0.9998897910118103,0.8392583727836609,0.693348228931427,-0.04820995032787323,0.9997977018356323,0.6846451163291931,0.717244029045105,-0.008913752622902393,0.9998896718025208,0.9178872108459473,0.7795047163963318,-0.3289392590522766,0.9970376491546631,0.636314868927002,0.8164179921150208,-0.29018673300743103,0.9988558888435364,0.779699444770813,0.7141016721725464,-0.4886755049228668,0.9940701723098755,0.7408896088600159,0.6953870058059692,-0.500092625617981,0.9955955743789673,0.7531492114067078,0.7009207606315613,-0.5360692739486694,0.9656290411949158,0.7661097645759583,0.6832117438316345,-0.5580044984817505,0.9757245779037476,0.753463864326477,0.6887902021408081,-0.4739066958427429,0.9596858620643616,0.7698460221290588,0.6732972860336304,-0.5019076466560364,0.9701628088951111,0.7584019899368286,0.6947113275527954,-0.4699172377586365,0.964815080165863,0.762942910194397,0.682939887046814,-0.4860824644565582,0.9733308553695679,0.8433182835578918,1.0099990367889404,-0.03152002766728401,0.5784006714820862,0.7224023938179016,1.0292680263519287,0.033077262341976166,0.5944251418113708,0.8536667823791504,1.2602640390396118,0.031266726553440094,0.002097079763188958,0.7353311777114868,1.2784132957458496,0.1572340428829193,0.0028468582313507795,0.8616243600845337,1.4813454151153564,0.2867088317871094,0.0003247325657866895,0.7477935552597046,1.5003525018692017,0.3607742190361023,0.0002270716504426673,0.8684197664260864,1.5105152130126953,0.2986908555030823,0.0003193288575857878,0.7480295896530151,1.5285015106201172,0.3758510947227478,0.0004453567089512944,0.8485209345817566,1.5596888065338135,0.055539585649967194,0.0001400654437020421,0.7645962238311768,1.582114338874817,0.11349068582057953,0.0004893444129265845
0.7429183721542358,0.5872774720191956,-0.27216023206710815,0.999920666217804,0.7535266280174255,0.5674984455108643,-0.24676048755645752,0.9998072385787964,0.7606773972511292,0.5672155022621155,-0.24673250317573547,0.9998165965080261,0.766692578792572,0.5672778487205505,-0.24656684696674347,0.9998199939727783,0.7302646040916443,0.5729407668113708,-0.2384127676486969,0.9998061656951904,0.721427321434021,0.5764976739883423,-0.23808780312538147,0.9998198747634888,0.7138611674308777,0.5802241563796997,-0.23830661177635193,0.9998286962509155,0.777925968170166,0.5798075795173645,-0.05737235024571419,0.9998449087142944,0.7101892828941345,0.5951693058013916,-0.033542513847351074,0.9998900294303894,0.7603660225868225,0.610003650188446,-0.2123313844203949,0.99991375207901,0.731351912021637,0.6229246854782104,-0.20214350521564484,0.9998934864997864,0.8400781750679016,0.6960481405258179,-0.04792553931474686,0.9997794032096863,0.684410572052002,0.7220472097396851,-0.00467059388756752,0.9998658895492554,0.922514796257019,0.7597042322158813,-0.3160865604877472,0.9970026612281799,0.6344635486602783,0.8083736300468445,-0.28445208072662354,0.9988093972206116,0.7793837189674377,0.7069016098976135,-0.41424283385276794,0.9925630688667297,0.7410207986831665,0.6887026429176331,-0.44374728202819824,0.9935881495475769,0.7516402006149292,0.6971268057823181,-0.44969138503074646,0.9535117149353027,0.7663822174072266,0.676375150680542,-0.49210643768310547,0.9657267928123474,0.7510480284690857,0.686884343624115,-0.3736662268638611,0.9457452893257141,0.7701798677444458,0.6689509749412537,-0.42720574140548706,0.9584349989891052,0.7568446397781372,0.6928971409797668,-0.38901427388191223,0.9526240825653076,0.7633394002914429,0.6783366799354553,-0.42690038681030273,0.9626092910766602,0.8466650247573853,1.026261568069458,-0.03616907075047493,0.5694427490234375,0.7226225137710571,1.037943959236145,0.03786548227071762,0.581650972366333,0.8527035713195801,1.2737960815429688,0.027130786329507828,0.0033034670632332563,0.7363768219947815,1.2881470918655396,0.17325952649116516,0.003514729905873537,0.8613228797912598,1.4948595762252808,0.27769219875335693,0.00042412112816236913,0.7477320432662964,1.5166606903076172,0.3709677457809448,0.0002714506699703634,0.8690783381462097,1.527039647102356,0.2890242338180542,0.00040088690002448857,0.7479602098464966,1.5489095449447632,0.38517293334007263,0.00053336814744398,0.8484476804733276,1.570009708404541,0.047985710203647614,0.00019094771414529532,0.7632738351821899,1.5974112749099731,0.1304507851600647,0.0006212809821590781
0.7429191470146179,0.5874735713005066,-0.2745364308357239,0.9999257922172546,0.7535244822502136,0.5677266716957092,-0.24112626910209656,0.9998216032981873,0.76069176197052,0.5675422549247742,-0.24108943343162537,0.9998294711112976,0.7667554616928101,0.5677508115768433,-0.24094924330711365,0.9998334646224976,0.7302439212799072,0.573158323764801,-0.23710989952087402,0.9998201131820679,0.7214065790176392,0.5768260359764099,-0.23677346110343933,0.999832034111023,0.713828980922699,0.5807955265045166,-0.23697307705879211,0.9998408555984497,0.7782043814659119,0.5810670256614685,-0.05106547474861145,0.9998574256896973,0.7101964354515076,0.5978298783302307,-0.031248902902007103,0.9998979568481445,0.7606947422027588,0.6111887693405151,-0.21066732704639435,0.9999196529388428,0.7314538359642029,0.6244420409202576,-0.20460078120231628,0.999900221824646,0.8403863906860352,0.7067056894302368,-0.035980112850666046,0.9997622966766357,0.6830164194107056,0.7292824387550354,-0.010100298561155796,0.9998452663421631,0.9306876063346863,0.7373486161231995,-0.3122859597206116,0.9970908164978027,0.6301224231719971,0.795710563659668,-0.31847018003463745,0.9988220930099487,0.780125617980957,0.7003932595252991,-0.39927566051483154,0.991351842880249,0.74043869972229,0.6811364889144897,-0.49687275290489197,0.9923567175865173,0.751663088798523,0.6920045018196106,-0.43678897619247437,0.9416342377662659,0.766223132610321,0.6692695617675781,-0.5525163412094116,0.9591853618621826,0.7506966590881348,0.6836156845092773,-0.3593354821205139,0.9321548342704773,0.7698530554771423,0.6637828350067139,-0.48804450035095215,0.9508935809135437,0.7565219402313232,0.6900320053100586,-0.3740990161895752,0.9410132169723511,0.7630324363708496,0.6729149222373962,-0.48177656531333923,0.9553887248039246,0.8467111587524414,1.0448882579803467,-0.03533916547894478,0.5657271146774292,0.7212232947349548,1.0513622760772705,0.03702672943472862,0.5733557343482971,0.8440507650375366,1.2960610389709473,0.021054517477750778,0.005756169091910124,0.7319151759147644,1.3043466806411743,0.1713288277387619,0.004677380435168743,0.8504422903060913,1.5158528089523315,0.2600162923336029,0.0006444581085816026,0.7347034811973572,1.5382981300354004,0.3625448942184448,0.00034042319748550653,0.8609564900398254,1.5489450693130493,0.26890820264816284,0.0006302596302703023,0.7336220741271973,1.572522521018982,0.37539759278297424,0.0006825101445429027,0.8343965411186218,1.5901072025299072,0.024562936276197433,0.00029247949714772403,0.7487503290176392,1.6209423542022705,0.11832921206951141,0.0008078044629655778
0.7429219484329224,0.5877355337142944,-0.3327783942222595,0.9999236464500427,0.7535967826843262,0.5677555799484253,-0.29246193170547485,0.9998222589492798,0.7608051896095276,0.5676003694534302,-0.2924050986766815,0.9998279213905334,0.7669108510017395,0.567888081073761,-0.2922687232494354,0.9998322129249573,0.7303078770637512,0.5731649398803711,-0.29353561997413635,0.9998183250427246,0.7214464545249939,0.5768482089042664,-0.29326385259628296,0.9998299479484558,0.713844895362854,0.5808703899383545,-0.29348140954971313,0.9998392462730408,0.778593897819519,0.5816077589988708,-0.08750233054161072,0.9998616576194763,0.7102020978927612,0.5989441275596619,-0.07999925315380096,0.9998979568481445,0.7607609033584595,0.6125845313072205,-0.262131929397583,0.9999205470085144,0.7314245104789734,0.6252816915512085,-0.2608611285686493,0.9998992085456848,0.8404560089111328,0.7073878645896912,-0.0607277974486351,0.999708890914917,0.6824580430984497,0.7304860949516296,-0.06224672868847847,0.999785304069519,0.9342309236526489,0.7141559720039368,-0.37824389338493347,0.9970955848693848,0.6281923055648804,0.7847845554351807,-0.3794967532157898,0.998771607875824,0.7807328104972839,0.6960489749908447,-0.4627808928489685,0.9890016913414001,0.7418317198753357,0.6767550706863403,-0.5240609049797058,0.9906386733055115,0.7515991926193237,0.6906592845916748,-0.5004789233207703,0.9228430390357971,0.7679036855697632,0.6664325594902039,-0.5777392387390137,0.9504866600036621,0.7490668296813965,0.6837610602378845,-0.4082915186882019,0.9105799794197083,0.7716118693351746,0.6615849733352661,-0.5119701623916626,0.94069504737854,0.7557893991470337,0.6890439391136169,-0.43429893255233765,0.9222766160964966,0.7655743956565857,0.670103907585144,-0.507135808467865,0.9454533457756042,0.8488694429397583,1.0517749786376953,-0.034808628261089325,0.5660409331321716,0.7214276790618896,1.05911386013031,0.03648937866091728,0.5716057419776917,0.8444844484329224,1.3035248517990112,0.04681802913546562,0.00839438010007143,0.7319434285163879,1.3121687173843384,0.16716721653938293,0.006213613785803318,0.8488435745239258,1.5219544172286987,0.32443350553512573,0.0009940617019310594,0.7332024574279785,1.54426908493042,0.3744252324104309,0.0005132036749273539,0.8585301637649536,1.5548529624938965,0.3377346992492676,0.000963522819802165,0.7319644689559937,1.5790023803710938,0.388601690530777,0.001015264424495399,0.8328555822372437,1.5990817546844482,0.0924721211194992,0.00044098860234953463,0.7468258142471313,1.6268324851989746,0.12638099491596222,0.0012440874706953764
0.7426695227622986,0.5879344940185547,-0.3125481605529785,0.999911367893219,0.7534946203231812,0.5677568316459656,-0.2731771469116211,0.999793291091919,0.7607496380805969,0.5676421523094177,-0.2731133997440338,0.9997982978820801,0.7669088244438171,0.5680552124977112,-0.272968590259552,0.9998036623001099,0.730373740196228,0.5730183720588684,-0.27289342880249023,0.9997851848602295,0.7216667532920837,0.5766639113426208,-0.2726436257362366,0.9998026490211487,0.7140661478042603,0.5807428956031799,-0.2728827893733978,0.999815046787262,0.7786333560943604,0.5823825597763062,-0.08021368831396103,0.9998511075973511,0.710196316242218,0.5998349785804749,-0.06533940881490707,0.9998828172683716,0.7603767514228821,0.6134281754493713,-0.2463739663362503,0.9999096393585205,0.7310155630111694,0.625269889831543,-0.24328181147575378,0.9998781681060791,0.8404635190963745,0.7084165811538696,-0.05603533983230591,0.9995952844619751,0.6804449558258057,0.7307395935058594,-0.05992869287729263,0.9996957778930664,0.9380666017532349,0.6943782567977905,-0.3744889795780182,0.9970384240150452,0.6284376978874207,0.7739041447639465,-0.3614636957645416,0.9986671805381775,0.7807453870773315,0.691207766532898,-0.4445059299468994,0.9810982942581177,0.741467297077179,0.6723552942276001,-0.4926876127719879,0.9884747266769409,0.7509812116622925,0.6881977319717407,-0.4753994941711426,0.8822056651115417,0.76792973279953,0.6608348488807678,-0.5397866368293762,0.9411941170692444,0.7481273412704468,0.6835790872573853,-0.38709843158721924,0.8669424653053284,0.7716270089149475,0.6566997170448303,-0.4729945659637451,0.9299785494804382,0.7544947266578674,0.6873790621757507,-0.4154810905456543,0.8843508362770081,0.7656621932983398,0.6645620465278625,-0.47392043471336365,0.9350976347923279,0.8514600992202759,1.0536086559295654,-0.030832365155220032,0.5621527433395386,0.721582293510437,1.0621639490127563,0.03260178864002228,0.5681580901145935,0.8467553853988647,1.3062440156936646,0.041838351637125015,0.010709100402891636,0.7358496189117432,1.3145722150802612,0.11273951828479767,0.008233491331338882,0.849636435508728,1.526050090789795,0.3049158453941345,0.0011396107729524374,0.7340482473373413,1.5491946935653687,0.28304344415664673,0.0006363670690916479,0.8591035008430481,1.5585291385650635,0.3171359896659851,0.0010771026136353612,0.7330442667007446,1.5844147205352783,0.2913135290145874,0.001159614766947925,0.8357247114181519,1.6043084859848022,0.07504551112651825,0.0005144289461895823,0.7480310797691345,1.6313492059707642,0.025730350986123085,0.0013949935091659427
0.7428160905838013,0.5878283381462097,-0.34231680631637573,0.9999077916145325,0.7536529302597046,0.5676871538162231,-0.3003452718257904,0.9997842311859131,0.7608487010002136,0.567640483379364,-0.30033835768699646,0.999785840511322,0.7671223878860474,0.568114161491394,-0.3002098500728607,0.9997983574867249,0.7322332859039307,0.57240229845047,-0.2990456223487854,0.9997764229774475,0.7244616746902466,0.5757936835289001,-0.29889464378356934,0.9997954964637756,0.7170405983924866,0.579956591129303,-0.29911404848098755,0.9998160004615784,0.778799831867218,0.5833580493927002,-0.1063614934682846,0.9998534917831421,0.7109047770500183,0.6025758981704712,-0.09231938421726227,0.9998819828033447,0.7603052258491516,0.6133573651313782,-0.27818620204925537,0.9999035000801086,0.7313121557235718,0.6236633062362671,-0.27520835399627686,0.9998676180839539,0.8404821157455444,0.7122281789779663,-0.07413314282894135,0.9994041323661804,0.6816691160202026,0.7361446022987366,-0.06723269075155258,0.9994970560073853,0.936892032623291,0.6434398293495178,-0.3348671495914459,0.9965636134147644,0.6286354064941406,0.7307910323143005,-0.3550274670124054,0.9985411763191223,0.7891886234283447,0.683415949344635,-0.23377725481987,0.9489743113517761,0.7349894642829895,0.6585412621498108,-0.29974037408828735,0.9784477353096008,0.7559637427330017,0.6883141994476318,-0.24644184112548828,0.8138121962547302,0.7658834457397461,0.6550466418266296,-0.3365040719509125,0.90482497215271,0.7493177652359009,0.685774028301239,-0.17691856622695923,0.7981030344963074,0.7691611647605896,0.6538172960281372,-0.26404982805252075,0.8915511965751648,0.7579077482223511,0.6879268288612366,-0.21151216328144073,0.8166921734809875,0.7613934874534607,0.661501944065094,-0.28055518865585327,0.8950564861297607,0.8483403325080872,1.0582598447799683,-0.03571036458015442,0.5417976379394531,0.7208727598190308,1.064298152923584,0.03731849044561386,0.5437261462211609,0.8383909463882446,1.309249758720398,-0.051312364637851715,0.029351694509387016,0.7358294725418091,1.3163084983825684,0.07106567174196243,0.025136390700936317,0.8423393964767456,1.5357152223587036,0.14470335841178894,0.002797891153022647,0.7316194772720337,1.5568434000015259,0.16271498799324036,0.002535199047997594,0.8528520464897156,1.570469617843628,0.1496591567993164,0.002060640137642622,0.7309208512306213,1.5941816568374634,0.16346178948879242,0.0030873524956405163,0.8225701451301575,1.6104015111923218,-0.08623810857534409,0.0016345469048246741,0.7364262342453003,1.634164571762085,-0.08342187106609344,0.004005561117082834
0.7428874373435974,0.5879947543144226,-0.3219596743583679,0.9999081492424011,0.7538338899612427,0.5677025318145752,-0.27556881308555603,0.9997867941856384,0.7609494924545288,0.5677257180213928,-0.27551552653312683,0.9997859001159668,0.7672716379165649,0.5683568716049194,-0.2754172682762146,0.9998011589050293,0.733517050743103,0.5723571181297302,-0.2719600796699524,0.9997783303260803,0.7262750267982483,0.5757023096084595,-0.271952748298645,0.9997957348823547,0.7190303206443787,0.5799182653427124,-0.2722299098968506,0.9998202323913574,0.7789807319641113,0.5847569108009338,-0.09887312352657318,0.9998586773872375,0.7119610905647278,0.6058774590492249,-0.08131524175405502,0.9998838305473328,0.7600919604301453,0.6133756041526794,-0.2727353274822235,0.9998992085456848,0.7314148545265198,0.6235170364379883,-0.26904699206352234,0.9998584389686584,0.8425911068916321,0.7129003405570984,-0.07294054329395294,0.9992470741271973,0.6844061613082886,0.73795086145401,-0.061345092952251434,0.9993168711662292,0.9396406412124634,0.6311134696006775,-0.27139097452163696,0.996086061000824,0.6287479996681213,0.7122141122817993,-0.21753159165382385,0.9983121156692505,0.7923282384872437,0.6794545650482178,-0.16166169941425323,0.9227040410041809,0.7306361198425293,0.6453579068183899,-0.12553204596042633,0.9690967798233032,0.759634792804718,0.6879376173019409,-0.17320017516613007,0.7577099800109863,0.7612914443016052,0.641492486000061,-0.1542394608259201,0.8776782155036926,0.7503851056098938,0.6863016486167908,-0.10702558606863022,0.7421954274177551,0.7659741044044495,0.6455739140510559,-0.08599608391523361,0.8642487525939941,0.7594811916351318,0.6880101561546326,-0.14066652953624725,0.7631803750991821,0.7583349943161011,0.6516122221946716,-0.10650857537984848,0.8684282898902893,0.8483835458755493,1.0578579902648926,-0.035451728850603104,0.5308807492256165,0.7217011451721191,1.0621733665466309,0.0370589941740036,0.532430112361908,0.8381586074829102,1.310408353805542,-0.06653799116611481,0.04443013668060303,0.7387679815292358,1.3177603483200073,0.058920592069625854,0.0361405611038208,0.8425536155700684,1.5400688648223877,0.11209613084793091,0.0035095771308988333,0.7321186661720276,1.5633302927017212,0.13181762397289276,0.0030165917705744505,0.8532721400260925,1.5755528211593628,0.11628351360559464,0.0025753274094313383,0.7314191460609436,1.601616382598877,0.12994059920310974,0.0035527441650629044,0.8210546374320984,1.614599585533142,-0.119237519800663,0.0022030267864465714,0.7334498167037964,1.6412239074707031,-0.11539411544799805,0.004639748949557543
0.7429617643356323,0.5879422426223755,-0.35977694392204285,0.9999040365219116,0.7540343999862671,0.5676800608634949,-0.3181303143501282,0.9997851252555847,0.7610747814178467,0.5677225589752197,-0.3180517554283142,0.9997799396514893,0.7674118280410767,0.5683660507202148,-0.3179355263710022,0.9997974038124084,0.7344509363174438,0.5721926093101501,-0.3153097927570343,0.9997742772102356,0.7275597453117371,0.5754022598266602,-0.3151889443397522,0.9997905492782593,0.7205513715744019,0.5795928239822388,-0.31542664766311646,0.9998190402984619,0.7791022062301636,0.5850093364715576,-0.12316666543483734,0.999861478805542,0.7129305601119995,0.6067990064620972,-0.10525522381067276,0.9998816251754761,0.7600212097167969,0.6130625009536743,-0.2960054874420166,0.9998964071273804,0.7315107583999634,0.6224156022071838,-0.29190653562545776,0.9998489618301392,0.8443143963813782,0.7122259736061096,-0.08031333982944489,0.9991007447242737,0.6861084699630737,0.7391743063926697,-0.07341323792934418,0.9990700483322144,0.9384686350822449,0.6283803582191467,-0.2793121337890625,0.9955538511276245,0.6288949847221375,0.703494131565094,-0.3012702167034149,0.9979341626167297,0.791866660118103,0.6808493137359619,-0.17573519051074982,0.900964081287384,0.7309874296188354,0.6435490250587463,-0.3081307113170624,0.9579647779464722,0.759251058101654,0.6892741322517395,-0.185224249958992,0.7100779414176941,0.7606030106544495,0.6409980058670044,-0.3516790270805359,0.8493502736091614,0.7504068613052368,0.696743905544281,-0.11860387027263641,0.695140540599823,0.7652749419212341,0.6465044617652893,-0.28588759899139404,0.8351017832756042,0.7596594095230103,0.6927381753921509,-0.15345294773578644,0.7165870666503906,0.7577100992202759,0.652298629283905,-0.2913891077041626,0.8379588723182678,0.8500073552131653,1.059279203414917,-0.03740052506327629,0.5164105296134949,0.72566157579422,1.0634461641311646,0.038916829973459244,0.5148473381996155,0.8383238911628723,1.3107647895812988,-0.07505905628204346,0.052603285759687424,0.742985725402832,1.3227511644363403,0.030367329716682434,0.0451912060379982,0.843001663684845,1.5476566553115845,0.11151905357837677,0.004194098990410566,0.7336951494216919,1.5691226720809937,0.10358325392007828,0.004162464290857315,0.851540207862854,1.5845353603363037,0.11568619310855865,0.002943767234683037,0.7339085340499878,1.6070574522018433,0.10243727266788483,0.004709009081125259,0.8228030204772949,1.6229923963546753,-0.1244802325963974,0.002760322066023946,0.736473023891449,1.6459916830062866,-0.15339551866054535,0.006543179973959923
0.7416803240776062,0.587743878364563,-0.3492780923843384,0.9999051094055176,0.7539316415786743,0.5672562718391418,-0.3092648684978485,0.9997789859771729,0.7610064744949341,0.5673760771751404,-0.3092154562473297,0.9997749924659729,0.7674022912979126,0.5681794285774231,-0.3090573251247406,0.9997956156730652,0.734394907951355,0.5719245672225952,-0.3051888942718506,0.9997690320014954,0.727481484413147,0.5751405954360962,-0.3050616979598999,0.9997882843017578,0.7205339670181274,0.5794032216072083,-0.305296927690506,0.999819815158844,0.779107928276062,0.5850429534912109,-0.12229816615581512,0.9998651742935181,0.7136131525039673,0.6072800159454346,-0.09637738019227982,0.9998804926872253,0.758894145488739,0.612258791923523,-0.28809961676597595,0.9998946189880371,0.730682373046875,0.6205359101295471,-0.2815294861793518,0.9998436570167542,0.845237135887146,0.7121057510375977,-0.09418589621782303,0.9990355372428894,0.6860584020614624,0.7392053008079529,-0.07553326338529587,0.9989891052246094,0.9381025433540344,0.623187780380249,-0.28203725814819336,0.9953889846801758,0.6289418935775757,0.6969321966171265,-0.30467110872268677,0.9978422522544861,0.7912836670875549,0.6802352666854858,-0.19013746082782745,0.8874110579490662,0.7313337326049805,0.639452338218689,-0.27690601348876953,0.9529212117195129,0.7584039568901062,0.6903486847877502,-0.20245058834552765,0.6684433817863464,0.7607209086418152,0.6371495127677917,-0.3145005702972412,0.8282857537269592,0.7490792870521545,0.7032039761543274,-0.13718938827514648,0.6527656316757202,0.7651346325874329,0.6414841413497925,-0.24402587115764618,0.8119537234306335,0.7574459910392761,0.6976081728935242,-0.1684052050113678,0.6752397418022156,0.7579054236412048,0.6499119997024536,-0.2589470148086548,0.8139992952346802,0.8501788973808289,1.06112802028656,-0.03806132450699806,0.4996936619281769,0.7256486415863037,1.0655821561813354,0.03954846411943436,0.4963952898979187,0.8384932279586792,1.3140690326690674,-0.0561397485435009,0.05771258473396301,0.7430194020271301,1.3277965784072876,0.03854624554514885,0.05000470578670502,0.8435062170028687,1.5509220361709595,0.14848385751247406,0.004761862102895975,0.7340391278266907,1.5745080709457397,0.17951518297195435,0.004994269460439682,0.8520557284355164,1.5873199701309204,0.1547727882862091,0.003352724714204669,0.7341306805610657,1.6122689247131348,0.1842367798089981,0.005419518798589706,0.8241636157035828,1.6273350715637207,-0.0875672996044159,0.0033245705999433994,0.7376819849014282,1.6523500680923462,-0.07162822782993317,0.007780640851706266
0.7418273687362671,0.5880782604217529,-0.3689607083797455,0.9999111294746399,0.7542383074760437,0.5677385926246643,-0.32583409547805786,0.9997953772544861,0.7612931132316589,0.567829430103302,-0.3257301151752472,0.9997893571853638,0.7677171230316162,0.5686508417129517,-0.3255610764026642,0.9998095035552979,0.7347391247749329,0.5726590752601624,-0.3213304579257965,0.9997863173484802,0.7278329133987427,0.5759193897247314,-0.32118484377861023,0.999803364276886,0.720890462398529,0.580265462398529,-0.3214173913002014,0.9998335242271423,0.7793332934379578,0.5858608484268188,-0.12195533514022827,0.9998754262924194,0.7148488163948059,0.6095348000526428,-0.09564349800348282,0.9998888969421387,0.7590956091880798,0.6125814914703369,-0.3018002510070801,0.9999015927314758,0.731086790561676,0.6205694675445557,-0.2954951226711273,0.9998524785041809,0.847571849822998,0.7146323919296265,-0.08899317681789398,0.9990164041519165,0.6886407136917114,0.7437389492988586,-0.07967888563871384,0.9989445805549622,0.939082145690918,0.6209489703178406,-0.26682859659194946,0.9954034686088562,0.6251197457313538,0.6831135153770447,-0.42328423261642456,0.9978317618370056,0.7937143445014954,0.68096524477005,-0.08907930552959442,0.8789786696434021,0.7307976484298706,0.6381928324699402,-0.5490238070487976,0.9473641514778137,0.7624949216842651,0.6912070512771606,-0.08921493589878082,0.6363716721534729,0.7603491544723511,0.6371071338653564,-0.6036340594291687,0.8095973134040833,0.7526611089706421,0.7032067775726318,-0.021848974749445915,0.620390772819519,0.7647824287414551,0.643071711063385,-0.5275182723999023,0.7931047081947327,0.7623059153556824,0.7000388503074646,-0.06484392285346985,0.6431651711463928,0.7578744888305664,0.650920033454895,-0.5324209928512573,0.7949352264404297,0.8525046110153198,1.0721749067306519,-0.05006374046206474,0.5092721581459045,0.7294440269470215,1.075172781944275,0.05138130858540535,0.4993819296360016,0.8390488624572754,1.3228050470352173,-0.06767907738685608,0.06692461669445038,0.7458826303482056,1.334059238433838,0.12277181446552277,0.05444272980093956,0.8468371629714966,1.560357928276062,0.13010981678962708,0.0059304023161530495,0.7406441569328308,1.5796623229980469,0.2445397824048996,0.0057681044563651085,0.8582688570022583,1.600027084350586,0.1346503645181656,0.0038932941388338804,0.7416164875030518,1.6183847188949585,0.24903564155101776,0.006492189131677151,0.8250192403793335,1.63068425655365,-0.11296361684799194,0.0042982581071555614,0.7379968762397766,1.6546753644943237,0.0015327187720686197,0.009720129892230034
0.7418078184127808,0.5870401263237,-0.3679957985877991,0.9999168515205383,0.7542346715927124,0.5670711994171143,-0.3285113275051117,0.9998052716255188,0.7612749338150024,0.5671107172966003,-0.32845649123191833,0.9997987747192383,0.7677085399627686,0.5679439306259155,-0.32828304171562195,0.9998211860656738,0.7347705960273743,0.5723946690559387,-0.3208009600639343,0.9997977018356323,0.7278860807418823,0.5757712721824646,-0.3205776810646057,0.9998138546943665,0.7209189534187317,0.5802275538444519,-0.32072409987449646,0.9998446702957153,0.7793515920639038,0.5857172012329102,-0.13286611437797546,0.9998847246170044,0.7154579162597656,0.6094879508018494,-0.09094531834125519,0.9998958706855774,0.7590991854667664,0.6099722981452942,-0.3040120303630829,0.9999082684516907,0.7310885190963745,0.6173878312110901,-0.2926490008831024,0.9998610615730286,0.8498717546463013,0.7143622040748596,-0.1134093627333641,0.9990769624710083,0.6886112093925476,0.7438837885856628,-0.0721006840467453,0.9990087151527405,0.9390830993652344,0.6217396855354309,-0.3048343062400818,0.9953854084014893,0.6246160268783569,0.692264974117279,-0.3870849013328552,0.9978597164154053,0.7933372259140015,0.6821123957633972,-0.17063689231872559,0.8739300966262817,0.7293201088905334,0.6378934979438782,-0.4801441729068756,0.9460802674293518,0.7624108195304871,0.6970719695091248,-0.17906256020069122,0.6035995483398438,0.7592739462852478,0.6380686163902283,-0.5283037424087524,0.7944160103797913,0.7524993419647217,0.7138710021972656,-0.10844405740499496,0.5862560868263245,0.7633646726608276,0.643075168132782,-0.4569862484931946,0.7758569121360779,0.7621105313301086,0.7067810893058777,-0.14588302373886108,0.6084324717521667,0.7564104199409485,0.6511808633804321,-0.46503838896751404,0.7773011326789856,0.8537194132804871,1.0700188875198364,-0.05697154998779297,0.47829803824424744,0.7293861508369446,1.0738753080368042,0.05850059911608696,0.46792834997177124,0.8391582369804382,1.3333231210708618,-0.05521281436085701,0.06445559859275818,0.7453605532646179,1.3388087749481201,0.12951408326625824,0.051801327615976334,0.8470026850700378,1.5739039182662964,0.1646539568901062,0.005662093870341778,0.7389519810676575,1.5935347080230713,0.2786540389060974,0.0053653474897146225,0.858293354511261,1.6110631227493286,0.17327572405338287,0.003779508639127016,0.7379283308982849,1.6329578161239624,0.286513090133667,0.006158007308840752,0.8246296048164368,1.647262692451477,-0.09015712887048721,0.004120196681469679,0.7384931445121765,1.6709874868392944,0.014682968147099018,0.009193106554448605
0.7420329451560974,0.5859975218772888,-0.35864758491516113,0.9999223947525024,0.7544489502906799,0.5665699243545532,-0.3205394148826599,0.9998148679733276,0.7614791989326477,0.5665919184684753,-0.3205283582210541,0.9998074173927307,0.7679502367973328,0.567435622215271,-0.3203945457935333,0.9998320937156677,0.734907865524292,0.5721115469932556,-0.3135066032409668,0.9998090267181396,0.727975606918335,0.5755956768989563,-0.31329023838043213,0.9998237490653992,0.7209576368331909,0.5801594257354736,-0.31345242261886597,0.9998552203178406,0.7795317769050598,0.5851895213127136,-0.12609611451625824,0.9998922348022461,0.7157285213470459,0.6095380783081055,-0.08649485558271408,0.9999019503593445,0.7592896223068237,0.6072350144386292,-0.2946981191635132,0.9999143481254578,0.7313100099563599,0.6147530674934387,-0.28394973278045654,0.999869704246521,0.8498930931091309,0.7112107872962952,-0.10794035345315933,0.9991392493247986,0.6900313496589661,0.743483304977417,-0.07180654257535934,0.9990764856338501,0.9386285543441772,0.6204473972320557,-0.2705310583114624,0.9955865740776062,0.6272351145744324,0.6880818605422974,-0.34987565875053406,0.9979649782180786,0.7927131652832031,0.6824775338172913,-0.10611771047115326,0.8730418682098389,0.7296171188354492,0.6402093768119812,-0.3897598683834076,0.9448286890983582,0.7623520493507385,0.7067925333976746,-0.11307580769062042,0.5772674083709717,0.7589691877365112,0.6396176218986511,-0.43061932921409607,0.7774930000305176,0.7523735761642456,0.7221682667732239,-0.046406809240579605,0.5569382905960083,0.763211190700531,0.6439815163612366,-0.3668912351131439,0.754680871963501,0.7619931697845459,0.7139991521835327,-0.0816454142332077,0.5790655016899109,0.7562741041183472,0.6518850922584534,-0.37809404730796814,0.7587872743606567,0.8551300168037415,1.0661187171936035,-0.06409188359975815,0.46836456656455994,0.730823278427124,1.0718181133270264,0.06543773412704468,0.4554409086704254,0.8419188261032104,1.3273561000823975,-0.00868257787078619,0.06451937556266785,0.7482545971870422,1.334682583808899,0.23636770248413086,0.05096544325351715,0.8532160520553589,1.5643504858016968,0.25607946515083313,0.006104574538767338,0.7423140406608582,1.5852179527282715,0.47265926003456116,0.005620448384433985,0.8665194511413574,1.600150227546692,0.26683151721954346,0.004144760780036449,0.7399320602416992,1.6230899095535278,0.4913279414176941,0.007102088537067175,0.8308372497558594,1.6387709379196167,0.010243101045489311,0.004257185850292444,0.7457849383354187,1.6633341312408447,0.22525036334991455,0.009614146314561367
0.7422604560852051,0.5860052704811096,-0.3514365553855896,0.9999281764030457,0.7546437382698059,0.566658616065979,-0.3130951523780823,0.9998233914375305,0.7616944909095764,0.5666649341583252,-0.3130565285682678,0.9998161792755127,0.7682268619537354,0.567506730556488,-0.31292206048965454,0.9998432993888855,0.7349886894226074,0.5723541378974915,-0.3074418008327484,0.9998184442520142,0.7280118465423584,0.5759458541870117,-0.3072298765182495,0.9998325109481812,0.7209488153457642,0.5806978344917297,-0.30744418501853943,0.9998651146888733,0.7797657251358032,0.5852466225624084,-0.12095942348241806,0.999899685382843,0.7161261439323425,0.6106764078140259,-0.0840897411108017,0.9999082088470459,0.7595442533493042,0.6071625351905823,-0.2872195839881897,0.9999201893806458,0.7319678068161011,0.6145315170288086,-0.2778587341308594,0.9998785257339478,0.8506721258163452,0.7110324501991272,-0.10510436445474625,0.9992039203643799,0.6922621726989746,0.7428805232048035,-0.06837628781795502,0.9991466403007507,0.9383417367935181,0.6193629503250122,-0.28192925453186035,0.9956972002983093,0.6252196431159973,0.6854286193847656,-0.2609791159629822,0.9980457425117493,0.792328953742981,0.6825374960899353,-0.1743663251399994,0.8725830316543579,0.7291384935379028,0.6406777501106262,-0.18892177939414978,0.9440822601318359,0.7633190751075745,0.7061541080474854,-0.18896478414535522,0.5542917251586914,0.7582395076751709,0.6402082443237305,-0.21633584797382355,0.7614561319351196,0.7528102993965149,0.7197112441062927,-0.12094929069280624,0.5311385989189148,0.7625468969345093,0.6442506909370422,-0.15517321228981018,0.73542720079422,0.7625863552093506,0.7127152681350708,-0.15099652111530304,0.5522414445877075,0.7547174096107483,0.6525288820266724,-0.175362691283226,0.7407079935073853,0.8567548990249634,1.0636720657348633,-0.06204146891832352,0.4369856119155884,0.7321181893348694,1.0697977542877197,0.06351009756326675,0.4234529137611389,0.8436721563339233,1.3292121887207031,-0.011939404532313347,0.061170514672994614,0.7494782209396362,1.333153247833252,0.1947576403617859,0.04778815805912018,0.8546338081359863,1.563794732093811,0.25050705671310425,0.006003569811582565,0.7421783208847046,1.5862271785736084,0.3898006081581116,0.005309050437062979,0.8681679964065552,1.5978074073791504,0.26127707958221436,0.00417573656886816,0.7393509745597839,1.6239275932312012,0.4032452702522278,0.006867007818073034,0.8329854011535645,1.6382949352264404,0.00564354844391346,0.0041854362934827805,0.7468074560165405,1.6642595529556274,0.1351632922887802,0.009212678298354149
0.7434812188148499,0.5860273838043213,-0.34587910771369934,0.9999345541000366,0.7553585767745972,0.5667896866798401,-0.30727049708366394,0.9998382329940796,0.7623478174209595,0.5667800307273865,-0.30729374289512634,0.9998311400413513,0.7688611745834351,0.5676013231277466,-0.3071485459804535,0.9998571872711182,0.7357131838798523,0.5725104212760925,-0.29769304394721985,0.9998337626457214,0.7287248373031616,0.576089084148407,-0.2974468767642975,0.9998461008071899,0.7216915488243103,0.580822229385376,-0.29761210083961487,0.9998769760131836,0.7805588245391846,0.5852447152137756,-0.1098521500825882,0.9999086260795593,0.7174889445304871,0.610637366771698,-0.059900570660829544,0.9999160766601562,0.7611181139945984,0.607191801071167,-0.28200653195381165,0.9999274015426636,0.7342339158058167,0.6145269274711609,-0.2677459418773651,0.9998892545700073,0.8511738777160645,0.7106344699859619,-0.09992470592260361,0.9992707371711731,0.6940132975578308,0.7424538731575012,-0.03560008481144905,0.9992159605026245,0.9381113052368164,0.6168295741081238,-0.28248700499534607,0.9959893226623535,0.6214712262153625,0.680843710899353,-0.25537827610969543,0.9981837868690491,0.7940358519554138,0.6804370284080505,-0.19011718034744263,0.8767332434654236,0.7272496819496155,0.640044629573822,-0.253935843706131,0.9433521032333374,0.7658900022506714,0.7038938999176025,-0.20622777938842773,0.5431773662567139,0.7562516927719116,0.6404550075531006,-0.2880977988243103,0.745651125907898,0.7555457949638367,0.7176660895347595,-0.1374875009059906,0.5174120664596558,0.759555459022522,0.6445777416229248,-0.22307677567005157,0.7156956791877747,0.7649630904197693,0.7122613787651062,-0.1665235310792923,0.5374443531036377,0.7517184019088745,0.6529551148414612,-0.24015483260154724,0.7232332825660706,0.8576973080635071,1.0626903772354126,-0.06667033582925797,0.4203169345855713,0.7336734533309937,1.0693185329437256,0.06805063784122467,0.40350255370140076,0.8469006419181824,1.3265407085418701,-0.021072039380669594,0.0584777370095253,0.7499162554740906,1.3322619199752808,0.23027148842811584,0.04675213247537613,0.8567413091659546,1.5625680685043335,0.24622714519500732,0.00606913398951292,0.7440146207809448,1.5846861600875854,0.45092612504959106,0.005552068818360567,0.8686793446540833,1.5961180925369263,0.2587464451789856,0.004220202565193176,0.7408360242843628,1.621054768562317,0.4680190682411194,0.007711774203926325,0.8384475708007812,1.6390677690505981,-0.028644606471061707,0.004152283072471619,0.7542833685874939,1.6642042398452759,0.19113969802856445,0.009717554785311222
0.7436148524284363,0.5857270359992981,-0.34105679392814636,0.9999402165412903,0.7553935647010803,0.566768229007721,-0.30423927307128906,0.999850332736969,0.7624255418777466,0.5667594075202942,-0.3043045401573181,0.9998437166213989,0.7690132856369019,0.5675784945487976,-0.3041727542877197,0.9998692870140076,0.7357047200202942,0.5725002288818359,-0.2910236418247223,0.9998462200164795,0.7287140488624573,0.5760814547538757,-0.2907724678516388,0.9998573064804077,0.7216883897781372,0.5808145999908447,-0.29087191820144653,0.9998870491981506,0.7810865640640259,0.5851534605026245,-0.10954172909259796,0.9999164342880249,0.7177638411521912,0.61055988073349,-0.053965311497449875,0.9999227523803711,0.7615366578102112,0.60654217004776,-0.28148508071899414,0.999933660030365,0.7347688674926758,0.6133298873901367,-0.2621641755104065,0.9998986124992371,0.8522531390190125,0.7104945778846741,-0.10819587856531143,0.9993342161178589,0.6955613493919373,0.7421391606330872,-0.02074168436229229,0.9992818832397461,0.9383449554443359,0.6159743070602417,-0.34064459800720215,0.9962668418884277,0.6170789003372192,0.6743820905685425,-0.20576079189777374,0.9982953667640686,0.7942203283309937,0.6797868609428406,-0.25414571166038513,0.8821622133255005,0.7249851226806641,0.6395446062088013,-0.14759908616542816,0.9412289261817932,0.7659117579460144,0.7030307054519653,-0.27399712800979614,0.5352690815925598,0.754580557346344,0.6408030390739441,-0.17059281468391418,0.7224059104919434,0.755741536617279,0.7166723608970642,-0.19812801480293274,0.5064018964767456,0.7575507760047913,0.6446685791015625,-0.10552555322647095,0.6892876625061035,0.7651462554931641,0.7115902304649353,-0.22785183787345886,0.523130476474762,0.7491823434829712,0.6530805826187134,-0.13276657462120056,0.6979545950889587,0.8590960502624512,1.0616921186447144,-0.07177208364009857,0.39889904856681824,0.7356870770454407,1.0673460960388184,0.07312826812267303,0.3793675899505615,0.8482242822647095,1.3258709907531738,-0.029079249128699303,0.056790534406900406,0.7507638335227966,1.3312586545944214,0.23981475830078125,0.04515991732478142,0.8603388071060181,1.560843825340271,0.2404329478740692,0.006536855362355709,0.745202362537384,1.5836613178253174,0.4622822403907776,0.005575362592935562,0.8733404874801636,1.5941261053085327,0.25110042095184326,0.004522043280303478,0.7415168881416321,1.619827151298523,0.4789256155490875,0.00809692032635212,0.8430942296981812,1.637369990348816,-0.03936292976140976,0.004364296793937683,0.758348822593689,1.6633399724960327,0.20357906818389893,0.009987869299948215
0.7437183856964111,0.585753321647644,-0.3546401858329773,0.9999444484710693,0.7555400133132935,0.5668253302574158,-0.3170221447944641,0.9998613595962524,0.7626501321792603,0.5668071508407593,-0.31697455048561096,0.9998545050621033,0.7693339586257935,0.5676166415214539,-0.31681185960769653,0.9998791217803955,0.735772967338562,0.5726270079612732,-0.3064019978046417,0.9998571872711182,0.7287974953651428,0.5762342810630798,-0.30614304542541504,0.9998667240142822,0.7217753529548645,0.580982506275177,-0.306273877620697,0.9998950958251953,0.7820090651512146,0.5851572155952454,-0.12472547590732574,0.9999231100082397,0.7179725766181946,0.6105214953422546,-0.07043676823377609,0.9999284148216248,0.7618519067764282,0.6065548658370972,-0.2934049963951111,0.9999388456344604,0.7349932789802551,0.613393247127533,-0.27825891971588135,0.9999058842658997,0.8538323640823364,0.7111337184906006,-0.1175990104675293,0.9993746280670166,0.6955371499061584,0.7424740195274353,-0.03369225561618805,0.9993221163749695,0.9393203854560852,0.613636314868927,-0.3735082745552063,0.9964327216148376,0.613571047782898,0.6727640628814697,-0.3002161979675293,0.9983460307121277,0.7948200702667236,0.6786377429962158,-0.28397685289382935,0.8876787424087524,0.72352534532547,0.6376378536224365,-0.35792726278305054,0.9412069320678711,0.7667434811592102,0.7017866969108582,-0.29948875308036804,0.541090190410614,0.7532593607902527,0.6395483016967773,-0.39192765951156616,0.7197583913803101,0.758048951625824,0.7153881192207336,-0.2220873385667801,0.5114846229553223,0.7558322548866272,0.6449646353721619,-0.315406858921051,0.6859449148178101,0.7662097811698914,0.7105786204338074,-0.2569558918476105,0.528083086013794,0.747097909450531,0.652981162071228,-0.34014052152633667,0.6962993144989014,0.8590967059135437,1.0605802536010742,-0.06882132589817047,0.38917145133018494,0.7354551553726196,1.0669888257980347,0.07019113749265671,0.3660118281841278,0.8480862379074097,1.326177716255188,-0.04793845862150192,0.054013583809137344,0.7499955296516418,1.3312515020370483,0.22164075076580048,0.04306219145655632,0.8574658632278442,1.5627281665802002,0.1841440051794052,0.006302739027887583,0.7435187101364136,1.5834033489227295,0.40532010793685913,0.005249767564237118,0.8688513040542603,1.596230149269104,0.19033953547477722,0.004346927162259817,0.7400639057159424,1.6191630363464355,0.41272082924842834,0.007697524502873421,0.8408423662185669,1.6392569541931152,-0.08295536041259766,0.004186214879155159,0.7573797702789307,1.6632912158966064,0.1223219484090805,0.00958344992250204
0.7455732226371765,0.5851877927780151,-0.33911609649658203,0.9999485015869141,0.7571510672569275,0.566606879234314,-0.3001069128513336,0.9998700618743896,0.7641352415084839,0.5665987730026245,-0.3000107705593109,0.9998635053634644,0.7706361413002014,0.5674141049385071,-0.29988598823547363,0.9998877644538879,0.7375966310501099,0.5723088383674622,-0.2900795340538025,0.9998660087585449,0.7305203676223755,0.5758706331253052,-0.2898530960083008,0.9998745322227478,0.7233235836029053,0.5805647969245911,-0.29005810618400574,0.9999020099639893,0.7829510569572449,0.5849380493164062,-0.10336394608020782,0.9999290108680725,0.7188616991043091,0.6095533967018127,-0.05132186412811279,0.9999332427978516,0.7633621692657471,0.6060886383056641,-0.2765791714191437,0.9999437928199768,0.7370877861976624,0.612409770488739,-0.261774480342865,0.9999130964279175,0.8540841937065125,0.7110267281532288,-0.11598093807697296,0.9994248747825623,0.6954764723777771,0.7424354553222656,-0.029043108224868774,0.9993721842765808,0.9403270483016968,0.6165896654129028,-0.35692256689071655,0.996737539768219,0.6087944507598877,0.6717296242713928,-0.2991148829460144,0.9984577894210815,0.7970322370529175,0.6780893206596375,-0.2884736955165863,0.8940196633338928,0.7231444120407104,0.6361320614814758,-0.3472445011138916,0.941470205783844,0.7672526836395264,0.698910117149353,-0.30706286430358887,0.5414168834686279,0.7534914612770081,0.6386516094207764,-0.3842279613018036,0.7126554846763611,0.7587239742279053,0.7132474184036255,-0.23046985268592834,0.5085651278495789,0.7559813261032104,0.6446593403816223,-0.31085658073425293,0.6746823787689209,0.767025351524353,0.7083260416984558,-0.2616470456123352,0.5261049270629883,0.7476187944412231,0.6520763635635376,-0.33060410618782043,0.6879785656929016,0.859076201915741,1.0598397254943848,-0.06686834990978241,0.4007999300956726,0.734283447265625,1.0663890838623047,0.06825830787420273,0.37276414036750793,0.8494588732719421,1.325916051864624,0.017209367826581,0.050761107355356216,0.746082067489624,1.3283283710479736,0.26844197511672974,0.04158381372690201,0.8602402806282043,1.5613253116607666,0.2807789444923401,0.006109559442847967,0.7434057593345642,1.573881983757019,0.5317351222038269,0.005274869967252016,0.8722426295280457,1.5959545373916626,0.2911233603954315,0.004266747739166021,0.7395056486129761,1.6079179048538208,0.5529359579086304,0.008035882376134396,0.8422831296920776,1.6368165016174316,0.02525799348950386,0.003980293404310942,0.7597113847732544,1.658010721206665,0.2771739661693573,0.009406528435647488
0.7474144697189331,0.5851309299468994,-0.32290560007095337,0.9999513030052185,0.7589144110679626,0.5666056871414185,-0.28524917364120483,0.9998719692230225,0.765764594078064,0.5666038990020752,-0.28512996435165405,0.9998654723167419,0.7721434831619263,0.5674386620521545,-0.28500622510910034,0.9998918771743774,0.7394749522209167,0.572192907333374,-0.27794066071510315,0.9998688697814941,0.7323075532913208,0.5756503343582153,-0.2777908146381378,0.9998773336410522,0.7249417304992676,0.5802024602890015,-0.27802854776382446,0.9999063611030579,0.7837777137756348,0.5849975943565369,-0.09363313019275665,0.9999321699142456,0.7199212312698364,0.6087331771850586,-0.051174141466617584,0.999936580657959,0.7644229531288147,0.6060924530029297,-0.26161661744117737,0.9999472498893738,0.7389217019081116,0.6120939254760742,-0.2501583397388458,0.9999188780784607,0.854060173034668,0.7114903926849365,-0.08715847134590149,0.9994642734527588,0.6953199505805969,0.7422778010368347,-0.03047671541571617,0.9994199275970459,0.9408441781997681,0.6187891364097595,-0.30995848774909973,0.9969877600669861,0.6103075742721558,0.6756319403648376,-0.2823943793773651,0.9985690712928772,0.797701358795166,0.6783946752548218,-0.23093649744987488,0.8955225348472595,0.7234257459640503,0.6351940631866455,-0.27203336358070374,0.9427729249000549,0.7671474814414978,0.6988222599029541,-0.2502407729625702,0.5277401804924011,0.753696084022522,0.6377180218696594,-0.31115224957466125,0.7088314890861511,0.758657693862915,0.7129479050636292,-0.17697252333164215,0.4923518896102905,0.7575832009315491,0.6440185308456421,-0.23869511485099792,0.6668199896812439,0.7672377824783325,0.7080753445625305,-0.20622050762176514,0.5107831358909607,0.7485033273696899,0.6507509350776672,-0.25558069348335266,0.6820597052574158,0.8586393594741821,1.0596749782562256,-0.05616355687379837,0.3968799114227295,0.7325817346572876,1.0659798383712769,0.0574364960193634,0.3690275251865387,0.8499123454093933,1.325123906135559,0.04271075502038002,0.049141086637973785,0.7439712882041931,1.3286573886871338,0.23184430599212646,0.04229389503598213,0.8599235415458679,1.5604455471038818,0.3143434226512909,0.006420950870960951,0.7433377504348755,1.573555827140808,0.45933181047439575,0.006029432639479637,0.8712368011474609,1.5948630571365356,0.3257386088371277,0.004499852191656828,0.7394164800643921,1.6065623760223389,0.4772794246673584,0.009491849690675735,0.8425366282463074,1.6368257999420166,0.0665847435593605,0.003936730790883303,0.7623146772384644,1.6578385829925537,0.2017025500535965,0.00968263391405344
0.7489045858383179,0.5849408507347107,-0.324018657207489,0.9999552965164185,0.7602717876434326,0.5665562152862549,-0.2857491672039032,0.9998807311058044,0.7670499086380005,0.566592276096344,-0.2856212258338928,0.9998745322227478,0.7733289003372192,0.5674410462379456,-0.2854904532432556,0.999900221824646,0.7407718896865845,0.5719950199127197,-0.2789267301559448,0.9998780488967896,0.7334717512130737,0.5754099488258362,-0.2787624001502991,0.9998858571052551,0.7259297966957092,0.5799405574798584,-0.278976708650589,0.9999136924743652,0.7843631505966187,0.5850303769111633,-0.09006591141223907,0.9999377131462097,0.720361590385437,0.6084650158882141,-0.05169824883341789,0.9999416470527649,0.7656415700912476,0.6060672402381897,-0.26201435923576355,0.9999516606330872,0.7401285767555237,0.6119159460067749,-0.2511545419692993,0.9999257326126099,0.8541682362556458,0.7129098773002625,-0.08398601412773132,0.9995073676109314,0.6949806809425354,0.7425914406776428,-0.032299235463142395,0.9994675517082214,0.941402792930603,0.6202325224876404,-0.31436991691589355,0.997223436832428,0.6092916131019592,0.6752796173095703,-0.32157623767852783,0.9986661076545715,0.7974398136138916,0.678593099117279,-0.23357877135276794,0.8961644768714905,0.7236014604568481,0.6341295838356018,-0.33972519636154175,0.9426642656326294,0.7669378519058228,0.6981765627861023,-0.25355735421180725,0.5104026198387146,0.7541933655738831,0.6367703676223755,-0.38405799865722656,0.6966040134429932,0.7582849264144897,0.7125893831253052,-0.17839449644088745,0.47347190976142883,0.7590665817260742,0.6431562900543213,-0.3039799630641937,0.6508026123046875,0.7671598196029663,0.7079769968986511,-0.20644135773181915,0.4915478825569153,0.7495958209037781,0.649398684501648,-0.32209494709968567,0.6672787070274353,0.8577684164047241,1.0654371976852417,-0.05596363544464111,0.3891758918762207,0.7284467816352844,1.069861888885498,0.05727135017514229,0.3609815239906311,0.8494117856025696,1.3334383964538574,0.04709514230489731,0.04767225310206413,0.7400416135787964,1.3353461027145386,0.2503930628299713,0.04160618036985397,0.8580108880996704,1.5692028999328613,0.3298376202583313,0.006482325028628111,0.7388781309127808,1.580543875694275,0.515059232711792,0.00605591107159853,0.8692722320556641,1.6041431427001953,0.34186649322509766,0.004593300633132458,0.7338027358055115,1.614173173904419,0.5364779233932495,0.009815325029194355,0.8386956453323364,1.6461596488952637,0.07644549012184143,0.0038410117849707603,0.761428713798523,1.668161392211914,0.25485387444496155,0.009428421035408974
0.7502182126045227,0.5849215388298035,-0.33217325806617737,0.9999585747718811,0.7614834308624268,0.5665451288223267,-0.2929772436618805,0.9998878836631775,0.7682282328605652,0.5665875673294067,-0.29279863834381104,0.999882161617279,0.7744268178939819,0.5674413442611694,-0.2926441431045532,0.9999069571495056,0.7420914769172668,0.5718981027603149,-0.28654250502586365,0.9998855590820312,0.7348083257675171,0.5752207636833191,-0.2863827049732208,0.9998929500579834,0.727303683757782,0.579614520072937,-0.286590039730072,0.9999195337295532,0.785467267036438,0.5850325226783752,-0.09061744809150696,0.9999423027038574,0.7216904163360596,0.6075182557106018,-0.05468202754855156,0.9999459385871887,0.7667551040649414,0.6061927080154419,-0.2676135301589966,0.9999554753303528,0.7419478893280029,0.6119286417961121,-0.25742167234420776,0.9999316334724426,0.8552635312080383,0.7132710814476013,-0.08635839074850082,0.9995459914207458,0.6949591040611267,0.7425094842910767,-0.039523012936115265,0.9995094537734985,0.9435607194900513,0.6209033131599426,-0.3494477868080139,0.9974474906921387,0.6076230406761169,0.6719914674758911,-0.32321038842201233,0.9987526535987854,0.7972729206085205,0.6786762475967407,-0.30740442872047424,0.9019639492034912,0.7234852313995361,0.6335074305534363,-0.34405866265296936,0.9439639449119568,0.7663588523864746,0.6972116231918335,-0.3303973376750946,0.515594482421875,0.7543284893035889,0.6362177133560181,-0.38546329736709595,0.6945586204528809,0.7574151754379272,0.7106385827064514,-0.2510697543621063,0.4761047959327698,0.759135901927948,0.642429769039154,-0.30800196528434753,0.6456772089004517,0.7667472958564758,0.7074705362319946,-0.28033867478370667,0.49367356300354004,0.7497857809066772,0.6485850811004639,-0.3258351683616638,0.663928747177124,0.8588629961013794,1.0649656057357788,-0.054787736386060715,0.40183740854263306,0.7286405563354492,1.0693362951278687,0.056116968393325806,0.3723471164703369,0.850598156452179,1.331923246383667,0.05912594869732857,0.0450119785964489,0.7399280071258545,1.3351362943649292,0.24410805106163025,0.039770253002643585,0.8582097887992859,1.5687013864517212,0.34450602531433105,0.006404315587133169,0.7387665510177612,1.576994776725769,0.5092626810073853,0.005966476630419493,0.8691527247428894,1.6034409999847412,0.35739636421203613,0.0046355403028428555,0.7337612509727478,1.6101325750350952,0.5305337905883789,0.00986537616699934,0.8389430046081543,1.6453982591629028,0.09362749755382538,0.0037014433182775974,0.7606950402259827,1.6654502153396606,0.24993720650672913,0.009186182171106339
0.7505789995193481,0.5844451785087585,-0.3355919122695923,0.9999613165855408,0.7615906596183777,0.5661708116531372,-0.295335590839386,0.999893844127655,0.7683511972427368,0.566182553768158,-0.29511427879333496,0.9998882412910461,0.774552583694458,0.5670049786567688,-0.2949308454990387,0.9999122619628906,0.7422902584075928,0.5715686082839966,-0.2893354594707489,0.9998916387557983,0.735062837600708,0.5748898983001709,-0.28917598724365234,0.9998986721038818,0.7276738882064819,0.579269528388977,-0.2893950343132019,0.9999241828918457,0.7855963706970215,0.5847831964492798,-0.09213743358850479,0.9999460577964783,0.7222005128860474,0.6069191098213196,-0.055024754256010056,0.9999494552612305,0.7672446966171265,0.6059470772743225,-0.2696109414100647,0.9999588131904602,0.7428145408630371,0.6113987565040588,-0.26027578115463257,0.9999366998672485,0.8556861877441406,0.713466465473175,-0.08321791142225266,0.9995803833007812,0.694881021976471,0.7424198985099792,-0.05023455619812012,0.9995472431182861,0.9454196095466614,0.6208565831184387,-0.34708166122436523,0.9976488351821899,0.603996992111206,0.6692085266113281,-0.3493954837322235,0.9988328814506531,0.7988279461860657,0.6769120693206787,-0.31284934282302856,0.9067897200584412,0.7232154011726379,0.6332526803016663,-0.37862011790275574,0.9447484016418457,0.7668763399124146,0.6905965805053711,-0.3337422013282776,0.5196899771690369,0.754346489906311,0.6355960369110107,-0.41779786348342896,0.6927871108055115,0.7586791515350342,0.701094388961792,-0.252814918756485,0.47817379236221313,0.7592324018478394,0.6413564085960388,-0.33881911635398865,0.6405547261238098,0.7679718732833862,0.6985124349594116,-0.2855672538280487,0.4954380989074707,0.7499658465385437,0.6476171016693115,-0.3586544990539551,0.6613855361938477,0.860912024974823,1.0646090507507324,-0.04535502940416336,0.4100494682788849,0.7296475172042847,1.068902850151062,0.04675709456205368,0.3822905123233795,0.8580827713012695,1.3317925930023193,0.06517841666936874,0.041468679904937744,0.7419424653053284,1.3344322443008423,0.21385140717029572,0.037498265504837036,0.8648689985275269,1.5666983127593994,0.3569723963737488,0.006040287669748068,0.7427488565444946,1.576253890991211,0.4840961992740631,0.005794072989374399,0.8727010488510132,1.5994924306869507,0.37039509415626526,0.004391918890178204,0.7369340062141418,1.6086106300354004,0.4986271858215332,0.009629239328205585,0.8508874177932739,1.6438238620758057,0.10287211090326309,0.003460800042375922,0.769823431968689,1.6646779775619507,0.2110861986875534,0.00878236722201109
0.7510885000228882,0.5843007564544678,-0.33872222900390625,0.9999638199806213,0.7619090676307678,0.566027820110321,-0.2971906065940857,0.9999004602432251,0.7686697840690613,0.5661144852638245,-0.29698580503463745,0.9998946785926819,0.7748458385467529,0.5669798254966736,-0.29678982496261597,0.9999178051948547,0.7425994277000427,0.5711028575897217,-0.2923097312450409,0.9998984336853027,0.7353523373603821,0.5742967128753662,-0.29213351011276245,0.9999048113822937,0.7280388474464417,0.5785197019577026,-0.29235419631004333,0.9999291300773621,0.785663902759552,0.5847679972648621,-0.09142859280109406,0.99994957447052,0.7223429679870605,0.6059525012969971,-0.056205373257398605,0.999953031539917,0.7677320241928101,0.605954110622406,-0.27087050676345825,0.9999619126319885,0.7433238625526428,0.6113244891166687,-0.26317065954208374,0.9999414682388306,0.8556102514266968,0.713670015335083,-0.07969549298286438,0.9996054172515869,0.694841742515564,0.7423272728919983,-0.05379766225814819,0.9995783567428589,0.9451802372932434,0.6213475465774536,-0.34954944252967834,0.9977954626083374,0.6039477586746216,0.668201744556427,-0.35902994871139526,0.9989153742790222,0.7999909520149231,0.6757850646972656,-0.3304198682308197,0.9116328954696655,0.7228286862373352,0.6326887011528015,-0.4104291796684265,0.9469380378723145,0.7672533392906189,0.6869432926177979,-0.35344555974006653,0.528847873210907,0.7541859745979309,0.6349734663963318,-0.4525478780269623,0.6988480091094971,0.7594399452209473,0.6955235004425049,-0.27411752939224243,0.48612841963768005,0.7591053247451782,0.6397351026535034,-0.37645789980888367,0.6462200284004211,0.7687119245529175,0.6932193040847778,-0.3042582869529724,0.5038818120956421,0.7498849630355835,0.6455179452896118,-0.3916332423686981,0.6684375405311584,0.8611114621162415,1.0614430904388428,-0.045852672308683395,0.4170033633708954,0.7307831645011902,1.0663361549377441,0.04725818336009979,0.3882850408554077,0.8578574061393738,1.3253380060195923,0.049790553748607635,0.03870801627635956,0.7424482703208923,1.3276797533035278,0.21231624484062195,0.03556499630212784,0.8647046089172363,1.558774709701538,0.3558006286621094,0.005723041947931051,0.7440326809883118,1.5661251544952393,0.4731460213661194,0.005499641411006451,0.8730506896972656,1.5913405418395996,0.362172931432724,0.0042196339927613735,0.7385355830192566,1.5976924896240234,0.4869091510772705,0.009339671581983566,0.8497792482376099,1.6360403299331665,0.0712599977850914,0.003234501462429762,0.7693016529083252,1.6525275707244873,0.20219650864601135,0.008391237817704678
0.751332700252533,0.5840733647346497,-0.33847758173942566,0.9999660849571228,0.7620790004730225,0.565808892250061,-0.2969678044319153,0.9999063611030579,0.7688597440719604,0.5659879446029663,-0.2967601716518402,0.9999004006385803,0.7750373482704163,0.566918134689331,-0.2965611219406128,0.9999228119850159,0.7427101135253906,0.570573091506958,-0.2921801209449768,0.999904453754425,0.7354462146759033,0.5736655592918396,-0.2920018136501312,0.999910295009613,0.7281656861305237,0.5777721405029297,-0.2922191917896271,0.9999336004257202,0.7857116460800171,0.584735631942749,-0.08933120220899582,0.9999527335166931,0.7223548889160156,0.6051622629165649,-0.05673331767320633,0.9999562501907349,0.7680010199546814,0.6059526801109314,-0.27060630917549133,0.999964714050293,0.7434771060943604,0.6111917495727539,-0.263094961643219,0.9999457597732544,0.8555548787117004,0.7138605117797852,-0.07651255279779434,0.9996281862258911,0.6947280764579773,0.7421835064888,-0.05362687632441521,0.9996071457862854,0.9450168609619141,0.6216815710067749,-0.34727779030799866,0.997930645942688,0.6038562059402466,0.6676872372627258,-0.35188037157058716,0.9989900588989258,0.8006926774978638,0.6751338839530945,-0.32657021284103394,0.915617823600769,0.722583532333374,0.6322080492973328,-0.39416125416755676,0.9488314986228943,0.7674163579940796,0.6853731870651245,-0.3500293493270874,0.5348300337791443,0.754109263420105,0.6344703435897827,-0.4356305003166199,0.7034773826599121,0.7597727179527283,0.6931901574134827,-0.2711873948574066,0.4908285140991211,0.7590609788894653,0.6384633183479309,-0.3602835536003113,0.65025395154953,0.7690531015396118,0.6908766031265259,-0.30073651671409607,0.5091555118560791,0.7498672008514404,0.6439645290374756,-0.3756548762321472,0.6739122867584229,0.861143946647644,1.0596882104873657,-0.04597828537225723,0.4229702055454254,0.7312594056129456,1.06489098072052,0.04739020764827728,0.3940510153770447,0.8575459718704224,1.3221913576126099,0.04148916155099869,0.03629055991768837,0.7425310015678406,1.3242307901382446,0.2067977488040924,0.03387487679719925,0.864405632019043,1.5546574592590332,0.3430009186267853,0.005454142112284899,0.7442493438720703,1.5620498657226562,0.4525071084499359,0.005254758056253195,0.8730487823486328,1.5872280597686768,0.35378873348236084,0.004074496682733297,0.7388724684715271,1.593772292137146,0.4674540162086487,0.009079596027731895,0.8490123748779297,1.631876826286316,0.06490157544612885,0.0030396380461752415,0.7684890627861023,1.6474748849868774,0.179530531167984,0.00804085936397314
0.750948965549469,0.5841020941734314,-0.3389805853366852,0.9999685883522034,0.7615295648574829,0.5657708048820496,-0.29789286851882935,0.9999125003814697,0.7684602737426758,0.5659112334251404,-0.29771560430526733,0.9999066591262817,0.7747639417648315,0.5668147206306458,-0.29753273725509644,0.99992835521698,0.7421922087669373,0.570585310459137,-0.29240861535072327,0.9999108910560608,0.7351340055465698,0.5737032294273376,-0.29223117232322693,0.9999160766601562,0.7279890775680542,0.5778477191925049,-0.2924472689628601,0.9999383091926575,0.7856847643852234,0.5846240520477295,-0.09016995877027512,0.9999563097953796,0.7223275899887085,0.6051608324050903,-0.05515174940228462,0.9999595284461975,0.7679300904273987,0.6064562201499939,-0.27108901739120483,0.999967634677887,0.7434437274932861,0.6117191910743713,-0.2630382776260376,0.9999501705169678,0.8557826280593872,0.713800847530365,-0.08087865263223648,0.9996551275253296,0.6946219205856323,0.7422469258308411,-0.047395866364240646,0.9996359944343567,0.9449604153633118,0.621827244758606,-0.3560202717781067,0.9980888366699219,0.6033693552017212,0.6679826974868774,-0.33746612071990967,0.9990662932395935,0.8011243939399719,0.6734620332717896,-0.32349270582199097,0.9195683002471924,0.7224525213241577,0.6323660612106323,-0.3871033787727356,0.9498054385185242,0.7683678865432739,0.6806787848472595,-0.3443950116634369,0.5361624956130981,0.7539401650428772,0.6345646977424622,-0.4223949909210205,0.699148952960968,0.7616012096405029,0.6876678466796875,-0.26543697714805603,0.490056574344635,0.7588748931884766,0.6385607123374939,-0.34321582317352295,0.6433724761009216,0.769986093044281,0.686505138874054,-0.2968501150608063,0.5085165500640869,0.7496000528335571,0.6440893411636353,-0.3673398196697235,0.6690914630889893,0.8635194897651672,1.0595884323120117,-0.05077404901385307,0.42744868993759155,0.7342168092727661,1.0649422407150269,0.05207649618387222,0.3975353240966797,0.8611859083175659,1.321876049041748,0.04034297913312912,0.0338265635073185,0.7447665929794312,1.3255645036697388,0.23625609278678894,0.032549161463975906,0.8693909645080566,1.554966688156128,0.33518293499946594,0.005225352011620998,0.7495996952056885,1.5625464916229248,0.49850884079933167,0.005285731051117182,0.8780771493911743,1.5879287719726562,0.34557148814201355,0.003943148069083691,0.7454475164413452,1.5944111347198486,0.5194128751754761,0.00941326655447483,0.8530877232551575,1.6322318315505981,0.05079657584428787,0.002861917018890381,0.7738990783691406,1.6484850645065308,0.23321959376335144,0.008032949641346931
0.7505854964256287,0.5840954184532166,-0.34664618968963623,0.9999698996543884,0.7611914873123169,0.5656806826591492,-0.3051045835018158,0.9999163150787354,0.768248438835144,0.565803587436676,-0.30498045682907104,0.9999101161956787,0.7746385335922241,0.5667115449905396,-0.3048146069049835,0.9999316334724426,0.7416512370109558,0.5705630779266357,-0.2992090582847595,0.999914824962616,0.7346997857093811,0.5736902952194214,-0.29903435707092285,0.9999193549156189,0.7276016473770142,0.5778462886810303,-0.29925933480262756,0.9999410510063171,0.7856703400611877,0.5844143033027649,-0.09423196315765381,0.9999584555625916,0.7222024202346802,0.6051563024520874,-0.05808338522911072,0.9999616146087646,0.7677770256996155,0.6065629720687866,-0.2781159281730652,0.9999697804450989,0.7433293461799622,0.611867368221283,-0.26932352781295776,0.9999532699584961,0.8558391332626343,0.7137764692306519,-0.0882679894566536,0.9996659755706787,0.694584846496582,0.742666482925415,-0.04833357781171799,0.9996529817581177,0.9448898434638977,0.6219955682754517,-0.38170474767684937,0.998198926448822,0.6028145551681519,0.6679990887641907,-0.33585596084594727,0.9991359710693359,0.8011064529418945,0.6725614070892334,-0.3690705895423889,0.9241696000099182,0.7221309542655945,0.6324949860572815,-0.3814971446990967,0.9518786668777466,0.7683150768280029,0.6789052486419678,-0.39344507455825806,0.5475857257843018,0.7536145448684692,0.6346257328987122,-0.41904598474502563,0.704502522945404,0.7614783048629761,0.6860007047653198,-0.3147432208061218,0.5000568628311157,0.758489727973938,0.6385932564735413,-0.34175822138786316,0.648278534412384,0.7699391841888428,0.6847419738769531,-0.3427950143814087,0.5198083519935608,0.7489308714866638,0.6440380811691284,-0.362127423286438,0.6755248308181763,0.8651807904243469,1.059515118598938,-0.05324891209602356,0.4387270510196686,0.736643373966217,1.0658259391784668,0.054468315094709396,0.4072778820991516,0.8631194829940796,1.3212472200393677,0.0012339642271399498,0.031518470495939255,0.7470703125,1.3265260457992554,0.23210063576698303,0.03138968348503113,0.8730842471122742,1.5549795627593994,0.24941036105155945,0.004975007846951485,0.7540441751480103,1.5629825592041016,0.4772799611091614,0.005151576828211546,0.8822515606880188,1.588376522064209,0.2576456665992737,0.003799933474510908,0.7511630058288574,1.5951098203659058,0.4963506758213043,0.009351012296974659,0.8558581471443176,1.6319694519042969,-0.016938356682658195,0.0026889541186392307,0.7760312557220459,1.6483272314071655,0.21466465294361115,0.007997076958417892
0.7501722574234009,0.5842716693878174,-0.35058891773223877,0.9999701976776123,0.7607414126396179,0.5657034516334534,-0.30738213658332825,0.9999191164970398,0.767900824546814,0.5658088326454163,-0.30729079246520996,0.9999114871025085,0.774408757686615,0.5667133331298828,-0.30712446570396423,0.9999334216117859,0.7411186099052429,0.5706756711006165,-0.3017987310886383,0.9999176263809204,0.7343443632125854,0.5737969279289246,-0.30160072445869446,0.9999208450317383,0.7273751497268677,0.577954888343811,-0.30186641216278076,0.9999426603317261,0.7856022119522095,0.5843788385391235,-0.09410794079303741,0.9999597668647766,0.7221542596817017,0.6051788330078125,-0.05813698098063469,0.9999628663063049,0.7675734162330627,0.6072354912757874,-0.281049907207489,0.999971330165863,0.7430198788642883,0.6125462055206299,-0.2724495530128479,0.9999552369117737,0.8558653593063354,0.7141778469085693,-0.08874441683292389,0.9996544122695923,0.6942201256752014,0.7433744668960571,-0.048410166054964066,0.9996520280838013,0.9447765350341797,0.6221507787704468,-0.3893740475177765,0.998282253742218,0.6010666489601135,0.6668293476104736,-0.3611550033092499,0.9991992712020874,0.8069149255752563,0.6691571474075317,-0.36714261770248413,0.9264934659004211,0.7221421599388123,0.6327903866767883,-0.4403495192527771,0.9525755047798157,0.7710850834846497,0.6757633686065674,-0.3876260817050934,0.5478614568710327,0.7536289095878601,0.6350200772285461,-0.48137035965919495,0.7045403122901917,0.7656773328781128,0.6821761727333069,-0.30560147762298584,0.49879491329193115,0.7584647536277771,0.6386891603469849,-0.40201371908187866,0.6480410695075989,0.7743593454360962,0.6810644268989563,-0.3395286202430725,0.5216721892356873,0.7488148808479309,0.644058346748352,-0.4204884469509125,0.677659273147583,0.8650902509689331,1.0616393089294434,-0.05865974351763725,0.45252251625061035,0.7365733981132507,1.0699241161346436,0.05985213443636894,0.41903382539749146,0.8636110424995422,1.32124924659729,-0.019698571413755417,0.029372872784733772,0.7482740879058838,1.3281877040863037,0.2529582381248474,0.030353760346770287,0.8746888041496277,1.5551828145980835,0.21700552105903625,0.004697220399975777,0.7545485496520996,1.5636674165725708,0.5042287111282349,0.005064278841018677,0.8846288919448853,1.5890076160430908,0.22391369938850403,0.003592693479731679,0.7516440153121948,1.5959587097167969,0.5246556997299194,0.009393472224473953,0.8566709756851196,1.6321178674697876,-0.05204392224550247,0.0025294763036072254,0.7752937078475952,1.6484971046447754,0.24588337540626526,0.008126192726194859
0.7499077320098877,0.5849547982215881,-0.37512069940567017,0.9999706745147705,0.7600643038749695,0.5659145712852478,-0.3318324089050293,0.9999222755432129,0.7672265768051147,0.565938413143158,-0.3316955268383026,0.9999136924743652,0.7737947702407837,0.5667905807495117,-0.3315117657184601,0.9999350309371948,0.7406688928604126,0.5711246132850647,-0.325967013835907,0.9999207258224487,0.7340989112854004,0.5743102431297302,-0.3257673978805542,0.9999229907989502,0.7273147702217102,0.5785403847694397,-0.3260122835636139,0.9999441504478455,0.7852180004119873,0.584368884563446,-0.11309443414211273,0.9999611377716064,0.7221611142158508,0.6053873300552368,-0.07708475738763809,0.99996417760849,0.7673412561416626,0.6081447601318359,-0.30423909425735474,0.9999728202819824,0.7429826855659485,0.613532304763794,-0.2951044738292694,0.9999569654464722,0.856142520904541,0.7141544818878174,-0.09616474062204361,0.9996455311775208,0.6941637992858887,0.7458588480949402,-0.06911730766296387,0.9996463060379028,0.9445656538009644,0.6222617030143738,-0.3922959268093109,0.9982503056526184,0.600926399230957,0.66719651222229,-0.40954071283340454,0.9992160797119141,0.8063376545906067,0.6694266200065613,-0.3602850139141083,0.9270603060722351,0.7221245169639587,0.6334038376808167,-0.5298444032669067,0.9514830708503723,0.7720111608505249,0.6756738424301147,-0.3789516091346741,0.5489486455917358,0.7536417841911316,0.6351174712181091,-0.5750635862350464,0.7025120258331299,0.7664955854415894,0.6828272938728333,-0.29656022787094116,0.500684916973114,0.7584667801856995,0.6387603878974915,-0.4946506917476654,0.6469996571540833,0.7745906114578247,0.6817513108253479,-0.33265921473503113,0.5245866775512695,0.7486630082130432,0.6441422700881958,-0.509903609752655,0.6780869364738464,0.8653852343559265,1.0642591714859009,-0.05735338479280472,0.4518480598926544,0.737358570098877,1.0744000673294067,0.05851738527417183,0.4189583957195282,0.8665776252746582,1.3229798078536987,-0.010253166779875755,0.02707420475780964,0.7532350420951843,1.335518717765808,0.2435741424560547,0.028595319017767906,0.8774059414863586,1.5560929775238037,0.23310737311840057,0.004439134616404772,0.7607259154319763,1.5688763856887817,0.496405690908432,0.004782635718584061,0.8858867883682251,1.589487075805664,0.2409747838973999,0.0033863692078739405,0.7584898471832275,1.600082516670227,0.5171802639961243,0.009019340388476849,0.8622726202011108,1.634547472000122,-0.026009973138570786,0.002363501815125346,0.7811654210090637,1.6531225442886353,0.2337987869977951,0.007853563874959946
0.7499763369560242,0.5871913433074951,-0.36836573481559753,0.9999710917472839,0.7600501775741577,0.567521870136261,-0.32515060901641846,0.9999262690544128,0.7672003507614136,0.5674082040786743,-0.3250148594379425,0.9999171495437622,0.7737393975257874,0.568100094795227,-0.32482364773750305,0.9999375343322754,0.7406432032585144,0.5729977488517761,-0.3191963732242584,0.9999242424964905,0.7340598106384277,0.5763319134712219,-0.3189845383167267,0.9999254941940308,0.7272555232048035,0.5807474851608276,-0.31921273469924927,0.9999455213546753,0.7850523591041565,0.5851503014564514,-0.11069581657648087,0.9999629259109497,0.721977710723877,0.6073548197746277,-0.07467833161354065,0.9999650716781616,0.767337441444397,0.6108185052871704,-0.29884952306747437,0.9999740123748779,0.7429157495498657,0.616249144077301,-0.28991082310676575,0.9999576210975647,0.8564724922180176,0.7152038812637329,-0.09694857150316238,0.9996285438537598,0.6941328644752502,0.7493844628334045,-0.06540028005838394,0.9996100068092346,0.9441437721252441,0.622527539730072,-0.41694483160972595,0.9981717467308044,0.5997294187545776,0.6675481796264648,-0.43919920921325684,0.9991780519485474,0.8060828447341919,0.6696425676345825,-0.3931020200252533,0.9287577271461487,0.7213844060897827,0.6337352991104126,-0.6164833307266235,0.9493328332901001,0.7722883820533752,0.6758114695549011,-0.4128289222717285,0.5577307343482971,0.7535158395767212,0.6351900696754456,-0.6662212014198303,0.7003433108329773,0.7669428586959839,0.6825917959213257,-0.3269650340080261,0.5114795565605164,0.7582465410232544,0.6387978196144104,-0.5811904072761536,0.6472123861312866,0.7744717597961426,0.6817562580108643,-0.3639766275882721,0.5351340174674988,0.7479859590530396,0.6440746784210205,-0.5957097411155701,0.6784353256225586,0.8664153218269348,1.072435736656189,-0.059014398604631424,0.4541388750076294,0.7391892075538635,1.0821888446807861,0.060212600976228714,0.4179651439189911,0.8665102124214172,1.33102548122406,-0.05094970390200615,0.02569984272122383,0.754615068435669,1.347054362297058,0.21313993632793427,0.027630483731627464,0.8763488531112671,1.566300630569458,0.17445097863674164,0.004191900137811899,0.7610614895820618,1.5799367427825928,0.40621551871299744,0.004464500118046999,0.8849037289619446,1.6015793085098267,0.18031039834022522,0.00317137292586267,0.7595528364181519,1.612254023551941,0.4193613529205322,0.008473318070173264,0.8606888055801392,1.6428718566894531,-0.09447745978832245,0.0022382934112101793,0.7795283794403076,1.6608206033706665,0.14381751418113708,0.0075812991708517075
0.749996542930603,0.5872184038162231,-0.3514080345630646,0.9999712109565735,0.7600531578063965,0.5675986409187317,-0.3101194500923157,0.9999284744262695,0.7672351598739624,0.5676006078720093,-0.3099987208843231,0.9999191164970398,0.7737895250320435,0.5683902502059937,-0.30985021591186523,0.9999390840530396,0.7404829263687134,0.5729677677154541,-0.303805410861969,0.9999255537986755,0.7337781190872192,0.5762541890144348,-0.3035767674446106,0.9999260902404785,0.7268584370613098,0.5806264877319336,-0.3037673234939575,0.9999459981918335,0.7850450873374939,0.5853431820869446,-0.10838683694601059,0.9999641180038452,0.7212992310523987,0.6073362231254578,-0.07011784613132477,0.9999659061431885,0.7673668265342712,0.6108677387237549,-0.28683143854141235,0.9999747276306152,0.7428730130195618,0.6162525415420532,-0.2772476077079773,0.9999584555625916,0.8565425872802734,0.7151382565498352,-0.09676605463027954,0.9996196627616882,0.6941013932228088,0.7492538690567017,-0.052992433309555054,0.9995999336242676,0.941712498664856,0.625554084777832,-0.40341323614120483,0.9980701208114624,0.6006657481193542,0.6736013889312744,-0.32487809658050537,0.999172031879425,0.8058784604072571,0.6697580814361572,-0.38292187452316284,0.9298738837242126,0.7188507318496704,0.6333251595497131,-0.36833417415618896,0.9506029486656189,0.7712732553482056,0.6761047840118408,-0.407981812953949,0.5628882050514221,0.7509159445762634,0.634919285774231,-0.406196266412735,0.7086103558540344,0.7639719247817993,0.6827076077461243,-0.3271031379699707,0.5175637006759644,0.7553199529647827,0.6368435621261597,-0.3317335247993469,0.6578202843666077,0.7723205089569092,0.6822373270988464,-0.3566116392612457,0.5435444116592407,0.7444795370101929,0.6415835022926331,-0.3495018482208252,0.6891466379165649,0.8665610551834106,1.0718841552734375,-0.05885540693998337,0.4441635012626648,0.7393911480903625,1.0810641050338745,0.060096375644207,0.4071377217769623,0.8673263788223267,1.330422282218933,-0.03543149307370186,0.02444954589009285,0.7558942437171936,1.3459532260894775,0.18666228652000427,0.026880137622356415,0.8788544535636902,1.568248987197876,0.19940604269504547,0.003964642528444529,0.764461874961853,1.5825263261795044,0.3636161684989929,0.00415800791233778,0.8882098197937012,1.6042417287826538,0.2067735195159912,0.003037692978978157,0.7632416486740112,1.6152364015579224,0.3749653697013855,0.007953369058668613,0.863057017326355,1.6440802812576294,-0.06175723671913147,0.0020974637009203434,0.7829583883285522,1.664434790611267,0.09510734677314758,0.00717395031824708
0.7500258684158325,0.5872469544410706,-0.3421432375907898,0.9999709725379944,0.7600594758987427,0.5676688551902771,-0.30176591873168945,0.9999300837516785,0.7672675848007202,0.5677560567855835,-0.3016318082809448,0.9999203085899353,0.7738310694694519,0.5686113238334656,-0.30150705575942993,0.999940037727356,0.7403789758682251,0.572952389717102,-0.29489201307296753,0.9999262094497681,0.733589231967926,0.5762084722518921,-0.294664591550827,0.9999257922172546,0.7265870571136475,0.5805560946464539,-0.2948509156703949,0.9999457001686096,0.7850378751754761,0.5854794383049011,-0.105690598487854,0.9999648928642273,0.7208641171455383,0.6073206067085266,-0.064250648021698,0.9999662041664124,0.7674024105072021,0.6109135150909424,-0.27916449308395386,0.999975323677063,0.7428185939788818,0.6162663698196411,-0.2687667906284332,0.999958872795105,0.8565891981124878,0.7150777578353882,-0.09680791199207306,0.9996122121810913,0.6940824389457703,0.7492688894271851,-0.04475230723619461,0.9995911121368408,0.9402475357055664,0.6277637481689453,-0.40025225281715393,0.9980195760726929,0.6011066436767578,0.6767619252204895,-0.3135323226451874,0.9991637468338013,0.8056986927986145,0.6698447465896606,-0.3801332116127014,0.9307268261909485,0.7176189422607422,0.6331241726875305,-0.3679216504096985,0.9513111710548401,0.7707839608192444,0.6764149069786072,-0.40527042746543884,0.5668045878410339,0.7495824098587036,0.6347779631614685,-0.40748780965805054,0.7146623730659485,0.7626005411148071,0.6829962134361267,-0.3246058225631714,0.5222233533859253,0.7538517117500305,0.6357975006103516,-0.33253464102745056,0.6656931042671204,0.7713220119476318,0.6825882792472839,-0.3538964092731476,0.5504654049873352,0.7428684234619141,0.640319287776947,-0.34922122955322266,0.6975704431533813,0.8668783903121948,1.0712051391601562,-0.058688193559646606,0.4402565062046051,0.7399311661720276,1.0803128480911255,0.05993735045194626,0.4029393792152405,0.8685654401779175,1.3300855159759521,-0.028597736731171608,0.023331066593527794,0.7573446035385132,1.3453171253204346,0.1841270625591278,0.026336491107940674,0.8814473152160645,1.5690757036209106,0.21327587962150574,0.0037607871927320957,0.7672283053398132,1.5839797258377075,0.3705940842628479,0.003892160253599286,0.8911787867546082,1.6052137613296509,0.22123079001903534,0.00290960562415421,0.765954852104187,1.6167354583740234,0.38284987211227417,0.007505532819777727,0.8658722639083862,1.6447609663009644,-0.051886580884456635,0.001965999137610197,0.7865999937057495,1.666891098022461,0.1010332927107811,0.006790407467633486
0.7498344779014587,0.5872501134872437,-0.3424491584300995,0.9999703168869019,0.7599207162857056,0.5676628351211548,-0.3018801808357239,0.9999309182167053,0.7671778798103333,0.5677535533905029,-0.30174726247787476,0.9999203681945801,0.7737807631492615,0.5686159729957581,-0.30162230134010315,0.9999399781227112,0.7399334907531738,0.5729121565818787,-0.29514771699905396,0.9999262094497681,0.7330741286277771,0.5761536955833435,-0.2949215769767761,0.9999246597290039,0.7260128259658813,0.5805099606513977,-0.2951123118400574,0.9999444484710693,0.7849679589271545,0.5854777097702026,-0.10534393787384033,0.9999653100967407,0.720272421836853,0.6073148250579834,-0.06266273558139801,0.9999657869338989,0.767315685749054,0.6109058260917664,-0.27917641401290894,0.9999754428863525,0.7423841953277588,0.6162692904472351,-0.2686118483543396,0.999958336353302,0.8565937876701355,0.7148475050926208,-0.10825292021036148,0.9996023178100586,0.6939736604690552,0.7494628429412842,-0.0406392440199852,0.9995739459991455,0.9389395713806152,0.6299705505371094,-0.42586392164230347,0.997941255569458,0.6007688641548157,0.6769190430641174,-0.32018914818763733,0.9991223216056824,0.8019911050796509,0.6700750589370728,-0.4130350649356842,0.9320014119148254,0.7175480723381042,0.6331413984298706,-0.4124356210231781,0.9514379501342773,0.7694157361984253,0.67669677734375,-0.43736767768859863,0.574231743812561,0.749484658241272,0.6348491311073303,-0.45222482085227966,0.7198601961135864,0.7603784203529358,0.6840425729751587,-0.35426896810531616,0.5311412811279297,0.7537420392036438,0.6358469128608704,-0.374089777469635,0.673009991645813,0.7692409753799438,0.6827440857887268,-0.38531234860420227,0.5602883696556091,0.7429328560829163,0.6404387950897217,-0.39282265305519104,0.7053059339523315,0.8676984906196594,1.0705891847610474,-0.06193557381629944,0.42905721068382263,0.7407671213150024,1.0794659852981567,0.06328333914279938,0.39346808195114136,0.8727222681045532,1.3299355506896973,-0.02729247882962227,0.021658416837453842,0.7635544538497925,1.3449921607971191,0.18909749388694763,0.024757524952292442,0.8853076696395874,1.5698554515838623,0.23274311423301697,0.0034750450868159533,0.7722918391227722,1.5856503248214722,0.37144190073013306,0.0035856307949870825,0.8956295251846313,1.606350064277649,0.242613285779953,0.002704825485125184,0.7708340883255005,1.6195716857910156,0.38713327050209045,0.006968372035771608,0.8668814897537231,1.645330786705017,-0.0256465133279562,0.0018183361971750855,0.7888695597648621,1.6676867008209229,0.11265365034341812,0.006348467897623777
0.7497881650924683,0.5872460007667542,-0.3457764983177185,0.999968409538269,0.7598347067832947,0.567648708820343,-0.30602139234542847,0.9999281167984009,0.7671126127243042,0.5677459836006165,-0.3058941960334778,0.9999164938926697,0.7737427949905396,0.568611204624176,-0.30574554204940796,0.9999372363090515,0.7397065758705139,0.5728119611740112,-0.29782262444496155,0.9999226927757263,0.7328600883483887,0.5760031342506409,-0.2976096570491791,0.9999202489852905,0.7258503437042236,0.5803059935569763,-0.2978109121322632,0.9999409317970276,0.7849334478378296,0.5854749083518982,-0.11016198247671127,0.9999639987945557,0.7201436758041382,0.6071770191192627,-0.06429637968540192,0.9999639391899109,0.7673090696334839,0.6108936667442322,-0.28293317556381226,0.9999749660491943,0.7422579526901245,0.6162618398666382,-0.27107709646224976,0.9999570846557617,0.8565890192985535,0.7137941718101501,-0.11466406285762787,0.9995959401130676,0.6939071416854858,0.7493780851364136,-0.04117744043469429,0.9995683431625366,0.9378016591072083,0.6316540241241455,-0.43233245611190796,0.9979543089866638,0.5994705557823181,0.6765027642250061,-0.3227745294570923,0.9991276860237122,0.7990157008171082,0.6710048913955688,-0.42388468980789185,0.9331130385398865,0.7173405885696411,0.6332054138183594,-0.3841148018836975,0.9508394002914429,0.7684555053710938,0.6771162748336792,-0.448883056640625,0.577717661857605,0.7493339776992798,0.6351000666618347,-0.4193331301212311,0.7176310420036316,0.7590054273605347,0.684922993183136,-0.3688110411167145,0.5343681573867798,0.7537438273429871,0.6362186074256897,-0.34335190057754517,0.6709573864936829,0.7682971954345703,0.6831144094467163,-0.39729371666908264,0.5632545948028564,0.7428610920906067,0.6405457854270935,-0.364296555519104,0.7041258215904236,0.8680537343025208,1.0703942775726318,-0.06125868111848831,0.4394882321357727,0.7417618632316589,1.0791645050048828,0.06256352365016937,0.40325355529785156,0.872508704662323,1.3298547267913818,-0.027056772261857986,0.021260952576994896,0.7628937363624573,1.344412088394165,0.182632178068161,0.02564411237835884,0.8844588994979858,1.5694702863693237,0.21271255612373352,0.0034402699675410986,0.7708708047866821,1.5850131511688232,0.36705172061920166,0.003562437603250146,0.8942659497261047,1.6058735847473145,0.22061944007873535,0.0027000918053090572,0.7691504955291748,1.6189441680908203,0.37965208292007446,0.007008977234363556,0.8677326440811157,1.644997000694275,-0.046542711555957794,0.0017719827592372894,0.7884803414344788,1.667107343673706,0.10277050733566284,0.006377217825502157
0.7496622800827026,0.5874226093292236,-0.3651863932609558,0.9999690651893616,0.7596323490142822,0.5677016973495483,-0.32282155752182007,0.999930739402771,0.7669534087181091,0.5678211450576782,-0.32274940609931946,0.9999185800552368,0.7736168503761292,0.5687152743339539,-0.3226045072078705,0.9999390840530396,0.7393105626106262,0.5727956295013428,-0.31467369198799133,0.9999255537986755,0.7324095964431763,0.5759798288345337,-0.3144834041595459,0.9999226927757263,0.7254144549369812,0.5802830457687378,-0.31469815969467163,0.99994295835495,0.7848485708236694,0.5855481028556824,-0.11374964565038681,0.9999650716781616,0.7195789217948914,0.6071696877479553,-0.06719525158405304,0.999965250492096,0.7672377228736877,0.6111272573471069,-0.29718950390815735,0.9999759793281555,0.7418984174728394,0.6164198517799377,-0.2850838303565979,0.9999588131904602,0.856458842754364,0.7137921452522278,-0.11746231466531754,0.9995797872543335,0.6933633089065552,0.7495601773262024,-0.04139016941189766,0.9995660781860352,0.9372041821479797,0.6333358883857727,-0.44565829634666443,0.9979790449142456,0.5965086221694946,0.6762692928314209,-0.34297388792037964,0.9991652369499207,0.7988811731338501,0.6706967949867249,-0.43889522552490234,0.9342634081840515,0.7158416509628296,0.6342531442642212,-0.43719202280044556,0.9509174227714539,0.7680564522743225,0.6764860153198242,-0.46399134397506714,0.5780416131019592,0.7473417520523071,0.636254608631134,-0.4743677079677582,0.7146279811859131,0.7590005993843079,0.6837796568870544,-0.37747079133987427,0.5340638756752014,0.7516517639160156,0.6386474370956421,-0.39807114005088806,0.6681002378463745,0.7682554721832275,0.6826733946800232,-0.40969014167785645,0.563349187374115,0.7408860921859741,0.6428092122077942,-0.4176870286464691,0.7020024657249451,0.8680155873298645,1.0698117017745972,-0.06902362406253815,0.44342806935310364,0.7416818737983704,1.0795146226882935,0.0701645165681839,0.4050000309944153,0.872011661529541,1.3301337957382202,-0.026939332485198975,0.02094435691833496,0.7621170282363892,1.3456447124481201,0.2562709152698517,0.02616472728550434,0.884746253490448,1.5706963539123535,0.21841318905353546,0.0035504214465618134,0.7699562311172485,1.5869967937469482,0.5045100450515747,0.0037038729060441256,0.8947750329971313,1.607444405555725,0.22669628262519836,0.002772250911220908,0.7684275507926941,1.6210497617721558,0.5243930220603943,0.00754814175888896,0.8675318956375122,1.6465011835098267,-0.04257785528898239,0.0017707663355395198,0.787448525428772,1.6685031652450562,0.2454337775707245,0.006866948213428259
0.7496305108070374,0.5873359441757202,-0.3623592257499695,0.9999706745147705,0.7594674825668335,0.5675583481788635,-0.32062631845474243,0.9999344944953918,0.7668285965919495,0.5676764845848083,-0.3205564320087433,0.9999228119850159,0.7735448479652405,0.568562924861908,-0.32041579484939575,0.9999421834945679,0.7389116287231445,0.5725914239883423,-0.3128553032875061,0.9999294877052307,0.7319662570953369,0.575739324092865,-0.3126614987850189,0.9999268054962158,0.7249458432197571,0.580034077167511,-0.3128857910633087,0.9999459981918335,0.7848160266876221,0.5855034589767456,-0.11363600194454193,0.9999670386314392,0.7190461754798889,0.606793224811554,-0.06688418984413147,0.9999672174453735,0.7672367095947266,0.6110993027687073,-0.2949412763118744,0.999977171421051,0.7418264746665955,0.6163601279258728,-0.28331589698791504,0.9999607801437378,0.8563483357429504,0.7137696743011475,-0.10523859411478043,0.9995895028114319,0.6926169395446777,0.7498170733451843,-0.04250072315335274,0.9995813965797424,0.9365957975387573,0.6348287463188171,-0.4146091938018799,0.9979361295700073,0.5950106978416443,0.6758676171302795,-0.35589098930358887,0.9991737604141235,0.7997871041297913,0.6700886487960815,-0.3867250680923462,0.9348781704902649,0.7151156663894653,0.6342703104019165,-0.4485231935977936,0.9514622092247009,0.7680498361587524,0.6765297055244446,-0.4062999188899994,0.5786957144737244,0.7469555139541626,0.6362668871879578,-0.4885101318359375,0.7162770628929138,0.7592567205429077,0.6835115551948547,-0.3196646571159363,0.5350764989852905,0.7513391971588135,0.6384637951850891,-0.41083675622940063,0.6710168719291687,0.7683622241020203,0.6826666593551636,-0.35770297050476074,0.5637299418449402,0.7403950095176697,0.6426041722297668,-0.4292268753051758,0.7040488719940186,0.8679201006889343,1.0694079399108887,-0.06558309495449066,0.43383559584617615,0.741615355014801,1.079382061958313,0.06685926020145416,0.3954360783100128,0.8716556429862976,1.333253264427185,-0.03161327540874481,0.020482618361711502,0.7615834474563599,1.3476263284683228,0.19545488059520721,0.0257123913615942,0.88422691822052,1.5736981630325317,0.2030492126941681,0.0034501305781304836,0.7691672444343567,1.5924409627914429,0.37451502680778503,0.0035067100543528795,0.8941834568977356,1.6096874475479126,0.20999448001384735,0.002704799408093095,0.7676390409469604,1.6272025108337402,0.3856443464756012,0.007190156262367964,0.8679858446121216,1.6508713960647583,-0.06269770115613937,0.0017304321518167853,0.7871069312095642,1.6745636463165283,0.10119116306304932,0.006621812004595995
0.7496012449264526,0.5873139500617981,-0.3407747149467468,0.9999714493751526,0.7593390345573425,0.5675403475761414,-0.29926618933677673,0.9999368190765381,0.7666808366775513,0.5676699876785278,-0.2990815341472626,0.999925434589386,0.7733821868896484,0.568560779094696,-0.29893624782562256,0.9999439716339111,0.7387166023254395,0.5724745392799377,-0.29301097989082336,0.9999315142631531,0.7317167520523071,0.5755653381347656,-0.29278942942619324,0.9999287724494934,0.7246208786964417,0.5798272490501404,-0.2929738163948059,0.9999474883079529,0.7845397591590881,0.5855067372322083,-0.1005650982260704,0.9999684691429138,0.7184229493141174,0.6065999269485474,-0.06145072728395462,0.999968409538269,0.76705402135849,0.6110849380493164,-0.2769250273704529,0.9999778270721436,0.7415915727615356,0.6163259148597717,-0.2675113081932068,0.9999620318412781,0.8553274869918823,0.7135328054428101,-0.08932965248823166,0.9995930194854736,0.6924422383308411,0.7494224905967712,-0.0427786260843277,0.9995946884155273,0.9358587265014648,0.6364979147911072,-0.3807487189769745,0.997836709022522,0.5941769480705261,0.6753529906272888,-0.35741138458251953,0.9991646409034729,0.8004868626594543,0.6700305938720703,-0.3409741520881653,0.9338639974594116,0.7148224115371704,0.6342434287071228,-0.45072466135025024,0.9524958729743958,0.7677760124206543,0.6766544580459595,-0.36161884665489197,0.5764123797416687,0.7466752529144287,0.6359068751335144,-0.495112806558609,0.7228310108184814,0.7599280476570129,0.6834834218025208,-0.2785862386226654,0.5333346128463745,0.7511876821517944,0.6380414366722107,-0.41797876358032227,0.6791608333587646,0.7683008909225464,0.6827476024627686,-0.3138851821422577,0.5639033913612366,0.7401140928268433,0.6422495245933533,-0.43235665559768677,0.7119206786155701,0.8670139312744141,1.0662626028060913,-0.05549789220094681,0.42092183232307434,0.7411970496177673,1.0757914781570435,0.05703941732645035,0.38438886404037476,0.8712750673294067,1.3330707550048828,-0.0339866578578949,0.020161034539341927,0.7613728046417236,1.347285509109497,0.13975441455841064,0.025233816355466843,0.8841743469238281,1.5744011402130127,0.18549597263336182,0.0032987790182232857,0.7691017985343933,1.5938084125518799,0.27575579285621643,0.003253750968724489,0.8939489126205444,1.6103984117507935,0.1905992329120636,0.002626261208206415,0.7672231793403625,1.6291354894638062,0.28118330240249634,0.006695130839943886,0.8675545454025269,1.651774287223816,-0.08009437471628189,0.0016438323073089123,0.7866742610931396,1.6770788431167603,-0.0066300081089138985,0.006165412720292807
0.7496458292007446,0.587327241897583,-0.3343732953071594,0.9999731183052063,0.7593551874160767,0.567534863948822,-0.2929934859275818,0.9999399781227112,0.766707718372345,0.5676753520965576,-0.29281285405158997,0.9999289512634277,0.7734110951423645,0.5685874819755554,-0.2926686406135559,0.9999470114707947,0.7386921644210815,0.5724310278892517,-0.28716880083084106,0.99993497133255,0.7316100597381592,0.5755130052566528,-0.28695741295814514,0.9999322295188904,0.7244309186935425,0.5797803997993469,-0.2871144711971283,0.9999504685401917,0.7845480442047119,0.5856634974479675,-0.09448093920946121,0.9999701976776123,0.7179179787635803,0.6066049337387085,-0.0590188130736351,0.9999703168869019,0.7670729160308838,0.611183226108551,-0.27079063653945923,0.9999789595603943,0.7415547966957092,0.6164010167121887,-0.26203855872154236,0.9999643564224243,0.8549531102180481,0.7137428522109985,-0.08352012932300568,0.9996065497398376,0.6922391653060913,0.7494219541549683,-0.040502093732357025,0.9996170401573181,0.9348164796829224,0.6377661824226379,-0.3555154800415039,0.9978510141372681,0.5936568379402161,0.6750036478042603,-0.31783202290534973,0.9992001056671143,0.7985063791275024,0.6704393625259399,-0.3056377172470093,0.9327211380004883,0.7144567370414734,0.6342541575431824,-0.34231656789779663,0.9530162811279297,0.7669575214385986,0.676749587059021,-0.3279409110546112,0.5679703950881958,0.7462571859359741,0.6359225511550903,-0.37989696860313416,0.7208004593849182,0.7589384913444519,0.683655321598053,-0.24522125720977783,0.5243152976036072,0.7506878972053528,0.6380489468574524,-0.3046199083328247,0.6769101619720459,0.7675937414169312,0.6828641295433044,-0.278780996799469,0.5558590292930603,0.7396855354309082,0.6422573924064636,-0.3240925371646881,0.7103988528251648,0.8662601709365845,1.0661609172821045,-0.05513102933764458,0.40875935554504395,0.7409268617630005,1.0757346153259277,0.05664791539311409,0.37348684668540955,0.8692672848701477,1.3345391750335693,-0.033688414841890335,0.019989047199487686,0.7596341371536255,1.348090648651123,0.1615544557571411,0.025137517601251602,0.8818494081497192,1.5768132209777832,0.19230611622333527,0.0032633838709443808,0.7668274641036987,1.5958300828933716,0.33197325468063354,0.003127188654616475,0.8917444944381714,1.6125940084457397,0.19860051572322845,0.002645992673933506,0.7646306753158569,1.6308281421661377,0.3422691226005554,0.006502374541014433,0.8660261034965515,1.6543655395507812,-0.07378984987735748,0.0016075983876362443,0.7855290770530701,1.679882287979126,0.05754784867167473,0.005943700205534697
0.7490288615226746,0.5869439244270325,-0.3382318615913391,0.9999749660491943,0.7588664293289185,0.5670802593231201,-0.2958824634552002,0.9999433159828186,0.7662829160690308,0.5672281384468079,-0.295646995306015,0.9999328255653381,0.7731107473373413,0.5681492686271667,-0.2954406142234802,0.9999499917030334,0.7379443645477295,0.5720175504684448,-0.29130277037620544,0.9999387860298157,0.7308161854743958,0.5751588940620422,-0.29113510251045227,0.9999363422393799,0.7236202359199524,0.5795060992240906,-0.291275292634964,0.9999536871910095,0.7844803333282471,0.5855420231819153,-0.09511997550725937,0.9999719858169556,0.7170199155807495,0.6064878702163696,-0.060931093990802765,0.9999722838401794,0.7668496370315552,0.6111156940460205,-0.2720288336277008,0.9999801516532898,0.7406439781188965,0.616324245929718,-0.26460620760917664,0.9999666810035706,0.8547078371047974,0.7138668298721313,-0.07754342257976532,0.9996239542961121,0.6907865405082703,0.7494724988937378,-0.049720920622348785,0.9996395111083984,0.9350476264953613,0.6380088925361633,-0.3548983931541443,0.9978671669960022,0.5924594402313232,0.6740477681159973,-0.35689032077789307,0.9992192983627319,0.798705518245697,0.6704546809196472,-0.3253418207168579,0.933386504650116,0.7143000960350037,0.6342663168907166,-0.40686988830566406,0.9542825222015381,0.7668115496635437,0.6768967509269714,-0.3479596972465515,0.5675430297851562,0.746090292930603,0.6359155774116516,-0.44959694147109985,0.724496603012085,0.7589505910873413,0.6837855577468872,-0.26418060064315796,0.5234917998313904,0.7504897713661194,0.6379462480545044,-0.3741985559463501,0.6806303262710571,0.7675811648368835,0.6829568147659302,-0.2980329692363739,0.5538477301597595,0.7395180463790894,0.6422579288482666,-0.38910555839538574,0.7134086489677429,0.8654515147209167,1.0665596723556519,-0.05120941996574402,0.39616867899894714,0.7392143607139587,1.0770493745803833,0.05273822695016861,0.36436522006988525,0.8690287470817566,1.336503267288208,0.012319309636950493,0.019402703270316124,0.7582841515541077,1.3499380350112915,0.1703832447528839,0.02439056895673275,0.8809915781021118,1.5774855613708496,0.2766290605068207,0.003199124475941062,0.7647351026535034,1.5981037616729736,0.3491017818450928,0.003011523513123393,0.8898477554321289,1.6125237941741943,0.28668710589408875,0.0026129023171961308,0.7618426084518433,1.632951259613037,0.36497148871421814,0.006270112469792366,0.8659244775772095,1.657413125038147,0.01363611500710249,0.0015794901410117745,0.7854791283607483,1.6831644773483276,0.07194176316261292,0.005732190795242786
0.7488313913345337,0.5869397521018982,-0.33917436003685,0.9999757409095764,0.7586616277694702,0.567018449306488,-0.2969997525215149,0.9999428987503052,0.7660940885543823,0.5671548843383789,-0.296794593334198,0.9999328255653381,0.7729564309120178,0.5680668950080872,-0.29659533500671387,0.9999504089355469,0.7375441193580627,0.5720027685165405,-0.2920822501182556,0.9999388456344604,0.7303119897842407,0.5751397609710693,-0.29190748929977417,0.9999370574951172,0.7230127453804016,0.5794858336448669,-0.29205745458602905,0.9999547600746155,0.7844196557998657,0.5855284333229065,-0.09516976028680801,0.9999723434448242,0.7163783311843872,0.606479287147522,-0.06227182596921921,0.9999731183052063,0.7667269706726074,0.6110964417457581,-0.2730531096458435,0.9999803304672241,0.7402305006980896,0.6163182854652405,-0.26522281765937805,0.999967634677887,0.854434609413147,0.7140832543373108,-0.08021105825901031,0.9996299743652344,0.6902037262916565,0.7494397759437561,-0.04946349561214447,0.9996532797813416,0.9351726770401001,0.6393407583236694,-0.3622716963291168,0.9979203343391418,0.5911558270454407,0.6740312576293945,-0.32715052366256714,0.999247670173645,0.8009349703788757,0.6705243587493896,-0.3584410548210144,0.933652937412262,0.7133647799491882,0.6346403360366821,-0.33087867498397827,0.9546898603439331,0.7668070197105408,0.6770919561386108,-0.38596269488334656,0.5614299774169922,0.7451198697090149,0.6360772848129272,-0.3652505874633789,0.720288872718811,0.7589918375015259,0.6838247179985046,-0.29972487688064575,0.5153954029083252,0.7494790554046631,0.6380323171615601,-0.2901485860347748,0.6747349500656128,0.7678279876708984,0.6830251812934875,-0.3309006094932556,0.545929491519928,0.7384360432624817,0.6425485610961914,-0.31215035915374756,0.7084963321685791,0.8634546399116516,1.0672029256820679,-0.05136560648679733,0.38905584812164307,0.7358575463294983,1.0780982971191406,0.05288897827267647,0.358651340007782,0.8668972849845886,1.3366599082946777,0.01234839390963316,0.01889241300523281,0.754647433757782,1.3496143817901611,0.18701022863388062,0.02373841218650341,0.8788342475891113,1.5772918462753296,0.27507850527763367,0.003144101705402136,0.7594502568244934,1.5979169607162476,0.3994758725166321,0.0029731150716543198,0.8881057500839233,1.6120853424072266,0.285111665725708,0.002607503440231085,0.7559835314750671,1.632392168045044,0.4162825644016266,0.006214364431798458,0.8638194799423218,1.6566869020462036,0.014659242704510689,0.001549896551296115,0.7808647751808167,1.682926058769226,0.13155804574489594,0.005635594017803669
0.7486120462417603,0.5869224667549133,-0.3567536175251007,0.9999741911888123,0.758490800857544,0.5669623613357544,-0.3141748607158661,0.9999423027038574,0.7659285664558411,0.5671036243438721,-0.3139985203742981,0.9999310970306396,0.7728006839752197,0.568020761013031,-0.3138006031513214,0.9999486207962036,0.7372995615005493,0.5719775557518005,-0.3097259998321533,0.9999377131462097,0.7300260066986084,0.5751265287399292,-0.30951279401779175,0.9999353289604187,0.7226819396018982,0.5794675350189209,-0.3097091317176819,0.9999532699584961,0.7843464612960815,0.585526168346405,-0.10532838106155396,0.999971330165863,0.7161526679992676,0.6065603494644165,-0.07464118301868439,0.9999724626541138,0.766650915145874,0.6110818386077881,-0.2880699038505554,0.9999797940254211,0.7399694323539734,0.6163132190704346,-0.2810124158859253,0.999967098236084,0.8542733192443848,0.7140869498252869,-0.09150315821170807,0.9995956420898438,0.6901381015777588,0.7493131160736084,-0.05718948319554329,0.9996389150619507,0.9352331161499023,0.6393017172813416,-0.410006046295166,0.9978123903274536,0.5911471843719482,0.6741387844085693,-0.393975168466568,0.9992372989654541,0.7981845140457153,0.6711370348930359,-0.413796991109848,0.9338578581809998,0.7134202122688293,0.6348231434822083,-0.5047236084938049,0.9548207521438599,0.7655463814735413,0.6773262619972229,-0.43953919410705566,0.5658657550811768,0.7452267408370972,0.6360662579536438,-0.5494809150695801,0.7241043448448181,0.7587624788284302,0.6841410398483276,-0.35066112875938416,0.5204499363899231,0.7496181726455688,0.6381687521934509,-0.4700614809989929,0.6798168420791626,0.7657829523086548,0.6843788027763367,-0.3845556974411011,0.5510561466217041,0.73846834897995,0.6429644823074341,-0.48495087027549744,0.713336706161499,0.8632286190986633,1.0676482915878296,-0.05320867896080017,0.3978063464164734,0.7359050512313843,1.0787869691848755,0.0546465739607811,0.36657994985580444,0.8668120503425598,1.336470127105713,0.014320184476673603,0.01929490827023983,0.7547594308853149,1.3495562076568604,0.2101266086101532,0.023474587127566338,0.8796332478523254,1.5764726400375366,0.27986207604408264,0.003203457687050104,0.7601334452629089,1.597592830657959,0.4375470280647278,0.0028903514612466097,0.8899787068367004,1.6113799810409546,0.290096253156662,0.002652539871633053,0.7570439577102661,1.631646752357483,0.45419755578041077,0.006070498842746019,0.8642042279243469,1.6553231477737427,0.02001762017607689,0.0015811113407835364,0.7809050679206848,1.6813715696334839,0.17238961160182953,0.0056241718120872974
0.7482638359069824,0.5869198441505432,-0.35462138056755066,0.9999756813049316,0.7582770586013794,0.5669240355491638,-0.31256401538848877,0.9999440908432007,0.7656894326210022,0.5670469999313354,-0.31240424513816833,0.9999334216117859,0.7725533246994019,0.5679547190666199,-0.3122144937515259,0.9999508261680603,0.7370022535324097,0.5719596147537231,-0.30899855494499207,0.9999401569366455,0.7296752333641052,0.5751216411590576,-0.3088061213493347,0.9999381899833679,0.7223005294799805,0.5795089602470398,-0.30898770689964294,0.9999558329582214,0.7841980457305908,0.5855160355567932,-0.10456468909978867,0.9999725818634033,0.7159793376922607,0.6066123247146606,-0.0734473392367363,0.9999740123748779,0.7664117813110352,0.6110749840736389,-0.28644856810569763,0.9999807476997375,0.7395458221435547,0.6163282990455627,-0.2800177037715912,0.9999690055847168,0.8539718389511108,0.7140856385231018,-0.08962011337280273,0.9996102452278137,0.6900928616523743,0.7491962313652039,-0.05655749514698982,0.999660313129425,0.9352619051933289,0.6399456858634949,-0.36565110087394714,0.9978625178337097,0.5912286043167114,0.674209475517273,-0.3367445766925812,0.9992703795433044,0.7977228164672852,0.6716912984848022,-0.3278213143348694,0.9330729842185974,0.7134357690811157,0.6348652243614197,-0.3323018550872803,0.9552974700927734,0.7655113935470581,0.6779558658599854,-0.3495465815067291,0.5557624697685242,0.7452585697174072,0.63606858253479,-0.36669379472732544,0.7196509838104248,0.7585122585296631,0.6858140230178833,-0.2650691866874695,0.5084723830223083,0.7496708035469055,0.6381019353866577,-0.2911825478076935,0.6733471155166626,0.7658098936080933,0.6848648190498352,-0.2999054789543152,0.5390893816947937,0.7385562658309937,0.6429728269577026,-0.3137533664703369,0.7073875069618225,0.8628981709480286,1.067742943763733,-0.0533100850880146,0.3870062232017517,0.7350711822509766,1.0790717601776123,0.05473858118057251,0.35840046405792236,0.8661659955978394,1.3369911909103394,0.02290596067905426,0.019280709326267242,0.7538031339645386,1.3493140935897827,0.22071333229541779,0.023071061819791794,0.8795961141586304,1.576189398765564,0.293191134929657,0.0033991544041782618,0.7590367794036865,1.5970127582550049,0.4601725935935974,0.002975038718432188,0.8902336955070496,1.6112180948257446,0.3038291335105896,0.002874527359381318,0.7556566596031189,1.6314903497695923,0.47847771644592285,0.006267044693231583,0.8641848564147949,1.6549522876739502,0.03439906984567642,0.001656397944316268,0.7799060940742493,1.6806831359863281,0.19483131170272827,0.0057661691680550575
0.7472447752952576,0.5869078040122986,-0.3449026644229889,0.9999774098396301,0.7576814889907837,0.5667725801467896,-0.3029511570930481,0.9999469518661499,0.7651461362838745,0.566838800907135,-0.3027614951133728,0.9999369978904724,0.7721117734909058,0.5677088499069214,-0.30255839228630066,0.9999538064002991,0.7363719940185547,0.5719341039657593,-0.29939883947372437,0.9999434947967529,0.7290822267532349,0.5751121640205383,-0.2991998493671417,0.9999417662620544,0.7217577695846558,0.5794995427131653,-0.2993963360786438,0.9999586939811707,0.7841259241104126,0.5853967666625977,-0.0949326679110527,0.999974250793457,0.7158005833625793,0.6065951585769653,-0.06714041531085968,0.9999757409095764,0.7657269239425659,0.6110702753067017,-0.27730920910835266,0.9999819993972778,0.7385855913162231,0.6163508296012878,-0.27094951272010803,0.9999711513519287,0.8537213206291199,0.7136954665184021,-0.07895374298095703,0.9996368288993835,0.6900204420089722,0.7478510737419128,-0.055411092936992645,0.9996854662895203,0.9352774620056152,0.6404901146888733,-0.35340529680252075,0.9979942440986633,0.5909328460693359,0.6740484237670898,-0.3341678977012634,0.9993097186088562,0.7977690100669861,0.672358512878418,-0.33104246854782104,0.9335740804672241,0.7134486436843872,0.6352006793022156,-0.3392585813999176,0.9557551145553589,0.7653132677078247,0.6786128282546997,-0.3528123199939728,0.5501198768615723,0.7450940012931824,0.6361595988273621,-0.3754681348800659,0.7169891595840454,0.7576311826705933,0.687778651714325,-0.26842379570007324,0.5010931491851807,0.7494627237319946,0.6381036639213562,-0.2980641722679138,0.6679832935333252,0.7657321095466614,0.6858623027801514,-0.3031828701496124,0.5309008359909058,0.738443911075592,0.643272340297699,-0.32007962465286255,0.7031002640724182,0.8624700307846069,1.0652058124542236,-0.051311589777469635,0.38477644324302673,0.7337831258773804,1.0770204067230225,0.052849896252155304,0.3586758077144623,0.8649889826774597,1.3338876962661743,0.03290048986673355,0.01846126839518547,0.7508671879768372,1.343135952949524,0.2174842655658722,0.022066131234169006,0.8788474798202515,1.5684337615966797,0.30195707082748413,0.0033207559026777744,0.7555972337722778,1.5904227495193481,0.4559229910373688,0.002953366842120886,0.8898984789848328,1.6018891334533691,0.312544047832489,0.0028439094312489033,0.7513779401779175,1.6252204179763794,0.4740328788757324,0.006174969021230936,0.8634568452835083,1.648396611213684,0.042491815984249115,0.0016280791023746133,0.7784017324447632,1.6744978427886963,0.18808217346668243,0.005606920924037695
0.7472025156021118,0.5870406627655029,-0.3545197546482086,0.9999789595603943,0.7576595544815063,0.5667667984962463,-0.3109131455421448,0.9999496340751648,0.7651342749595642,0.5668339133262634,-0.3107537627220154,0.9999400973320007,0.7720993757247925,0.567706286907196,-0.3105393648147583,0.999956488609314,0.7362776398658752,0.5719849467277527,-0.30723175406455994,0.9999467134475708,0.7289318442344666,0.575230598449707,-0.307050496339798,0.9999452233314514,0.7216101884841919,0.5797220468521118,-0.307240754365921,0.9999615550041199,0.784117579460144,0.585436999797821,-0.09574030339717865,0.9999756813049316,0.7157116532325745,0.6068704128265381,-0.06884019821882248,0.9999774098396301,0.7657175064086914,0.6112263202667236,-0.28425848484039307,0.9999830722808838,0.7383800148963928,0.6167829632759094,-0.2777513563632965,0.9999731183052063,0.8536205291748047,0.7141172885894775,-0.07988254725933075,0.9996517300605774,0.69001704454422,0.7478635907173157,-0.05771692469716072,0.9997053742408752,0.9374268651008606,0.6404398083686829,-0.3577903211116791,0.9980669617652893,0.5907680988311768,0.6739140748977661,-0.33492130041122437,0.9993487000465393,0.7971253991127014,0.6725158095359802,-0.3330005705356598,0.9329733848571777,0.7134634256362915,0.635733425617218,-0.3409138023853302,0.9554713368415833,0.7653130888938904,0.6786301732063293,-0.354461669921875,0.5395631194114685,0.7450365424156189,0.6365322470664978,-0.3757520318031311,0.7071133255958557,0.757667601108551,0.6870825290679932,-0.2682277262210846,0.4890052378177643,0.749343991279602,0.6384366154670715,-0.2976876497268677,0.65571528673172,0.7657681703567505,0.6857450604438782,-0.3046683669090271,0.5173391103744507,0.7384593486785889,0.6438408493995667,-0.3214821219444275,0.6905534863471985,0.8624709248542786,1.0664098262786865,-0.05203329399228096,0.376594603061676,0.7336622476577759,1.078269124031067,0.05355206876993179,0.3516058325767517,0.8645509481430054,1.3354508876800537,0.029663950204849243,0.01829254813492298,0.7495266795158386,1.3443644046783447,0.23741590976715088,0.0218338705599308,0.8787299394607544,1.5695099830627441,0.3035603165626526,0.003438410349190235,0.7552537322044373,1.5909429788589478,0.49944043159484863,0.003102800576016307,0.88987797498703,1.6029046773910522,0.31449559330940247,0.002957695396617055,0.751293420791626,1.6256533861160278,0.5205711126327515,0.006528194528073072,0.8631848096847534,1.6496902704238892,0.03874381631612778,0.0016952286241576076,0.7782951593399048,1.6754305362701416,0.230430006980896,0.005951973609626293
0.7468042373657227,0.5870242714881897,-0.35162851214408875,0.9999799728393555,0.7573623061180115,0.5666850209236145,-0.3092595934867859,0.9999513626098633,0.7647921442985535,0.5667084455490112,-0.3090896010398865,0.9999421834945679,0.7717556953430176,0.567550539970398,-0.3088844418525696,0.9999582767486572,0.7360459566116333,0.57197505235672,-0.3036184310913086,0.9999486804008484,0.7286935448646545,0.575229823589325,-0.30342066287994385,0.9999473094940186,0.7213783860206604,0.5797606706619263,-0.30359378457069397,0.9999634027481079,0.7839463949203491,0.5854135751724243,-0.09678896516561508,0.9999768733978271,0.7156575322151184,0.6069034934043884,-0.06543947011232376,0.9999785423278809,0.7653919458389282,0.6112236380577087,-0.28330016136169434,0.9999837875366211,0.7377880215644836,0.6168168187141418,-0.27468204498291016,0.9999743103981018,0.8536109924316406,0.7142626643180847,-0.08064642548561096,0.9996599555015564,0.6900144815444946,0.7476189732551575,-0.054929763078689575,0.9997164011001587,0.9377349019050598,0.6404739022254944,-0.3587973117828369,0.9980785846710205,0.5904147624969482,0.6736156940460205,-0.3530619144439697,0.999341607093811,0.7955459356307983,0.6726258397102356,-0.3083244860172272,0.9332820773124695,0.7137958407402039,0.6358158588409424,-0.412005752325058,0.9543259143829346,0.7649245858192444,0.678665816783905,-0.3258603811264038,0.5380238890647888,0.7450815439224243,0.6365686058998108,-0.45363134145736694,0.7005211710929871,0.7575845718383789,0.6870494484901428,-0.2395538091659546,0.48687198758125305,0.7493929862976074,0.6384398937225342,-0.3744186460971832,0.6487440466880798,0.7652344703674316,0.6857670545578003,-0.27908045053482056,0.514482319355011,0.7386437654495239,0.6438920497894287,-0.3937714993953705,0.6834129691123962,0.8612521886825562,1.0672475099563599,-0.05218575522303581,0.36628660559654236,0.732572615146637,1.078113079071045,0.053694359958171844,0.3418353796005249,0.8582712411880493,1.3380786180496216,0.010825490579009056,0.018248898908495903,0.743159830570221,1.3447483777999878,0.19305682182312012,0.021574538201093674,0.8676028251647949,1.5740933418273926,0.2646145522594452,0.003378222230821848,0.7448036074638367,1.5921059846878052,0.3929691016674042,0.002977884840220213,0.8782051205635071,1.6078333854675293,0.2728882133960724,0.002899846527725458,0.7409191727638245,1.6268848180770874,0.40607136487960815,0.006261896807700396,0.8499835729598999,1.6529262065887451,-0.002466237638145685,0.0016710552154108882,0.7651134729385376,1.6769726276397705,0.1185595840215683,0.005743531510233879
0.7466424703598022,0.5871959328651428,-0.33861467242240906,0.9999803304672241,0.7572449445724487,0.5666763186454773,-0.2987019717693329,0.9999518990516663,0.7646995186805725,0.5666977763175964,-0.29854831099510193,0.9999427795410156,0.7716837525367737,0.5675287246704102,-0.29837292432785034,0.9999589920043945,0.7358649969100952,0.5720273852348328,-0.2913854718208313,0.999949038028717,0.7284659743309021,0.575341522693634,-0.2911640405654907,0.9999477863311768,0.7211428880691528,0.57994544506073,-0.29132014513015747,0.9999641180038452,0.7839401960372925,0.5854180455207825,-0.09684950113296509,0.9999776482582092,0.7155376076698303,0.6070889234542847,-0.06263185292482376,0.9999791383743286,0.765259861946106,0.6115007996559143,-0.27563467621803284,0.9999839067459106,0.7376682758331299,0.6172158718109131,-0.26526060700416565,0.9999746084213257,0.8538646697998047,0.714802086353302,-0.08129898458719254,0.9996470212936401,0.6905597448348999,0.7477397918701172,-0.04928838834166527,0.9997119307518005,0.9380954504013062,0.6404382586479187,-0.351959228515625,0.997847855091095,0.5904353857040405,0.6736069321632385,-0.33072522282600403,0.9992927312850952,0.7955520153045654,0.6728087663650513,-0.27174073457717896,0.9285317659378052,0.7141947150230408,0.6365372538566589,-0.36413946747779846,0.9510618448257446,0.7649256587028503,0.6786825060844421,-0.2862182855606079,0.5264776349067688,0.745384693145752,0.6375647187232971,-0.40101537108421326,0.6898149847984314,0.7575937509536743,0.6869867444038391,-0.202844500541687,0.4764162003993988,0.7494884133338928,0.6401585936546326,-0.32403355836868286,0.639776885509491,0.7652535438537598,0.685807466506958,-0.24399033188819885,0.5047413110733032,0.7387715578079224,0.6454206109046936,-0.3462110161781311,0.6734797358512878,0.8612271547317505,1.0682090520858765,-0.052308350801467896,0.34303489327430725,0.7328431606292725,1.0780787467956543,0.05381230637431145,0.31888365745544434,0.8577027320861816,1.3417004346847534,-0.07046152651309967,0.0182032510638237,0.743360161781311,1.3480457067489624,0.11133088916540146,0.02154131978750229,0.8671817779541016,1.5844080448150635,0.128799170255661,0.0032276178244501352,0.7460817098617554,1.5987582206726074,0.2142266035079956,0.0027963982429355383,0.8778365850448608,1.620469331741333,0.13163834810256958,0.002755240071564913,0.742669403553009,1.6342670917510986,0.2164967954158783,0.00584761705249548,0.8496314287185669,1.6597644090652466,-0.14000213146209717,0.0016249525360763073,0.765282392501831,1.682839035987854,-0.06497640162706375,0.005475830752402544
0.7462050318717957,0.5873869061470032,-0.3379538655281067,0.9999793171882629,0.7569430470466614,0.566685676574707,-0.2980385422706604,0.9999505281448364,0.7644675970077515,0.5666915774345398,-0.2979004979133606,0.999940812587738,0.7715243101119995,0.5675224661827087,-0.2977355718612671,0.9999575614929199,0.7352767586708069,0.5722764134407043,-0.29032737016677856,0.9999473690986633,0.7278048992156982,0.5757529735565186,-0.2901063561439514,0.9999459981918335,0.7205561399459839,0.5804630517959595,-0.29029226303100586,0.999963104724884,0.7839332818984985,0.5854196548461914,-0.09696565568447113,0.9999772906303406,0.7153871059417725,0.6072962880134583,-0.0583820566534996,0.9999787211418152,0.765072226524353,0.6115729808807373,-0.2747533917427063,0.9999830722808838,0.7372387647628784,0.6175684332847595,-0.26362308859825134,0.9999734163284302,0.8538948893547058,0.7152526378631592,-0.0832725539803505,0.9996113777160645,0.6907328367233276,0.7478476762771606,-0.0416201576590538,0.9996959567070007,0.9383443593978882,0.6413454413414001,-0.35664016008377075,0.9976573586463928,0.5904595851898193,0.6737030744552612,-0.3330151438713074,0.9992544054985046,0.7952488660812378,0.6729577779769897,-0.29609280824661255,0.9255822896957397,0.7143038511276245,0.6367304921150208,-0.3912576735019684,0.9483200311660767,0.7647120952606201,0.6787087321281433,-0.3132682740688324,0.5187364816665649,0.7454227209091187,0.637808084487915,-0.42880740761756897,0.6806871891021729,0.7572875022888184,0.6869106888771057,-0.22878757119178772,0.4696556329727173,0.7494984269142151,0.6405714154243469,-0.3489958941936493,0.6319764852523804,0.7651442289352417,0.6858293414115906,-0.2679632902145386,0.49877047538757324,0.7388063669204712,0.6457124948501587,-0.3721233606338501,0.6653211712837219,0.8611897230148315,1.0697877407073975,-0.057717692106962204,0.3283446133136749,0.7328982353210449,1.0785655975341797,0.05919819325208664,0.3037947416305542,0.8579794764518738,1.3424090147018433,-0.07918009907007217,0.017936350777745247,0.7438644170761108,1.3498977422714233,0.1453211009502411,0.021210692822933197,0.8673956990242004,1.5874502658843994,0.12546232342720032,0.0030715782195329666,0.7468777894973755,1.6004292964935303,0.29176199436187744,0.0026460906956344843,0.8779157400131226,1.6243667602539062,0.12901760637760162,0.0026131663471460342,0.7437011003494263,1.6366220712661743,0.2991258502006531,0.005546995904296637,0.8491519689559937,1.6635907888412476,-0.1449376791715622,0.0015607631066814065,0.7650806307792664,1.6840555667877197,0.017919177189469337,0.005285387393087149
0.7461949586868286,0.5873879194259644,-0.3339121639728546,0.9999791979789734,0.7568796873092651,0.5666693449020386,-0.2954404354095459,0.999949038028717,0.7644129395484924,0.5666561722755432,-0.2952631115913391,0.9999396204948425,0.771484911441803,0.5674734711647034,-0.2950817942619324,0.9999567866325378,0.7351880073547363,0.5722891092300415,-0.28817373514175415,0.9999457001686096,0.7277114391326904,0.5757903456687927,-0.2879641354084015,0.9999447464942932,0.720494270324707,0.5805163979530334,-0.2881399393081665,0.9999625086784363,0.7839242815971375,0.5853697061538696,-0.0979747325181961,0.9999772310256958,0.7153855562210083,0.6073371171951294,-0.059990037232637405,0.9999784827232361,0.7650660276412964,0.6115213632583618,-0.2717924416065216,0.9999825358390808,0.7372334003448486,0.6175724267959595,-0.2613387703895569,0.999972939491272,0.8539851307868958,0.7150701880455017,-0.08350095897912979,0.9996062517166138,0.6911905407905579,0.747566819190979,-0.04210018366575241,0.9996888637542725,0.9383466839790344,0.6416283249855042,-0.3586912453174591,0.9975160956382751,0.590520977973938,0.6746228337287903,-0.31876492500305176,0.9991822838783264,0.7952738404273987,0.6736282706260681,-0.2987663149833679,0.9231306314468384,0.71430504322052,0.6372321248054504,-0.3384699523448944,0.945098876953125,0.7647179961204529,0.6791646480560303,-0.31480541825294495,0.5145825743675232,0.7454395294189453,0.6389390826225281,-0.37407585978507996,0.6722145676612854,0.7572733759880066,0.6871220469474792,-0.23479732871055603,0.4661780893802643,0.7495147585868835,0.6414373517036438,-0.2972818911075592,0.6245629787445068,0.765153706073761,0.686278223991394,-0.269411563873291,0.4948265552520752,0.7388344407081604,0.6466080546379089,-0.3197312653064728,0.6571136116981506,0.8611313700675964,1.0697681903839111,-0.05421368032693863,0.31187593936920166,0.7329397201538086,1.0781909227371216,0.055835872888565063,0.2874310612678528,0.8569062948226929,1.3423596620559692,-0.05708560347557068,0.01807250827550888,0.7422837018966675,1.3500077724456787,0.10041137039661407,0.021115144714713097,0.8646954298019409,1.587518572807312,0.15504831075668335,0.002959074452519417,0.7445759177207947,1.6003628969192505,0.21122536063194275,0.00250232988037169,0.8744860887527466,1.624261498451233,0.1595541387796402,0.0025081483181566,0.7417353391647339,1.6362929344177246,0.2141983062028885,0.005188015289604664,0.846825122833252,1.6636358499526978,-0.10988445580005646,0.0015271197771653533,0.7627551555633545,1.6842695474624634,-0.06816872954368591,0.005018072202801704
0.7456351518630981,0.5874221324920654,-0.33445677161216736,0.9999808073043823,0.7566990852355957,0.5665324330329895,-0.2972622513771057,0.9999496936798096,0.7643026113510132,0.5664159059524536,-0.2971319556236267,0.9999419450759888,0.7714563608169556,0.5671378374099731,-0.29689645767211914,0.9999591112136841,0.734853208065033,0.5722870230674744,-0.2884172201156616,0.999947190284729,0.7273766994476318,0.5757971405982971,-0.2882278561592102,0.9999474883079529,0.7201959490776062,0.5805218815803528,-0.2883240580558777,0.9999648928642273,0.7841048836708069,0.585101306438446,-0.11267644166946411,0.9999786019325256,0.7152873277664185,0.6073179244995117,-0.06676630675792694,0.9999797344207764,0.7647870779037476,0.6115122437477112,-0.27532729506492615,0.9999833703041077,0.7365502119064331,0.6175838112831116,-0.26245707273483276,0.9999744892120361,0.8542229533195496,0.7152076363563538,-0.09497202932834625,0.9996302127838135,0.6914017200469971,0.747297465801239,-0.044110000133514404,0.9997092485427856,0.9387848973274231,0.6420919299125671,-0.3589293956756592,0.9973939061164856,0.5929621458053589,0.6781102418899536,-0.2989019751548767,0.999157190322876,0.7934783101081848,0.6755996942520142,-0.29641199111938477,0.9170755743980408,0.7148528099060059,0.637473464012146,-0.2566608786582947,0.943403959274292,0.7630082964897156,0.6836054921150208,-0.31724298000335693,0.49317559599876404,0.7467801570892334,0.6392999291419983,-0.28806549310684204,0.6542640924453735,0.754763662815094,0.6946151256561279,-0.23662002384662628,0.44547268748283386,0.7502705454826355,0.6420781016349792,-0.21278278529644012,0.6057686805725098,0.7616523504257202,0.6908715963363647,-0.2695342004299164,0.47163644433021545,0.7394299507141113,0.6474238038063049,-0.23973019421100616,0.6344668865203857,0.8595336079597473,1.0697733163833618,-0.054195988923311234,0.28307291865348816,0.7300325632095337,1.0778069496154785,0.05583570525050163,0.26070356369018555,0.8520032167434692,1.3453091382980347,-0.07581573724746704,0.01760292984545231,0.7367209792137146,1.351063847541809,0.08920294791460037,0.020167075097560883,0.8554826974868774,1.593018889427185,0.14209604263305664,0.002877612365409732,0.732997715473175,1.6047616004943848,0.2043711245059967,0.0023601101711392403,0.8654741048812866,1.6290241479873657,0.1467668116092682,0.002444483805447817,0.7289851307868958,1.6416904926300049,0.20827916264533997,0.0048639364540576935,0.8334797024726868,1.669801950454712,-0.1253465861082077,0.0015156562440097332,0.7481532692909241,1.6882576942443848,-0.07654708623886108,0.004801529459655285
0.7455314993858337,0.5876110196113586,-0.3453522324562073,0.9999823570251465,0.7566677927970886,0.5665045380592346,-0.30809924006462097,0.9999520182609558,0.7642821073532104,0.5663270950317383,-0.3079841434955597,0.9999450445175171,0.7714497447013855,0.5669761896133423,-0.30777931213378906,0.999961793422699,0.7347666025161743,0.5723361372947693,-0.29979202151298523,0.9999502301216125,0.7272710800170898,0.5758822560310364,-0.29963254928588867,0.9999508857727051,0.7200812697410583,0.5806132555007935,-0.2997344136238098,0.9999675154685974,0.7841393947601318,0.5848111510276794,-0.11448315531015396,0.9999799728393555,0.7152844667434692,0.6072988510131836,-0.0696588009595871,0.9999812245368958,0.7647636532783508,0.6115724444389343,-0.2825462520122528,0.9999845027923584,0.7364728450775146,0.6177417635917664,-0.2697238028049469,0.999976396560669,0.8548128008842468,0.7153911590576172,-0.09323213994503021,0.9996561408042908,0.6914300322532654,0.746258020401001,-0.05001041293144226,0.9997327327728271,0.9396201968193054,0.6429323554039001,-0.3363853394985199,0.9975383281707764,0.5941698551177979,0.6792104840278625,-0.3069884479045868,0.9992016553878784,0.7934824824333191,0.6757268309593201,-0.26983729004859924,0.916776716709137,0.7157608270645142,0.6378355622291565,-0.3015740215778351,0.9434635043144226,0.7628828287124634,0.683838963508606,-0.28849223256111145,0.4790476858615875,0.7484996318817139,0.6398512125015259,-0.3376747667789459,0.6413681507110596,0.7548071146011353,0.6942669749259949,-0.2068210393190384,0.4298054873943329,0.7514874935150146,0.6424363255500793,-0.2606653571128845,0.58986896276474,0.7617918252944946,0.6909101009368896,-0.24234619736671448,0.4538230299949646,0.7410625219345093,0.6477724313735962,-0.28369319438934326,0.6168022155761719,0.8579609990119934,1.0694408416748047,-0.05414481833577156,0.27369070053100586,0.7276262044906616,1.076938271522522,0.055777568370103836,0.25212565064430237,0.8505991697311401,1.344390630722046,-0.0034910966642200947,0.018854571506381035,0.7341657876968384,1.3474644422531128,0.18995776772499084,0.020760120823979378,0.8571507334709167,1.5865377187728882,0.2602936029434204,0.0032690251246094704,0.7325460910797119,1.5988235473632812,0.4204367697238922,0.0026198192499578,0.867583155632019,1.6206880807876587,0.27037131786346436,0.0028046141378581524,0.7282457947731018,1.6352565288543701,0.4378114342689514,0.005376629997044802,0.8365044593811035,1.6646497249603271,-0.0017720203613862395,0.0016909135738387704,0.7498891949653625,1.6835994720458984,0.15339046716690063,0.005124946124851704
0.7453777194023132,0.5878005623817444,-0.3555825650691986,0.9999818205833435,0.7566858530044556,0.5664733052253723,-0.31648486852645874,0.9999504089355469,0.7643371820449829,0.5662815570831299,-0.3163643479347229,0.9999431371688843,0.7715327143669128,0.5669276714324951,-0.31616514921188354,0.9999602437019348,0.7347613573074341,0.572340190410614,-0.3082130253314972,0.9999485015869141,0.7272583246231079,0.5758922696113586,-0.30803465843200684,0.9999492764472961,0.7200674414634705,0.5806189775466919,-0.3082006871700287,0.9999665021896362,0.7844504117965698,0.5847705602645874,-0.11972532421350479,0.9999793767929077,0.7153595685958862,0.6072629690170288,-0.07425507158041,0.9999808073043823,0.7647085785865784,0.6118305325508118,-0.2916004955768585,0.9999839067459106,0.7362858057022095,0.6180611252784729,-0.27914169430732727,0.999975860118866,0.8552449345588684,0.7153894305229187,-0.10062374174594879,0.9996340274810791,0.6915966272354126,0.7459383606910706,-0.05332528427243233,0.9997239708900452,0.9397441148757935,0.6436066031455994,-0.39188843965530396,0.9974331259727478,0.5952330827713013,0.6796462535858154,-0.36192941665649414,0.9991629123687744,0.7934705018997192,0.6757445931434631,-0.366718053817749,0.9183535575866699,0.7161073088645935,0.6378718614578247,-0.4440366327762604,0.9444836974143982,0.7624107599258423,0.683994710445404,-0.39203211665153503,0.4875149428844452,0.7488696575164795,0.6398691534996033,-0.49100160598754883,0.649126410484314,0.7542604207992554,0.6940510272979736,-0.30793339014053345,0.4381907284259796,0.7517378330230713,0.6425492167472839,-0.4111666679382324,0.598923921585083,0.7605618834495544,0.6916264891624451,-0.3392714858055115,0.46284061670303345,0.7415615916252136,0.6480578780174255,-0.4255344867706299,0.6250658631324768,0.8579651713371277,1.0691560506820679,-0.05403195694088936,0.2685856521129608,0.7278992533683777,1.0759888887405396,0.05566323548555374,0.24612776935100555,0.8512031435966492,1.342835783958435,-0.004671923350542784,0.018848292529582977,0.7352327704429626,1.3455432653427124,0.1802944391965866,0.02021101489663124,0.857306957244873,1.5829161405563354,0.2535172402858734,0.0031524428632110357,0.733880877494812,1.5935909748077393,0.38713735342025757,0.002465098863467574,0.8683525323867798,1.617757797241211,0.2628116011619568,0.0026856660842895508,0.7290833592414856,1.629579782485962,0.3990485966205597,0.005021038465201855,0.8370093107223511,1.6589792966842651,-0.007266474422067404,0.0016409325180575252,0.7521851062774658,1.6774059534072876,0.12487300485372543,0.004899944178760052
0.7454050183296204,0.5877946019172668,-0.3676826059818268,0.9999819397926331,0.7568923830986023,0.5662257075309753,-0.328522264957428,0.9999505281448364,0.7646083235740662,0.5659725666046143,-0.32843440771102905,0.9999432563781738,0.7718212604522705,0.5665758848190308,-0.3282848000526428,0.9999604225158691,0.7348087430000305,0.5722650289535522,-0.3194781541824341,0.999949038028717,0.7272735238075256,0.5758448839187622,-0.3193114399909973,0.9999499917030334,0.7200666666030884,0.5805786848068237,-0.31949055194854736,0.9999671578407288,0.7847105860710144,0.5844999551773071,-0.12720242142677307,0.9999794960021973,0.71537846326828,0.6071997880935669,-0.07720477879047394,0.999981164932251,0.7647086381912231,0.6118267774581909,-0.3016855716705322,0.999984085559845,0.7362591028213501,0.6180642247200012,-0.28809207677841187,0.9999764561653137,0.8552913665771484,0.7154808044433594,-0.11350163072347641,0.9996302127838135,0.6922696232795715,0.7455441951751709,-0.05347983166575432,0.9997259378433228,0.9396058320999146,0.6444382071495056,-0.39325588941574097,0.9974819421768188,0.5972577929496765,0.6814152598381042,-0.360866516828537,0.9991608262062073,0.7934722304344177,0.6757505536079407,-0.355219304561615,0.9209226965904236,0.7161113023757935,0.6378812193870544,-0.41891223192214966,0.9452391862869263,0.7613993883132935,0.6852664351463318,-0.3792932331562042,0.49603748321533203,0.7490188479423523,0.6399352550506592,-0.45799264311790466,0.6513769030570984,0.7533423900604248,0.6944392919540405,-0.29867252707481384,0.44543105363845825,0.7518366575241089,0.6426257491111755,-0.3761383891105652,0.600803554058075,0.7584978342056274,0.6928117275238037,-0.32808616757392883,0.46940794587135315,0.7416573166847229,0.648065447807312,-0.39929771423339844,0.6266444325447083,0.8579952120780945,1.0691437721252441,-0.05993499606847763,0.2794259190559387,0.7282497882843018,1.0759823322296143,0.0613471195101738,0.2543982267379761,0.8516289591789246,1.3417390584945679,0.0008146844920702279,0.021825114265084267,0.7357664108276367,1.3450127840042114,0.22839927673339844,0.021983498707413673,0.8576758503913879,1.58195960521698,0.25808820128440857,0.0037240893580019474,0.7368108630180359,1.5914783477783203,0.46876758337020874,0.002722333185374737,0.8692570924758911,1.617702841758728,0.26753857731819153,0.003196387318894267,0.7343437075614929,1.6273598670959473,0.4866693913936615,0.005631835665553808,0.8381664156913757,1.6566952466964722,-0.004517014604061842,0.0018389123724773526,0.7523846626281738,1.6747267246246338,0.2077910602092743,0.005486140958964825
0.7453634142875671,0.5879285335540771,-0.371375173330307,0.999979555606842,0.757148802280426,0.5661945343017578,-0.3316241502761841,0.9999459385871887,0.7650393843650818,0.5659623742103577,-0.33156949281692505,0.9999375939369202,0.7723415493965149,0.5665649771690369,-0.33143407106399536,0.9999557137489319,0.7350738048553467,0.5721864700317383,-0.323579877614975,0.9999452233314514,0.7276667952537537,0.5757024884223938,-0.3233790695667267,0.9999465346336365,0.7206774950027466,0.5802720189094543,-0.3235788345336914,0.9999649524688721,0.7855647206306458,0.5844992399215698,-0.1278969794511795,0.999976634979248,0.7167280912399292,0.6069844961166382,-0.07884956151247025,0.9999792575836182,0.7646324634552002,0.6120413541793823,-0.3037354350090027,0.9999821782112122,0.7361887097358704,0.6183243989944458,-0.29091569781303406,0.9999743103981018,0.8555015325546265,0.7154020071029663,-0.1101028323173523,0.9995861649513245,0.6922731995582581,0.7438672780990601,-0.050921935588121414,0.9997187256813049,0.9396276473999023,0.6501578092575073,-0.35438376665115356,0.9974476099014282,0.6117159724235535,0.6969445943832397,-0.3540972173213959,0.9991858005523682,0.7934995889663696,0.6756755709648132,-0.3021305203437805,0.923914909362793,0.7188650369644165,0.6378888487815857,-0.4474164545536041,0.9491406083106995,0.7614001035690308,0.6852253079414368,-0.3231406807899475,0.5111303329467773,0.7512521743774414,0.6392322778701782,-0.4959794580936432,0.6746692657470703,0.7527329921722412,0.6940730810165405,-0.2453855276107788,0.4603826403617859,0.7541218400001526,0.6410481929779053,-0.4222874045372009,0.6267610192298889,0.7586988806724548,0.6925488114356995,-0.2746279537677765,0.4845375120639801,0.7443896532058716,0.6466385722160339,-0.4303801953792572,0.6500850319862366,0.8562307357788086,1.0654246807098389,-0.06400757282972336,0.2877805531024933,0.7282086610794067,1.0708329677581787,0.06536059081554413,0.26316070556640625,0.8491247296333313,1.3354920148849487,-0.016999762505292892,0.028201814740896225,0.7368969321250916,1.3391886949539185,0.22473737597465515,0.02479344606399536,0.8577938079833984,1.5773425102233887,0.2256309688091278,0.0049822512082755566,0.7370409965515137,1.5900073051452637,0.44454288482666016,0.003059342037886381,0.8698635101318359,1.6135262250900269,0.23325005173683167,0.004183030687272549,0.7354646325111389,1.6265976428985596,0.46016496419906616,0.0065550594590604305,0.8372297286987305,1.6520438194274902,-0.03436755761504173,0.0022383504547178745,0.752886176109314,1.6717253923416138,0.18248909711837769,0.006425808183848858
0.7454191446304321,0.5880878567695618,-0.3797672986984253,0.9999788403511047,0.7578706741333008,0.5661867260932922,-0.33834603428840637,0.9999457597732544,0.7659912109375,0.5659643411636353,-0.33828291296958923,0.9999375343322754,0.773315966129303,0.5666351318359375,-0.3381325602531433,0.9999548196792603,0.7356663942337036,0.5720308423042297,-0.33158618211746216,0.9999450445175171,0.7282949686050415,0.5754565000534058,-0.33134037256240845,0.999946653842926,0.7213830351829529,0.579891562461853,-0.33152085542678833,0.9999646544456482,0.7869568467140198,0.5846658945083618,-0.13071085512638092,0.9999762773513794,0.7172424793243408,0.6068578362464905,-0.08599235862493515,0.9999792575836182,0.7646390199661255,0.6126054525375366,-0.310528963804245,0.9999820590019226,0.7361720204353333,0.6187846660614014,-0.29920563101768494,0.9999741911888123,0.8561586141586304,0.7156341671943665,-0.10809066146612167,0.999558687210083,0.6921632289886475,0.7425745725631714,-0.05316566675901413,0.99972003698349,0.9396301507949829,0.6597269177436829,-0.3547900319099426,0.9973179697990417,0.6183634996414185,0.7141367793083191,-0.35072964429855347,0.9992008805274963,0.7927147150039673,0.6755300164222717,-0.3337234556674957,0.9269087910652161,0.7231892347335815,0.640317976474762,-0.45172086358070374,0.9529361724853516,0.7591930627822876,0.6852053999900818,-0.36097049713134766,0.5302174091339111,0.7545537352561951,0.6396254897117615,-0.5023666024208069,0.6986743807792664,0.7511977553367615,0.692805290222168,-0.2846386432647705,0.48100313544273376,0.7571427822113037,0.6410576105117798,-0.4294176697731018,0.6541374921798706,0.7564948797225952,0.6915935277938843,-0.3084173798561096,0.505351722240448,0.7478960752487183,0.6468630433082581,-0.4342878758907318,0.6748203039169312,0.8538655042648315,1.0654579401016235,-0.06378000974655151,0.28643524646759033,0.7250984311103821,1.0707842111587524,0.06521058827638626,0.26256242394447327,0.8455408215522766,1.3355237245559692,-0.04776332527399063,0.029836824163794518,0.7372628450393677,1.3395265340805054,0.19138512015342712,0.024969857186079025,0.8527199625968933,1.5775675773620605,0.1809307485818863,0.00534022506326437,0.7370427846908569,1.592275619506836,0.3795193135738373,0.0029563349671661854,0.8652194142341614,1.6138935089111328,0.18658600747585297,0.004519370384514332,0.7353190779685974,1.6303704977035522,0.39013808965682983,0.006393446121364832,0.8306211233139038,1.6521095037460327,-0.08806805312633514,0.002327356720343232,0.748319149017334,1.672847867012024,0.10209621489048004,0.006440194323658943
0.7448527216911316,0.5882976651191711,-0.39639315009117126,0.9999736547470093,0.7578232288360596,0.5661688446998596,-0.3580099940299988,0.9999372959136963,0.7659813165664673,0.5659354329109192,-0.35791465640068054,0.9999287724494934,0.7733443975448608,0.566611647605896,-0.35777753591537476,0.999943733215332,0.7354585528373718,0.5720354318618774,-0.351176381111145,0.999936580657959,0.7281025052070618,0.5754772424697876,-0.3509168326854706,0.9999392032623291,0.7213023900985718,0.5799048542976379,-0.3511221408843994,0.9999575614929199,0.7873091697692871,0.5846607089042664,-0.14995528757572174,0.9999707937240601,0.7172643542289734,0.6068650484085083,-0.10345445573329926,0.9999756217002869,0.763990044593811,0.6129146814346313,-0.32507020235061646,0.9999794960021973,0.7353866100311279,0.6192665100097656,-0.31301915645599365,0.9999710321426392,0.8560975193977356,0.7153793573379517,-0.10882308334112167,0.9994711875915527,0.6903107166290283,0.7410534620285034,-0.06280335783958435,0.9997031688690186,0.9396321177482605,0.6767109036445618,-0.3916419446468353,0.9971290230751038,0.6163021922111511,0.7376330494880676,-0.35936132073402405,0.9991878867149353,0.7910274267196655,0.6767081022262573,-0.43153372406959534,0.9292498230934143,0.7231339812278748,0.6475568413734436,-0.4983433187007904,0.9561061263084412,0.7566193342208862,0.6850923895835876,-0.46786385774612427,0.5484951138496399,0.7543631792068481,0.643467128276825,-0.5565553307533264,0.7202004790306091,0.7483075857162476,0.6904699802398682,-0.39011481404304504,0.5010793805122375,0.7571118474006653,0.6434219479560852,-0.481571763753891,0.6785399913787842,0.7544905543327332,0.6899073123931885,-0.406609445810318,0.5256339907646179,0.7477473020553589,0.6501308679580688,-0.4795418679714203,0.6967025995254517,0.851629912853241,1.0654281377792358,-0.05595600605010986,0.2968742549419403,0.7223333716392517,1.0704591274261475,0.05738344043493271,0.2766914665699005,0.8443894386291504,1.3341730833053589,0.010100729763507843,0.03385502099990845,0.7362001538276672,1.33976411819458,0.2014659196138382,0.027979230508208275,0.8507086634635925,1.573992133140564,0.27244406938552856,0.0071314917877316475,0.7361835837364197,1.5915272235870361,0.44213181734085083,0.003307939739897847,0.8608487248420715,1.6092028617858887,0.282101035118103,0.005762490909546614,0.7348719239234924,1.6286731958389282,0.4592287540435791,0.0072255125269293785,0.8306188583374023,1.651550054550171,0.0047453418374061584,0.0026994349900633097,0.7483296394348145,1.6729967594146729,0.16748467087745667,0.0075024827383458614
0.7436656355857849,0.5883001685142517,-0.3915022015571594,0.999966561794281,0.7574330568313599,0.5660234689712524,-0.35339000821113586,0.9999192953109741,0.7657939195632935,0.5657979846000671,-0.3532522916793823,0.9999105334281921,0.7733346819877625,0.5665034651756287,-0.35308581590652466,0.9999212622642517,0.7348337769508362,0.5719156861305237,-0.3470136225223541,0.9999197721481323,0.7276089191436768,0.5753650069236755,-0.3467538356781006,0.999925434589386,0.7210703492164612,0.5797578692436218,-0.34696751832962036,0.9999446868896484,0.7878041863441467,0.5846086144447327,-0.14764508605003357,0.9999576807022095,0.7176924347877502,0.6061546206474304,-0.10296013206243515,0.9999680519104004,0.7636139392852783,0.6130796670913696,-0.32111382484436035,0.999973714351654,0.7347224950790405,0.6193227171897888,-0.30932480096817017,0.9999644756317139,0.8561414480209351,0.7157628536224365,-0.10753297805786133,0.9993370771408081,0.6900025010108948,0.7410735487937927,-0.07118181884288788,0.9996854066848755,0.9409692883491516,0.6984853744506836,-0.40422964096069336,0.9968469142913818,0.6145779490470886,0.7588205337524414,-0.3881486654281616,0.999163031578064,0.7883998155593872,0.6822692155838013,-0.46854168176651,0.9303056001663208,0.7229638695716858,0.6550801396369934,-0.5427513122558594,0.959468424320221,0.7543919086456299,0.6883465051651001,-0.5064256191253662,0.5619817972183228,0.7544621229171753,0.6486324667930603,-0.6040541529655457,0.7424157857894897,0.7460440397262573,0.6944447755813599,-0.42384710907936096,0.5159657597541809,0.7572870254516602,0.6459090709686279,-0.525050938129425,0.7037357687950134,0.7528461217880249,0.6918043494224548,-0.44242334365844727,0.5412087440490723,0.7476249933242798,0.6531730890274048,-0.5223745703697205,0.7197510600090027,0.8512775301933289,1.0654494762420654,-0.04594660550355911,0.2955511510372162,0.7191985249519348,1.070541262626648,0.04747205227613449,0.28209102153778076,0.8441187739372253,1.3342329263687134,0.05486111715435982,0.03412843868136406,0.7340527772903442,1.3405060768127441,0.20818975567817688,0.027427764609456062,0.8505071401596069,1.5720933675765991,0.3517720103263855,0.00767306936904788,0.7329040765762329,1.591831922531128,0.4730548858642578,0.003226029686629772,0.8599270582199097,1.6061289310455322,0.3657686114311218,0.006058393511921167,0.7310396432876587,1.6287496089935303,0.49309349060058594,0.006975668948143721,0.8318693041801453,1.651651382446289,0.09214843809604645,0.0027399398386478424,0.747100830078125,1.676425576210022,0.19782966375350952,0.007380728609859943
0.7426676154136658,0.5880772471427917,-0.39148980379104614,0.9999611377716064,0.7569339871406555,0.5654891729354858,-0.35346612334251404,0.9999103546142578,0.7654041647911072,0.5651326775550842,-0.3532891273498535,0.9999027848243713,0.7732360363006592,0.5656229257583618,-0.3530825674533844,0.9999105334281921,0.7342877388000488,0.5714257955551147,-0.3465213179588318,0.9999085664749146,0.7273121476173401,0.5747451186180115,-0.3462274968624115,0.9999157190322876,0.7209871411323547,0.578852117061615,-0.34641748666763306,0.9999332427978516,0.7880825996398926,0.5840399265289307,-0.14652366936206818,0.9999510049819946,0.7182266712188721,0.6026442050933838,-0.09965656697750092,0.9999597668647766,0.7634261846542358,0.613050639629364,-0.3205015957355499,0.9999698996543884,0.734383225440979,0.618890106678009,-0.30777448415756226,0.9999589920043945,0.8571252822875977,0.716151237487793,-0.11171169579029083,0.9993159770965576,0.6889691352844238,0.743062436580658,-0.07124552875757217,0.9996576309204102,0.9423311352729797,0.719262421131134,-0.44708719849586487,0.9969457983970642,0.6100957989692688,0.7853673696517944,-0.4282107353210449,0.999108612537384,0.7852852940559387,0.6857674717903137,-0.5751867890357971,0.9358218312263489,0.7224239110946655,0.6677522659301758,-0.6431959867477417,0.96202152967453,0.7535452842712402,0.6882908344268799,-0.627419650554657,0.5939016342163086,0.7550962567329407,0.657052755355835,-0.7116996049880981,0.7602563500404358,0.7463482618331909,0.6915343403816223,-0.5452057719230652,0.5507380962371826,0.7579827308654785,0.6524916887283325,-0.6347343325614929,0.7236745953559875,0.7528117895126343,0.6914471387863159,-0.549452006816864,0.5740359425544739,0.7478200793266296,0.6607407331466675,-0.6238661408424377,0.7375632524490356,0.8505678176879883,1.0701525211334229,-0.04285656288266182,0.316741019487381,0.7154238820075989,1.0725873708724976,0.04442187026143074,0.3035103976726532,0.8406634330749512,1.338550090789795,0.09455259144306183,0.03496097773313522,0.7229584455490112,1.3478343486785889,0.2444736510515213,0.027369149029254913,0.8423539400100708,1.5743446350097656,0.42051297426223755,0.00821212399750948,0.7205920815467834,1.5962181091308594,0.5435372591018677,0.00319877453148365,0.8482193946838379,1.6081318855285645,0.43794894218444824,0.006451993715018034,0.7182742953300476,1.6321585178375244,0.5671560764312744,0.006886027753353119,0.8253573179244995,1.6578363180160522,0.15968650579452515,0.002882779808714986,0.7379094958305359,1.6857126951217651,0.2662276327610016,0.007431991398334503
0.7416027784347534,0.5881345272064209,-0.4026489853858948,0.9999553561210632,0.7561854124069214,0.5654333233833313,-0.36419811844825745,0.9999011754989624,0.7646748423576355,0.5648742914199829,-0.36400407552719116,0.9998952150344849,0.7729166746139526,0.5649659037590027,-0.36373111605644226,0.9998984336853027,0.7333506345748901,0.5715132355690002,-0.3543102741241455,0.9998975992202759,0.7268123030662537,0.574863851070404,-0.35402563214302063,0.9999064207077026,0.7208158373832703,0.578944981098175,-0.354189932346344,0.9999203681945801,0.7881284952163696,0.5832614898681641,-0.160132497549057,0.9999438524246216,0.7185272574424744,0.6017577052116394,-0.10052035748958588,0.9999502301216125,0.7633743286132812,0.6130446195602417,-0.33345213532447815,0.9999642968177795,0.7342572808265686,0.6187689304351807,-0.3165578842163086,0.9999516606330872,0.8615638017654419,0.7212982773780823,-0.1365051567554474,0.9992645382881165,0.6889877915382385,0.7472162842750549,-0.06931816786527634,0.9995988011360168,0.9461065530776978,0.7425317168235779,-0.47966232895851135,0.9970185160636902,0.5957776308059692,0.814942479133606,-0.44451236724853516,0.9989820718765259,0.7848609685897827,0.6956630945205688,-0.606230616569519,0.9414485692977905,0.716687798500061,0.681522786617279,-0.7073351144790649,0.9643595218658447,0.7522041201591492,0.6940324306488037,-0.6587268710136414,0.6282860636711121,0.753261148929596,0.6688480973243713,-0.7792794704437256,0.7769771218299866,0.745648980140686,0.695231020450592,-0.5778252482414246,0.5885297060012817,0.7553516030311584,0.6665471196174622,-0.7036514282226562,0.7428438067436218,0.752052903175354,0.6966707706451416,-0.5801770687103271,0.6096619367599487,0.745502769947052,0.6742068529129028,-0.6897448301315308,0.7552619576454163,0.8501164317131042,1.0855711698532104,-0.043986253440380096,0.3278275430202484,0.7138460278511047,1.083324909210205,0.04551231861114502,0.3143470883369446,0.8358187675476074,1.358097791671753,0.08193521201610565,0.03513913229107857,0.7163132429122925,1.364045262336731,0.2416888177394867,0.026106679812073708,0.8339921236038208,1.59519362449646,0.40409690141677856,0.008380948565900326,0.7109947204589844,1.6132252216339111,0.5268839001655579,0.003008023602887988,0.8403766751289368,1.6323281526565552,0.420691579580307,0.0067106145434081554,0.70939701795578,1.6506730318069458,0.5484780073165894,0.006535676307976246,0.8107692003250122,1.6755332946777344,0.1429842859506607,0.0028899437747895718,0.7209149599075317,1.7020080089569092,0.25281113386154175,0.007114050909876823
0.7412499189376831,0.5883354544639587,-0.400186687707901,0.9999520182609558,0.7558857798576355,0.5654222369194031,-0.3627862334251404,0.9998955130577087,0.7643285393714905,0.5648179650306702,-0.3625853657722473,0.9998911619186401,0.7727642059326172,0.5647284984588623,-0.36231669783592224,0.9998911619186401,0.7329149842262268,0.5716416835784912,-0.3526906669139862,0.9998903870582581,0.7265799045562744,0.5749785304069519,-0.35239994525909424,0.9998999238014221,0.720719575881958,0.5790086984634399,-0.3525523543357849,0.9999108910560608,0.7882186770439148,0.5828983187675476,-0.16237309575080872,0.9999397397041321,0.7186610698699951,0.6011947393417358,-0.10077434778213501,0.9999430179595947,0.7633438110351562,0.6131383180618286,-0.3316654562950134,0.9999599456787109,0.7342346906661987,0.6187700033187866,-0.31473928689956665,0.9999455809593201,0.8638003468513489,0.7221336364746094,-0.1371046006679535,0.9992430806159973,0.6890020966529846,0.7490565776824951,-0.06892672181129456,0.9995510578155518,0.9482451677322388,0.7461216449737549,-0.4624728560447693,0.9970085620880127,0.5918232202529907,0.8189762234687805,-0.43129152059555054,0.9987761974334717,0.7844556570053101,0.6986244320869446,-0.563734769821167,0.9462888836860657,0.714882493019104,0.6856847405433655,-0.6877292990684509,0.9661890268325806,0.7517112493515015,0.6955254673957825,-0.6127126812934875,0.6581870317459106,0.7520502805709839,0.6730591058731079,-0.758660614490509,0.7915958762168884,0.7456250786781311,0.6958156824111938,-0.5315685272216797,0.6216182708740234,0.7538847923278809,0.6702710390090942,-0.6846203207969666,0.7598259449005127,0.7520595192909241,0.6977366209030151,-0.5372969508171082,0.6407862901687622,0.7441090941429138,0.6780748963356018,-0.6709416508674622,0.7708415985107422,0.8502770662307739,1.0871758460998535,-0.044730715453624725,0.3282298147678375,0.714175820350647,1.0849742889404297,0.04620449244976044,0.3147867023944855,0.8359168767929077,1.3618617057800293,0.08471640944480896,0.03481275588274002,0.7173407077789307,1.3683083057403564,0.2402239292860031,0.024647992104291916,0.8349543809890747,1.6007994413375854,0.41174453496932983,0.008239691145718098,0.7125998735427856,1.6198601722717285,0.5214239954948425,0.002797273686155677,0.8419167399406433,1.63864004611969,0.4291008412837982,0.006626692600548267,0.7114320993423462,1.6579186916351318,0.5426393151283264,0.006082386709749699,0.8106632232666016,1.680801272392273,0.1539963036775589,0.0028600809164345264,0.7211061120033264,1.708239197731018,0.24831092357635498,0.006704701576381922
0.7352514863014221,0.5900108814239502,-0.4526914954185486,0.9999480843544006,0.7495811581611633,0.566425085067749,-0.4242703914642334,0.9998852014541626,0.7594941854476929,0.5652031302452087,-0.42409658432006836,0.9998847246170044,0.7686492800712585,0.5647761821746826,-0.42385077476501465,0.9998804330825806,0.7277402877807617,0.5735586881637573,-0.41070133447647095,0.9998779892921448,0.7221164703369141,0.5768294930458069,-0.41037827730178833,0.9998892545700073,0.7163808345794678,0.5807916522026062,-0.41051650047302246,0.9998934864997864,0.7877087593078613,0.5822908282279968,-0.23257212340831757,0.9999333024024963,0.7167078256607056,0.6011412143707275,-0.15719953179359436,0.9999276995658875,0.7588279247283936,0.6135620474815369,-0.3843349814414978,0.9999572038650513,0.7294823527336121,0.6200025081634521,-0.36338096857070923,0.9999383091926575,0.8622256517410278,0.7143728137016296,-0.18227538466453552,0.9992804527282715,0.6865600943565369,0.7464264035224915,-0.06810390949249268,0.9995401501655579,0.9501837491989136,0.7986673712730408,-0.473898708820343,0.9970166087150574,0.5866202116012573,0.8509802222251892,-0.4156161844730377,0.998212993144989,0.7826859951019287,0.7347519993782043,-0.6379649043083191,0.9510660767555237,0.6720435619354248,0.717057466506958,-0.7142103910446167,0.9680230021476746,0.744326114654541,0.7298610210418701,-0.692678689956665,0.688446044921875,0.7040171027183533,0.7046387195587158,-0.787629246711731,0.8062141537666321,0.7361347079277039,0.7157782316207886,-0.6186555624008179,0.655181348323822,0.7085990905761719,0.6947648525238037,-0.7225217223167419,0.7765942215919495,0.7445684671401978,0.720335066318512,-0.6131159067153931,0.6721266508102417,0.7013328075408936,0.7025173306465149,-0.7014526128768921,0.786812424659729,0.8496772050857544,1.0786625146865845,-0.04480874165892601,0.31696346402168274,0.7112447023391724,1.0785568952560425,0.04636700451374054,0.3064538538455963,0.8366586565971375,1.3548575639724731,0.09185923635959625,0.03206629306077957,0.716606080532074,1.3632603883743286,0.23222434520721436,0.022466808557510376,0.8371361494064331,1.587467074394226,0.4398956894874573,0.007562281098216772,0.7141577005386353,1.6069656610488892,0.5153477787971497,0.002543153939768672,0.8449283838272095,1.6210391521453857,0.4597659707069397,0.00606671953573823,0.7134374976158142,1.64234459400177,0.5381709933280945,0.005528006237000227,0.8137474060058594,1.6735539436340332,0.18023669719696045,0.002623785985633731,0.7239404320716858,1.6972739696502686,0.24407339096069336,0.006126423366367817
0.7335261106491089,0.5923805832862854,-0.44118061661720276,0.9999464154243469,0.748124897480011,0.5682840347290039,-0.41204676032066345,0.999881386756897,0.7583208680152893,0.5668089389801025,-0.4119027554988861,0.9998831152915955,0.767645537853241,0.5661786794662476,-0.41171813011169434,0.9998776316642761,0.7264901399612427,0.5754517912864685,-0.39632391929626465,0.9998724460601807,0.7210077047348022,0.5785182118415833,-0.3959832787513733,0.9998828172683716,0.7151879072189331,0.5822163820266724,-0.3960941731929779,0.9998828172683716,0.7876232266426086,0.5829816460609436,-0.2199821174144745,0.9999316334724426,0.7159364223480225,0.6011722683906555,-0.13655975461006165,0.999916672706604,0.7565727829933167,0.6154438853263855,-0.37322574853897095,0.9999555349349976,0.727269172668457,0.6226843595504761,-0.3498389720916748,0.999933123588562,0.861810564994812,0.7126969695091248,-0.19266068935394287,0.9993084073066711,0.6857498288154602,0.7460838556289673,-0.022354090586304665,0.9995192885398865,0.9513087272644043,0.8110610246658325,-0.4714657664299011,0.9969993233680725,0.5826231837272644,0.8583357930183411,-0.3125506639480591,0.9975730180740356,0.7826811075210571,0.7370391488075256,-0.5860871076583862,0.9552000761032104,0.6582239866256714,0.7210196256637573,-0.635546863079071,0.9689767360687256,0.7411154508590698,0.7263057231903076,-0.6367400288581848,0.7141072154045105,0.6861358880996704,0.7052446007728577,-0.7026504874229431,0.8169749975204468,0.7316626310348511,0.7148659825325012,-0.5621849298477173,0.6835803389549255,0.6912804841995239,0.694821298122406,-0.6359130144119263,0.7890658378601074,0.7417184710502625,0.7214595079421997,-0.5604454874992371,0.6988795399665833,0.6862127780914307,0.7035580277442932,-0.6218172311782837,0.7989832758903503,0.8501452207565308,1.0793073177337646,-0.0653952956199646,0.3086182773113251,0.7120389938354492,1.0800926685333252,0.0672701820731163,0.2984180748462677,0.8399521708488464,1.3539928197860718,0.0929066389799118,0.029473671689629555,0.7179247736930847,1.3626469373703003,0.30024564266204834,0.02041948400437832,0.8473979830741882,1.5875836610794067,0.45433902740478516,0.00692757498472929,0.7147840261459351,1.6072674989700317,0.6261872053146362,0.0023116227239370346,0.8584423065185547,1.6236573457717896,0.4765194356441498,0.005599736236035824,0.7164331078529358,1.6448863744735718,0.6538916826248169,0.005036874674260616,0.8144855499267578,1.67253839969635,0.20049205422401428,0.002418790478259325,0.725923478603363,1.6964564323425293,0.36791372299194336,0.005628020036965609
0.7317648530006409,0.6024178266525269,-0.39858508110046387,0.9999369382858276,0.7463006377220154,0.5759719610214233,-0.3866102695465088,0.9998592138290405,0.7564085721969604,0.5739873051643372,-0.3865705132484436,0.9998666048049927,0.76578688621521,0.5728633999824524,-0.38648557662963867,0.99985671043396,0.7244616150856018,0.5837369561195374,-0.36091992259025574,0.9998492002487183,0.718806266784668,0.5868593454360962,-0.36049073934555054,0.9998616576194763,0.71259605884552,0.5906208157539368,-0.36062946915626526,0.9998549818992615,0.7864946722984314,0.5865252017974854,-0.2022518366575241,0.9999193549156189,0.710579514503479,0.6079147458076477,-0.11457810550928116,0.9998824000358582,0.7538597583770752,0.6247029900550842,-0.341978520154953,0.9999467730522156,0.7246636152267456,0.6329459547996521,-0.3091978132724762,0.9999132752418518,0.8607460260391235,0.711254894733429,-0.17337507009506226,0.9992893934249878,0.684431791305542,0.7460744976997375,-0.0010407341178506613,0.9994992017745972,0.9496322870254517,0.8243520855903625,-0.4589795470237732,0.9967986345291138,0.5835621356964111,0.8632623553276062,-0.2950262129306793,0.9956434369087219,0.7838449478149414,0.7330296635627747,-0.5540813207626343,0.9580640196800232,0.6466720104217529,0.7307115197181702,-0.6575813293457031,0.9675893187522888,0.7418202757835388,0.7215622663497925,-0.5995632410049438,0.7338497638702393,0.6608153581619263,0.7056524753570557,-0.7336674928665161,0.8225098252296448,0.7328929305076599,0.7130233645439148,-0.5298391580581665,0.7056061029434204,0.6642340421676636,0.6970251202583313,-0.6854444742202759,0.7961544990539551,0.7428358793258667,0.7191208004951477,-0.5299113988876343,0.7195284366607666,0.6619356870651245,0.7031399011611938,-0.6542231440544128,0.8058993816375732,0.8432227373123169,1.0774611234664917,-0.06370256096124649,0.3161216080188751,0.7077327370643616,1.0763144493103027,0.06554486602544785,0.3100306987762451,0.8357254266738892,1.346297025680542,0.07856083661317825,0.028193695470690727,0.7146096229553223,1.3565412759780884,0.25803640484809875,0.019079741090536118,0.8410382270812988,1.5799598693847656,0.4249974191188812,0.006606938783079386,0.7114081978797913,1.5999178886413574,0.5254420638084412,0.002155760768800974,0.8510854840278625,1.6137864589691162,0.4416411519050598,0.0053229681216180325,0.7129050493240356,1.6355544328689575,0.5453420877456665,0.004706321284174919,0.810108482837677,1.665108323097229,0.1511918604373932,0.0022941711358726025,0.7155977487564087,1.6882396936416626,0.3079282343387604,0.005296656396239996
0.7307182550430298,0.6038671135902405,-0.4084011912345886,0.9999147057533264,0.745093584060669,0.576978862285614,-0.39512982964515686,0.9998252391815186,0.7551277875900269,0.5749828815460205,-0.3951208293437958,0.9998356699943542,0.7645223140716553,0.5737919211387634,-0.39506596326828003,0.9998255968093872,0.7235167026519775,0.5843574404716492,-0.37074434757232666,0.9998161792755127,0.7177640795707703,0.5873739123344421,-0.37031739950180054,0.9998231530189514,0.7113059759140015,0.5910462141036987,-0.37049657106399536,0.9998140931129456,0.7855842709541321,0.5865777134895325,-0.2300066202878952,0.999901294708252,0.7079771757125854,0.6081661581993103,-0.11731746047735214,0.9998343586921692,0.7520306706428528,0.6260918974876404,-0.3506224751472473,0.9999361634254456,0.7233890891075134,0.6342686414718628,-0.31535083055496216,0.9998911023139954,0.8603209257125854,0.7055068612098694,-0.20378747582435608,0.9992681741714478,0.6844221353530884,0.7403535842895508,0.012628975324332714,0.9994997978210449,0.9422538876533508,0.8220018148422241,-0.45839524269104004,0.9967049360275269,0.585741400718689,0.8586679697036743,-0.2738697826862335,0.9949306845664978,0.7822179198265076,0.7276450395584106,-0.565038800239563,0.9603457450866699,0.6422370672225952,0.7328469753265381,-0.674771785736084,0.9678815007209778,0.739214301109314,0.7192333340644836,-0.6094743013381958,0.7494604587554932,0.6516753435134888,0.7044294476509094,-0.7507660984992981,0.8298605680465698,0.7328755259513855,0.7124655246734619,-0.5467239022254944,0.7224339842796326,0.6576052308082581,0.6953214406967163,-0.7076612114906311,0.8044710159301758,0.7423613667488098,0.7177218198776245,-0.5420262217521667,0.7360519766807556,0.6566659808158875,0.7044505476951599,-0.6745429635047913,0.8147238492965698,0.8396956324577332,1.0664100646972656,-0.07097405940294266,0.35512083768844604,0.7075867652893066,1.065049409866333,0.0726085901260376,0.35268089175224304,0.8344811201095581,1.3258332014083862,0.07662013173103333,0.0274699404835701,0.7135493159294128,1.3371788263320923,0.28615039587020874,0.018292969092726707,0.839902400970459,1.5637749433517456,0.4100726246833801,0.006274264305830002,0.7112072110176086,1.5826472043991089,0.5811615586280823,0.002074204385280609,0.8507494926452637,1.599493384361267,0.42156022787094116,0.005080690607428551,0.712982177734375,1.619507908821106,0.6047343611717224,0.004537041299045086,0.8054186701774597,1.6451563835144043,0.13240893185138702,0.0021833714563399553,0.7096103429794312,1.6664546728134155,0.3427536189556122,0.005088120698928833
0.7305386066436768,0.6062398552894592,-0.4089173376560211,0.9998765587806702,0.7449183464050293,0.5798391103744507,-0.3958692252635956,0.9997754096984863,0.7550822496414185,0.5781553387641907,-0.39591553807258606,0.9997897744178772,0.7645286917686462,0.5770713686943054,-0.39590972661972046,0.9997822046279907,0.7231317758560181,0.5859066843986511,-0.3712748885154724,0.9997614026069641,0.7174335718154907,0.5884206295013428,-0.3708648681640625,0.9997562766075134,0.7110545039176941,0.5916415452957153,-0.37106773257255554,0.9997453093528748,0.7852905988693237,0.5872004628181458,-0.24054114520549774,0.999876081943512,0.7072601914405823,0.6083868145942688,-0.11708167940378189,0.9997687339782715,0.7517284750938416,0.6303777098655701,-0.3511998951435089,0.9999209642410278,0.7230581045150757,0.6360121369361877,-0.31552475690841675,0.9998592734336853,0.8598759770393372,0.7015570998191833,-0.21588313579559326,0.9992196559906006,0.6861317157745361,0.7363138198852539,0.02460683509707451,0.9994924068450928,0.9305704832077026,0.829290509223938,-0.4590643346309662,0.9964933395385742,0.5886338949203491,0.8550887703895569,-0.22112944722175598,0.9940371513366699,0.7796452045440674,0.7246040105819702,-0.5681873559951782,0.9624045491218567,0.6346201300621033,0.7269262671470642,-0.6001244783401489,0.9675732851028442,0.7398282289505005,0.7145929336547852,-0.6102688908576965,0.7642095685005188,0.6394375562667847,0.7000334858894348,-0.6670275926589966,0.8344457745552063,0.7334367036819458,0.7055894732475281,-0.55214524269104,0.7380502820014954,0.6425190567970276,0.6922687888145447,-0.6512877345085144,0.8092091083526611,0.7422645688056946,0.7116402983665466,-0.5463292598724365,0.7513173818588257,0.6498336791992188,0.7007516026496887,-0.6085259318351746,0.8204943537712097,0.8391526341438293,1.054459571838379,-0.0749233290553093,0.3930727541446686,0.708270251750946,1.0528457164764404,0.0763741061091423,0.3942180275917053,0.8349767923355103,1.3101309537887573,0.07180313766002655,0.026361150667071342,0.7142652869224548,1.3203380107879639,0.3059254288673401,0.017544537782669067,0.8401101231575012,1.5465521812438965,0.3910570442676544,0.005964597687125206,0.7126335501670837,1.5659852027893066,0.6173601746559143,0.002073506824672222,0.8508448600769043,1.5809409618377686,0.4051547944545746,0.004846728406846523,0.7137836217880249,1.601932168006897,0.6434496641159058,0.004519032780081034,0.8069677352905273,1.6290404796600342,0.13016459345817566,0.002094910480082035,0.7127683162689209,1.6503459215164185,0.38211768865585327,0.005090934224426746
0.7308648824691772,0.6067730784416199,-0.3671617805957794,0.9998572468757629,0.7452030777931213,0.5800254344940186,-0.3582920432090759,0.9997501373291016,0.7552603483200073,0.578462541103363,-0.35841915011405945,0.9997702240943909,0.764660120010376,0.5774781703948975,-0.3584670126438141,0.9997625350952148,0.7233241200447083,0.5859807133674622,-0.33550867438316345,0.999728798866272,0.717494010925293,0.5884925723075867,-0.33511704206466675,0.9997171759605408,0.711028516292572,0.5916852355003357,-0.3353351056575775,0.9996963143348694,0.7850914001464844,0.5871762037277222,-0.22476236522197723,0.9998655915260315,0.7065925002098083,0.6084310412406921,-0.10704314708709717,0.9997223615646362,0.7520701289176941,0.6312252283096313,-0.31361883878707886,0.9999089241027832,0.7231204509735107,0.6371442675590515,-0.28216415643692017,0.9998298287391663,0.8562194108963013,0.6956243515014648,-0.19719776511192322,0.9992119669914246,0.6862139105796814,0.7299536466598511,0.017338192090392113,0.9994632601737976,0.9173272848129272,0.8260993957519531,-0.4123503267765045,0.9961140155792236,0.6095568537712097,0.8499128222465515,-0.2499113827943802,0.9908781051635742,0.7742097973823547,0.7200239896774292,-0.5253819823265076,0.9644016027450562,0.6321743726730347,0.7213424444198608,-0.6362633109092712,0.9639114141464233,0.7392762899398804,0.6957405209541321,-0.563139021396637,0.780423104763031,0.6383203268051147,0.6982372403144836,-0.7060357928276062,0.8341283798217773,0.7333592772483826,0.6838163137435913,-0.5259126424789429,0.7560056447982788,0.6408308744430542,0.69028639793396,-0.6837754249572754,0.8093882203102112,0.7415027618408203,0.6932464241981506,-0.5082494020462036,0.7682785391807556,0.642168402671814,0.6992349624633789,-0.6446133852005005,0.8222153782844543,0.8351684808731079,1.0382076501846313,-0.06967297196388245,0.4267362654209137,0.7086274027824402,0.98959881067276,0.07093647122383118,0.42973095178604126,0.835128903388977,1.2890266180038452,0.060618817806243896,0.025326590985059738,0.7145049571990967,1.3002488613128662,0.2767700254917145,0.016826627776026726,0.8394325375556946,1.5228215456008911,0.3427775502204895,0.005621328484266996,0.7135382890701294,1.5427565574645996,0.5438753366470337,0.002025393070653081,0.8491126298904419,1.5527514219284058,0.35824307799339294,0.004558135289698839,0.7141903638839722,1.5757114887237549,0.5649449229240417,0.004378713201731443,0.8085241317749023,1.6066828966140747,0.10848914086818695,0.001987763913348317,0.7145284414291382,1.6269066333770752,0.34155282378196716,0.004857481457293034
0.7310503721237183,0.6063387393951416,-0.2685151696205139,0.9998630285263062,0.7454196810722351,0.5796078443527222,-0.25501781702041626,0.9997599124908447,0.7554036974906921,0.578062891960144,-0.255015105009079,0.9997808933258057,0.7647634744644165,0.5771286487579346,-0.254940927028656,0.9997736811637878,0.7234942317008972,0.5858632326126099,-0.23330609500408173,0.9997368454933167,0.7176210284233093,0.5882940292358398,-0.23291876912117004,0.9997243881225586,0.711164116859436,0.5912310481071472,-0.23314280807971954,0.9997007250785828,0.7849407196044922,0.5866061449050903,-0.1345045566558838,0.9998708963394165,0.7067921757698059,0.6077030301094055,-0.023349154740571976,0.9997241497039795,0.7522729635238647,0.6305775046348572,-0.22275540232658386,0.999906599521637,0.7233277559280396,0.6364970803260803,-0.19266217947006226,0.9998195171356201,0.8533061742782593,0.6890308856964111,-0.14612291753292084,0.9992108345031738,0.6889075040817261,0.7266141176223755,0.05171511694788933,0.9994276762008667,0.8992501497268677,0.8166847825050354,-0.40128907561302185,0.9954110383987427,0.6164778470993042,0.8444011211395264,-0.23888567090034485,0.9847375750541687,0.7543467283248901,0.7017653584480286,-0.5111891031265259,0.9670343399047852,0.6351764798164368,0.7137765884399414,-0.6073875427246094,0.9603213667869568,0.7215315103530884,0.6746752262115479,-0.545709490776062,0.7987514138221741,0.6396366953849792,0.6847870349884033,-0.6706997156143188,0.8354183435440063,0.7125059366226196,0.6651260852813721,-0.4955332279205322,0.7765029668807983,0.6423044204711914,0.6809709668159485,-0.6582736968994141,0.8120615482330322,0.7223466634750366,0.6732629537582397,-0.4917638301849365,0.7876095771789551,0.6440085768699646,0.6896432638168335,-0.6184788942337036,0.8263664841651917,0.8362480998039246,1.0315378904342651,-0.0631270781159401,0.4307275712490082,0.7089955806732178,1.0138399600982666,0.06472102552652359,0.4388178884983063,0.8360400199890137,1.2859185934066772,0.029197365045547485,0.023095406591892242,0.7149685621261597,1.2949069738388062,0.18635283410549164,0.015297775156795979,0.8410614728927612,1.5179020166397095,0.2796270251274109,0.005084406118839979,0.7151545882225037,1.5352494716644287,0.3782981038093567,0.0018343431875109673,0.8506900668144226,1.5484027862548828,0.29339635372161865,0.004123199265450239,0.7165973782539368,1.568271279335022,0.3918584883213043,0.003958437591791153,0.8103671073913574,1.5994681119918823,0.055430807173252106,0.0018049684586003423,0.7174605131149292,1.6182560920715332,0.1540994495153427,0.0044029164128005505
0.7312445640563965,0.6060827970504761,-0.3153931200504303,0.999864935874939,0.7455329895019531,0.5792800784111023,-0.30008310079574585,0.9997627139091492,0.755504846572876,0.5777978301048279,-0.3000714182853699,0.9997850656509399,0.7648215889930725,0.5769065022468567,-0.2999977171421051,0.9997774958610535,0.7235586047172546,0.5856097340583801,-0.2794349789619446,0.9997382164001465,0.7176533937454224,0.5881233215332031,-0.2790564000606537,0.9997249841690063,0.7112167477607727,0.5911598205566406,-0.27925628423690796,0.9996985197067261,0.7848116755485535,0.5865386724472046,-0.14650852978229523,0.9998729228973389,0.7069907784461975,0.6076396107673645,-0.05413021892309189,0.9997239708900452,0.752458930015564,0.630176842212677,-0.26409581303596497,0.9999062418937683,0.7233554124832153,0.6360853314399719,-0.23480315506458282,0.9998167753219604,0.8514578938484192,0.6869300603866577,-0.15877965092658997,0.9992243647575378,0.6908077597618103,0.7263832092285156,0.03306275233626366,0.9994375109672546,0.896957516670227,0.8120877146720886,-0.409313827753067,0.9950910806655884,0.6140416264533997,0.841064453125,-0.2471887171268463,0.983534574508667,0.7510883808135986,0.6953885555267334,-0.5122995972633362,0.9692721366882324,0.6177542209625244,0.7071604132652283,-0.6217683553695679,0.9609178900718689,0.7181123495101929,0.6706075668334961,-0.5493558645248413,0.8142106533050537,0.62211012840271,0.6767041683197021,-0.690018355846405,0.8424084782600403,0.7092458605766296,0.6609721779823303,-0.5014075636863708,0.7937055826187134,0.6254379749298096,0.673200786113739,-0.665332555770874,0.8204274773597717,0.7192208170890808,0.6687647104263306,-0.4942750930786133,0.8039531111717224,0.6269776225090027,0.6822150945663452,-0.6300481557846069,0.8351517915725708,0.8310702443122864,1.0018786191940308,-0.059520237147808075,0.4437065124511719,0.7092569470405579,1.0194045305252075,0.06106352061033249,0.45681801438331604,0.8362285494804382,1.2771804332733154,0.03387914597988129,0.021177759394049644,0.7146852612495422,1.2857729196548462,0.19743043184280396,0.013992032036185265,0.8412027359008789,1.504945158958435,0.3080335259437561,0.004629611968994141,0.7155517339706421,1.521574854850769,0.42288655042648315,0.0016713117947801948,0.850764274597168,1.5342150926589966,0.3231089413166046,0.003762910608202219,0.7168976664543152,1.5530749559402466,0.4398065507411957,0.003600837429985404,0.8110231161117554,1.586978793144226,0.05872880667448044,0.0016471582930535078,0.7182730436325073,1.6047008037567139,0.19035866856575012,0.004014064557850361
0.7326335310935974,0.6060001850128174,-0.2958163917064667,0.999871551990509,0.7467044591903687,0.5791066288948059,-0.2835625410079956,0.9997748732566833,0.7564589381217957,0.5775882005691528,-0.28354185819625854,0.9997974634170532,0.7655057311058044,0.576720654964447,-0.2834927439689636,0.9997895956039429,0.7243297696113586,0.5854032039642334,-0.26076358556747437,0.9997518062591553,0.7182773351669312,0.5879093408584595,-0.26038166880607605,0.9997388124465942,0.7117049098014832,0.5909799337387085,-0.26058587431907654,0.9997112154960632,0.784817099571228,0.5864517688751221,-0.15069539844989777,0.9998806118965149,0.7071456909179688,0.6073983907699585,-0.039041001349687576,0.9997372031211853,0.7529712915420532,0.6297387480735779,-0.2472876012325287,0.9999085068702698,0.7241953611373901,0.6357765793800354,-0.21536095440387726,0.9998209476470947,0.849422812461853,0.6865623593330383,-0.1699220836162567,0.9992295503616333,0.6924187541007996,0.724871814250946,0.054970502853393555,0.9994432330131531,0.8762934803962708,0.8090569376945496,-0.4407345652580261,0.9949252605438232,0.6135179400444031,0.839148759841919,-0.247317835688591,0.9818891882896423,0.7381442189216614,0.6827541589736938,-0.5170835256576538,0.9709912538528442,0.6267226338386536,0.7093004584312439,-0.6243139505386353,0.9582148194313049,0.7011579275131226,0.6573892831802368,-0.5502098798751831,0.8269373178482056,0.6285504698753357,0.6714766025543213,-0.6927642822265625,0.8416242599487305,0.690069317817688,0.6483569741249084,-0.5045236945152283,0.807902455329895,0.6392859220504761,0.6664190292358398,-0.6584308743476868,0.8202764391899109,0.7028299570083618,0.6555747985839844,-0.4994357228279114,0.8173590898513794,0.640295147895813,0.6786110997200012,-0.6289476156234741,0.8367695212364197,0.8270782232284546,0.9941943287849426,-0.06600089371204376,0.4708840250968933,0.7093859314918518,1.0241307020187378,0.06756184995174408,0.4873456358909607,0.8336749076843262,1.2791340351104736,0.029775355011224747,0.020575685426592827,0.7131913900375366,1.285859227180481,0.20208518207073212,0.013111883774399757,0.8388732671737671,1.508415937423706,0.2818353474140167,0.004342725034803152,0.7150648832321167,1.5232678651809692,0.4426359236240387,0.001562231802381575,0.849819540977478,1.5419557094573975,0.29565346240997314,0.003571772715076804,0.7169438600540161,1.5580735206604004,0.4591519236564636,0.0033537703566253185,0.8004781603813171,1.5862829685211182,0.05477961152791977,0.0015466184122487903,0.7119585275650024,1.6035293340682983,0.21046173572540283,0.0037127335090190172
0.7327916026115417,0.6055693030357361,-0.3070714771747589,0.9998796582221985,0.7467583417892456,0.57893967628479,-0.29209765791893005,0.9997906684875488,0.7564970254898071,0.577494740486145,-0.29213136434555054,0.9998118281364441,0.7655253410339355,0.576689600944519,-0.29209309816360474,0.9998051524162292,0.7245814204216003,0.585171103477478,-0.2691028416156769,0.9997692108154297,0.7186613082885742,0.5877673029899597,-0.26874321699142456,0.9997553825378418,0.7122542858123779,0.5909469127655029,-0.26892709732055664,0.9997283816337585,0.7847235202789307,0.5860910415649414,-0.15465711057186127,0.9998898506164551,0.7082563042640686,0.6071023941040039,-0.03792256861925125,0.9997521042823792,0.7530943155288696,0.6294295191764832,-0.2567201554775238,0.9999130964279175,0.7245355844497681,0.6354896426200867,-0.2242923229932785,0.9998267889022827,0.8495711088180542,0.685775876045227,-0.22310754656791687,0.9992641806602478,0.6992207765579224,0.7252992987632751,0.06692782789468765,0.999412477016449,0.8543809652328491,0.7827413082122803,-0.5151507258415222,0.9950700998306274,0.617281436920166,0.8354861736297607,-0.25100070238113403,0.9811857342720032,0.6987759470939636,0.6573736667633057,-0.5624319314956665,0.9733701944351196,0.6331452131271362,0.7105915546417236,-0.654779851436615,0.9544686675071716,0.663446307182312,0.6404030919075012,-0.6069422960281372,0.8411579728126526,0.6315184831619263,0.6658124923706055,-0.7314399480819702,0.8362714052200317,0.6529279351234436,0.6325485706329346,-0.5600975751876831,0.8236746788024902,0.6346902251243591,0.6612910032272339,-0.6941896677017212,0.8160708546638489,0.6647335290908813,0.6400127410888672,-0.5443600416183472,0.8325242400169373,0.6377464532852173,0.6770915389060974,-0.6606606841087341,0.8358335494995117,0.8284820318222046,0.9983291625976562,-0.07967571169137955,0.5077966451644897,0.719084620475769,1.0255608558654785,0.08120536804199219,0.523202657699585,0.8400678634643555,1.28202486038208,0.03131570667028427,0.019221145659685135,0.7196816205978394,1.2901837825775146,0.2969246506690979,0.01213929895311594,0.8516446352005005,1.511121153831482,0.2965713143348694,0.003970700781792402,0.7284032106399536,1.523539423942566,0.5548326969146729,0.0014327694661915302,0.8670350313186646,1.547864317893982,0.3090818524360657,0.0033173977863043547,0.7326270937919617,1.5598219633102417,0.5755206346511841,0.003088223049417138,0.8042564392089844,1.5822690725326538,0.08347243070602417,0.0014206935884431005,0.7177801728248596,1.600287675857544,0.3493351340293884,0.0034108611289411783
0.737055778503418,0.6035106778144836,-0.2659328579902649,0.9998864531517029,0.7506763935089111,0.5745347142219543,-0.2560966908931732,0.999804675579071,0.7602056264877319,0.5720815062522888,-0.2561434805393219,0.9998243451118469,0.7693262696266174,0.5704071521759033,-0.256032258272171,0.9998189210891724,0.7283959984779358,0.5826197862625122,-0.2241334617137909,0.9997861981391907,0.7225483059883118,0.5853869318962097,-0.22383365035057068,0.9997714161872864,0.7167156338691711,0.5885169506072998,-0.22399361431598663,0.9997462630271912,0.7864353656768799,0.5795593857765198,-0.15040382742881775,0.9998983144760132,0.7191261053085327,0.602726399898529,0.006138213910162449,0.9997654557228088,0.75829017162323,0.6268506646156311,-0.22835686802864075,0.9999129176139832,0.7290642857551575,0.6316167712211609,-0.18387633562088013,0.9998184442520142,0.8470202684402466,0.6845942139625549,-0.2651898264884949,0.9992489218711853,0.7178137898445129,0.7267948985099792,0.15565039217472076,0.9992892742156982,0.7899582386016846,0.7113807797431946,-0.5362600088119507,0.9951199293136597,0.617768406867981,0.8221035003662109,-0.10422021150588989,0.9685341715812683,0.6337038278579712,0.6131202578544617,-0.45057782530784607,0.973228931427002,0.6364151239395142,0.7254294157028198,-0.5269607901573181,0.9128076434135437,0.579814076423645,0.591496467590332,-0.48958125710487366,0.8429092764854431,0.6351433992385864,0.7001778483390808,-0.5955965518951416,0.7949604988098145,0.5738693475723267,0.583191990852356,-0.4478147029876709,0.8274273872375488,0.6409754753112793,0.686658501625061,-0.5560231804847717,0.7791443467140198,0.5817495584487915,0.591162919998169,-0.43440014123916626,0.8360946774482727,0.6433065533638,0.6978721022605896,-0.5333625078201294,0.8020980358123779,0.8435714840888977,1.0371860265731812,-0.10968123376369476,0.5230218768119812,0.7315155267715454,1.0438365936279297,0.11129570007324219,0.5445563793182373,0.8416549563407898,1.2983287572860718,-0.06566561013460159,0.018508080393075943,0.7318658232688904,1.3022884130477905,0.27438682317733765,0.011803179048001766,0.8545892834663391,1.5339515209197998,0.15898028016090393,0.0036306465044617653,0.7381303906440735,1.5467952489852905,0.45837339758872986,0.0013180534588173032,0.8703582882881165,1.57537043094635,0.16934457421302795,0.0030532467644661665,0.743096649646759,1.5883299112319946,0.46970242261886597,0.002861735876649618,0.8055456876754761,1.5871577262878418,-0.05811821296811104,0.0013166595017537475,0.7190470695495605,1.6057201623916626,0.2666454315185547,0.003136333078145981
0.7431668639183044,0.5977560877799988,-0.24030545353889465,0.9998908042907715,0.7543635368347168,0.5689830183982849,-0.2380324900150299,0.9998140931129456,0.7625946402549744,0.5657263398170471,-0.2381250113248825,0.9998350143432617,0.7713149785995483,0.5629055500030518,-0.23815135657787323,0.999829113483429,0.7356868386268616,0.578383207321167,-0.20092594623565674,0.9998001456260681,0.730544924736023,0.5814902782440186,-0.20090296864509583,0.9997862577438354,0.7255570292472839,0.5848621129989624,-0.20109161734580994,0.9997618794441223,0.7917096018791199,0.5681909918785095,-0.15497277677059174,0.9999052286148071,0.7340334057807922,0.5966175198554993,0.009791355580091476,0.9997832179069519,0.7657991051673889,0.6197353005409241,-0.2112503945827484,0.9999045729637146,0.7417093515396118,0.6244087219238281,-0.16100534796714783,0.9997992515563965,0.8471392393112183,0.66804039478302,-0.27823859453201294,0.9991848468780518,0.7499347925186157,0.7253597974777222,0.1943913996219635,0.9991320371627808,0.750015139579773,0.5956903696060181,-0.5002750158309937,0.9948850870132446,0.6542996764183044,0.790108859539032,0.06759922206401825,0.9335690140724182,0.5920674204826355,0.5904045701026917,-0.2974061369895935,0.9585781693458557,0.6588254570960999,0.7260981798171997,-0.19601169228553772,0.8498349785804749,0.5457209348678589,0.5749471783638,-0.33174699544906616,0.8167585134506226,0.6523764133453369,0.7025706171989441,-0.24447421729564667,0.739271879196167,0.5410847067832947,0.5704537630081177,-0.3024996817111969,0.8059674501419067,0.6576400995254517,0.6939630508422852,-0.21370074152946472,0.7268263697624207,0.5532460808753967,0.5792078375816345,-0.28553149104118347,0.8127557635307312,0.6668742299079895,0.7039402723312378,-0.2016230821609497,0.7467455267906189,0.8547676801681519,1.04689359664917,-0.13905639946460724,0.5503444075584412,0.7691921591758728,1.0471528768539429,0.13962595164775848,0.5766071677207947,0.8120275735855103,1.2191282510757446,-0.07316602021455765,0.05906723439693451,0.7302240133285522,1.2393512725830078,0.27256160974502563,0.04669247195124626,0.820925235748291,1.4768494367599487,0.17752955853939056,0.01827574521303177,0.7363302707672119,1.4973264932632446,0.40411049127578735,0.012585614807903767,0.8453401327133179,1.532262921333313,0.19638779759407043,0.021522508934140205,0.748927891254425,1.5429574251174927,0.41448646783828735,0.015665017068386078,0.7449092864990234,1.511720061302185,-0.03290947899222374,0.014674517326056957,0.6856106519699097,1.5526633262634277,0.27773386240005493,0.012400642968714237
0.7479828596115112,0.595528781414032,-0.15537217259407043,0.9998957514762878,0.7581948041915894,0.5671369433403015,-0.16297733783721924,0.999824583530426,0.7657926678657532,0.5638014674186707,-0.16306456923484802,0.9998456835746765,0.7740105986595154,0.5609531998634338,-0.1631494164466858,0.9998400211334229,0.7414131164550781,0.5759386420249939,-0.12207317352294922,0.9998134970664978,0.736941933631897,0.5784257650375366,-0.12208995968103409,0.9997991919517517,0.732750415802002,0.5810964703559875,-0.12220233678817749,0.9997770190238953,0.7952805757522583,0.5647112727165222,-0.13095316290855408,0.9999114871025085,0.7431978583335876,0.5901975035667419,0.06034722179174423,0.9998010396957397,0.7710315585136414,0.6169182062149048,-0.1382894515991211,0.999893844127655,0.7492353916168213,0.6209735870361328,-0.08325796574354172,0.999782383441925,0.8472422361373901,0.6596285700798035,-0.25669342279434204,0.9991543889045715,0.7621586918830872,0.7177645564079285,0.25895407795906067,0.9990794062614441,0.7336099147796631,0.6392401456832886,-0.4451304078102112,0.9944749474525452,0.6632484793663025,0.7703030705451965,0.2837366461753845,0.8968560695648193,0.5802125930786133,0.5802999138832092,-0.24392874538898468,0.950623095035553,0.6581051349639893,0.7234031558036804,0.20155949890613556,0.7965592741966248,0.5562015771865845,0.554774284362793,-0.27781134843826294,0.8090295791625977,0.6518505811691284,0.698866605758667,0.1835944503545761,0.6944500207901001,0.5271916389465332,0.5588343739509583,-0.2515559792518616,0.8017330169677734,0.6568120121955872,0.6929202675819397,0.19999000430107117,0.6858591437339783,0.5845763683319092,0.575907289981842,-0.23330633342266083,0.8062724471092224,0.6664240956306458,0.7018885016441345,0.19569240510463715,0.7033342123031616,0.8592421412467957,1.046002984046936,-0.15478910505771637,0.5807156562805176,0.7915917634963989,1.0474629402160645,0.1551685780286789,0.6109554767608643,0.7892948389053345,1.1269659996032715,-0.15958330035209656,0.09646740555763245,0.7276095747947693,1.1839079856872559,0.21569232642650604,0.07803749293088913,0.8099428415298462,1.398242712020874,0.06906135380268097,0.03408559411764145,0.7386201024055481,1.430467128753662,0.3364589810371399,0.02278785966336727,0.8369442820549011,1.4540019035339355,0.09091360121965408,0.04968711733818054,0.7562797665596008,1.4730194807052612,0.3465474247932434,0.02807983011007309,0.7404580116271973,1.435977816581726,0.0004324101028032601,0.03535173833370209,0.6791714429855347,1.4817755222320557,0.2772335410118103,0.02232632413506508
0.7521814107894897,0.591904878616333,-0.11303011327981949,0.9998919367790222,0.7608432173728943,0.5646013021469116,-0.11441633850336075,0.9998237490653992,0.7682820558547974,0.5611093044281006,-0.1145082488656044,0.9998470544815063,0.7762903571128845,0.5579396486282349,-0.11466225236654282,0.9998427629470825,0.7450830340385437,0.5727034211158752,-0.08167102187871933,0.9998148083686829,0.741017758846283,0.5744032263755798,-0.08164354413747787,0.9997955560684204,0.7373082041740417,0.5761902928352356,-0.08170715719461441,0.99977707862854,0.7987263202667236,0.5579324960708618,-0.06857286393642426,0.9999082088470459,0.7483173608779907,0.5807380080223083,0.08680910617113113,0.999807596206665,0.7760894894599915,0.6116780638694763,-0.09031195938587189,0.999860405921936,0.7554134726524353,0.6149013638496399,-0.046085942536592484,0.9997098445892334,0.8485625386238098,0.6521742343902588,-0.19675613939762115,0.9989441633224487,0.7673767805099487,0.7057906985282898,0.2697168290615082,0.998431921005249,0.7292340397834778,0.6320545673370361,-0.3333345651626587,0.9931975603103638,0.674127995967865,0.7496524453163147,0.35521867871284485,0.8395357131958008,0.5958311557769775,0.5644622445106506,-0.16841116547584534,0.9388226866722107,0.6489428877830505,0.7000337839126587,0.33768075704574585,0.7347750067710876,0.5645710825920105,0.5457668900489807,-0.19479551911354065,0.7977918982505798,0.6392017602920532,0.6744967103004456,0.3350014388561249,0.6430090665817261,0.5717555284500122,0.5507106781005859,-0.16516132652759552,0.7929847240447998,0.641472578048706,0.6690160632133484,0.33443528413772583,0.6365180015563965,0.5919168591499329,0.566642701625824,-0.15661071240901947,0.7966492176055908,0.650795578956604,0.6796996593475342,0.3287390470504761,0.6531859040260315,0.8600655794143677,1.0416381359100342,-0.14199475944042206,0.5963207483291626,0.7999714612960815,1.0473424196243286,0.1422790288925171,0.624250054359436,0.7747778296470642,0.9921590089797974,-0.16895940899848938,0.14028334617614746,0.7017521858215332,1.1014381647109985,0.16976703703403473,0.09726866334676743,0.781842052936554,1.244705080986023,0.014518323354423046,0.052610136568546295,0.7213793992996216,1.2986087799072266,0.26237359642982483,0.028668491169810295,0.8053597211837769,1.2974624633789062,0.034852929413318634,0.07695885002613068,0.7448015809059143,1.3359111547470093,0.27234911918640137,0.03864245489239693,0.7168281674385071,1.2778674364089966,-0.005942449439316988,0.0528336837887764,0.6548148393630981,1.335795521736145,0.22756502032279968,0.02812570333480835
0.7544453740119934,0.5835735201835632,-0.09698546677827835,0.9998913407325745,0.7631117105484009,0.5563379526138306,-0.10855396836996078,0.9998273849487305,0.7705153226852417,0.5526915788650513,-0.10867585241794586,0.9998528957366943,0.7784984111785889,0.5492033362388611,-0.10881954431533813,0.9998488426208496,0.7484968304634094,0.5634445548057556,-0.06674335896968842,0.9998210668563843,0.7449918985366821,0.5646156072616577,-0.066740483045578,0.9998018145561218,0.7417488694190979,0.5658596158027649,-0.06682443618774414,0.9997851252555847,0.8024999499320984,0.5466569662094116,-0.08793922513723373,0.9999117255210876,0.7576309442520142,0.5656766891479492,0.10335676372051239,0.9998205304145813,0.7784825563430786,0.600706160068512,-0.08323309570550919,0.9998394250869751,0.7594801187515259,0.6045764684677124,-0.027230197563767433,0.9996639490127563,0.854293704032898,0.6426226496696472,-0.20938777923583984,0.9988775253295898,0.7766408324241638,0.6930261254310608,0.2935565412044525,0.9981956481933594,0.7301021814346313,0.6276312470436096,-0.3823390603065491,0.9923612475395203,0.671235203742981,0.7616703510284424,0.3265572190284729,0.7806345820426941,0.5670546293258667,0.5664884448051453,-0.2307920902967453,0.9302472472190857,0.6345382928848267,0.7159439921379089,0.20734354853630066,0.6729688048362732,0.5306967496871948,0.5472952127456665,-0.26770687103271484,0.7902385592460632,0.6237279772758484,0.693448007106781,0.19604182243347168,0.5921924710273743,0.5481694340705872,0.5534639358520508,-0.22830672562122345,0.7879729866981506,0.6268529891967773,0.6860015392303467,0.18700063228607178,0.5881189107894897,0.5628147125244141,0.569301962852478,-0.2151905596256256,0.7885439395904541,0.6347187161445618,0.6948651075363159,0.192672461271286,0.6036739945411682,0.8622539639472961,1.0068609714508057,-0.14854298532009125,0.6223049163818359,0.8026666641235352,1.0350934267044067,0.14891034364700317,0.6501142382621765,0.7836911678314209,1.0463281869888306,-0.1992889940738678,0.1826518476009369,0.6985098719596863,1.1131641864776611,0.1500367373228073,0.11847780644893646,0.7950197458267212,1.3098393678665161,0.0038001746870577335,0.07178537547588348,0.7202423214912415,1.3373847007751465,0.27327558398246765,0.03573491424322128,0.8168109655380249,1.3630582094192505,0.023676127195358276,0.1035274937748909,0.7431689500808716,1.377977967262268,0.28452903032302856,0.047822561115026474,0.7330922484397888,1.3445384502410889,-0.051845304667949677,0.07339420169591904,0.65474534034729,1.3797887563705444,0.203528493642807,0.035659726709127426
0.7539045810699463,0.5787275433540344,-0.12441867589950562,0.9998927712440491,0.7637828588485718,0.551357626914978,-0.1326856166124344,0.9998331665992737,0.7714280486106873,0.5478231310844421,-0.13282200694084167,0.9998599290847778,0.780002236366272,0.544350802898407,-0.1329154223203659,0.9998553991317749,0.7486579418182373,0.5582292079925537,-0.09150630235671997,0.9998294711112976,0.7448540329933167,0.5595640540122986,-0.09150135517120361,0.9998121857643127,0.7410678863525391,0.5611095428466797,-0.09170586615800858,0.9997966289520264,0.8059030771255493,0.5446509122848511,-0.10246038436889648,0.9999164342880249,0.7557295560836792,0.5627452731132507,0.08871947228908539,0.9998319149017334,0.7775164246559143,0.5959110856056213,-0.1092190369963646,0.9998255968093872,0.7570841908454895,0.600454568862915,-0.05378415435552597,0.9996349811553955,0.8563606142997742,0.6401863098144531,-0.22177481651306152,0.9987739324569702,0.7683026194572449,0.6968622803688049,0.2677338123321533,0.9979826807975769,0.7333223819732666,0.6282978653907776,-0.41086190938949585,0.9920128583908081,0.6615927219390869,0.7662779092788696,0.18817980587482452,0.7605414390563965,0.570737898349762,0.5582466721534729,-0.28833699226379395,0.9237642884254456,0.6146668195724487,0.7158275246620178,-0.06275589764118195,0.636465847492218,0.5298811197280884,0.5457231998443604,-0.32567644119262695,0.7786936163902283,0.599901020526886,0.6929659247398376,-0.10055780410766602,0.5617167353630066,0.5498064756393433,0.5517688393592834,-0.2886882424354553,0.7782617807388306,0.6053348779678345,0.6840775609016418,-0.08910860121250153,0.5604286789894104,0.5658988952636719,0.565416693687439,-0.27416735887527466,0.7782884836196899,0.615946352481842,0.691893994808197,-0.07434035837650299,0.5756993293762207,0.8617609739303589,0.995853841304779,-0.13752445578575134,0.6527658700942993,0.7916939854621887,0.9898116588592529,0.1380656659603119,0.6794523000717163,0.8169760704040527,1.1235166788101196,-0.13547901809215546,0.20140565931797028,0.7321027517318726,1.1511805057525635,0.17208054661750793,0.13543495535850525,0.835329532623291,1.3769309520721436,0.05862352252006531,0.07170307636260986,0.754362165927887,1.3804481029510498,0.2880999445915222,0.037598397582769394,0.8582952618598938,1.433045506477356,0.07280679792165756,0.1044183149933815,0.7718915939331055,1.4315941333770752,0.29260557889938354,0.04885276034474373,0.7671917676925659,1.3475409746170044,-0.06182606890797615,0.07233376055955887,0.7063851356506348,1.3957412242889404,0.16681775450706482,0.03554176911711693
0.7549348473548889,0.5760513544082642,-0.09397075325250626,0.9998905062675476,0.7648633122444153,0.5485948920249939,-0.10913978517055511,0.9998352527618408,0.772284209728241,0.5450588464736938,-0.1092689260840416,0.9998632669448853,0.7807146906852722,0.5415019392967224,-0.10942958295345306,0.9998586773872375,0.7505478262901306,0.5551854968070984,-0.06793369352817535,0.9998304843902588,0.7473623752593994,0.5562213659286499,-0.0679042860865593,0.9998112916946411,0.7441797852516174,0.5575535893440247,-0.0679921880364418,0.9997988343238831,0.807529091835022,0.5399197340011597,-0.1029735654592514,0.9999160170555115,0.7642903923988342,0.5574187636375427,0.08825406432151794,0.999838650226593,0.7782789468765259,0.5931469202041626,-0.0850299820303917,0.9998148083686829,0.7596772313117981,0.5979059338569641,-0.029484767466783524,0.9995986223220825,0.8565578460693359,0.6364861130714417,-0.22152014076709747,0.9986976385116577,0.7790646553039551,0.6859903335571289,0.2577224373817444,0.9976138472557068,0.7219966053962708,0.6282223463058472,-0.3877854645252228,0.9907035231590271,0.6631088852882385,0.745727002620697,0.28595566749572754,0.7176151275634766,0.5430362224578857,0.5703960657119751,-0.24358446896076202,0.9133860468864441,0.6162273287773132,0.6849021911621094,0.17250864207744598,0.593565821647644,0.5418102145195007,0.5531538128852844,-0.2775154113769531,0.7694866061210632,0.6055899858474731,0.6545372009277344,0.15651845932006836,0.5268896222114563,0.5579627156257629,0.5576870441436768,-0.24584129452705383,0.7699462175369263,0.6092128753662109,0.6436665058135986,0.14180132746696472,0.5273653864860535,0.5188882946968079,0.5637466907501221,-0.23070473968982697,0.7686638832092285,0.6170538663864136,0.6558412909507751,0.15597806870937347,0.5427623987197876,0.8703407049179077,1.002832293510437,-0.13906458020210266,0.6756879687309265,0.8081458210945129,0.9948882460594177,0.13936613500118256,0.7023363709449768,0.8084145784378052,0.9865003824234009,-0.18915025889873505,0.2515077292919159,0.7107442021369934,1.0913524627685547,0.09495516121387482,0.16774289309978485,0.8227704167366028,1.2374595403671265,0.01011084858328104,0.10238064080476761,0.733648419380188,1.2794784307479858,0.22972747683525085,0.05015690624713898,0.8455718755722046,1.2909796237945557,0.030169527977705002,0.1394146829843521,0.7573646306991577,1.3181514739990234,0.2439517229795456,0.07106450200080872,0.7567819952964783,1.2643407583236694,-0.0367385596036911,0.09572073817253113,0.6636708974838257,1.3073018789291382,0.17839375138282776,0.04554314166307449
0.7578124403953552,0.5682776570320129,-0.1118871420621872,0.9998863339424133,0.7679020166397095,0.5404178500175476,-0.1257106363773346,0.9998350143432617,0.7751802206039429,0.5371021628379822,-0.1257655918598175,0.9998632669448853,0.783673107624054,0.533774197101593,-0.12584587931632996,0.9998597502708435,0.7541297674179077,0.5464227199554443,-0.08471612632274628,0.9998292326927185,0.7512044310569763,0.5474256277084351,-0.08464530855417252,0.9998073577880859,0.7482024431228638,0.548604428768158,-0.08464406430721283,0.9997988939285278,0.810550332069397,0.5318750143051147,-0.10909800231456757,0.9999092817306519,0.7687677145004272,0.5483796000480652,0.07523201406002045,0.9998413324356079,0.7796429991722107,0.585868775844574,-0.1019207090139389,0.9998033046722412,0.762296736240387,0.590508222579956,-0.04678363725543022,0.9995733499526978,0.8565160036087036,0.6307852864265442,-0.24605636298656464,0.9985377788543701,0.7906521558761597,0.6901702284812927,0.25273245573043823,0.9964531660079956,0.7088428735733032,0.6167662739753723,-0.39704617857933044,0.9896399974822998,0.6601285338401794,0.7147539258003235,0.3224329352378845,0.6843684911727905,0.5361039638519287,0.5683323740959167,-0.2767605185508728,0.9133508205413818,0.5696583986282349,0.6309257745742798,0.2324366569519043,0.5636391043663025,0.5167580842971802,0.5378355383872986,-0.33814966678619385,0.7778357863426208,0.5536189675331116,0.5958216786384583,0.2214207649230957,0.5060685276985168,0.5299733877182007,0.5384035110473633,-0.30908745527267456,0.7781787514686584,0.5551581978797913,0.5847851634025574,0.1903623789548874,0.5084526538848877,0.5067579746246338,0.5563422441482544,-0.26926448941230774,0.7751341462135315,0.5631317496299744,0.598739743232727,0.21041443943977356,0.5251726508140564,0.879257082939148,1.0062512159347534,-0.14853936433792114,0.6865774393081665,0.8260922431945801,1.0060577392578125,0.14865703880786896,0.7048766016960144,0.7916277050971985,0.8899301886558533,-0.23763367533683777,0.2975819706916809,0.6620798110961914,0.9516922831535339,0.1031423807144165,0.18077753484249115,0.7926164865493774,1.1111187934875488,-0.018554233014583588,0.14950281381607056,0.6758583784103394,1.1235809326171875,0.23018507659435272,0.056603044271469116,0.8148051500320435,1.1603974103927612,0.005777927115559578,0.1891353875398636,0.696991503238678,1.157269835472107,0.24472551047801971,0.08476850390434265,0.728749692440033,1.131341576576233,-0.035080283880233765,0.12993068993091583,0.6134566068649292,1.149315595626831,0.19433611631393433,0.051573995500802994
0.7615031003952026,0.5548043847084045,-0.023413075134158134,0.9998653531074524,0.772760272026062,0.5248124599456787,-0.030774328857660294,0.9998012185096741,0.780829906463623,0.521217405796051,-0.03094100020825863,0.9998342990875244,0.7902218103408813,0.5177212953567505,-0.031096797436475754,0.9998323321342468,0.7578049898147583,0.5310547947883606,0.008665557950735092,0.9998040199279785,0.7544775605201721,0.5321647524833679,0.008662974461913109,0.9997696280479431,0.7510198354721069,0.5337432026863098,0.00846122670918703,0.999777615070343,0.8161630630493164,0.5153788924217224,-0.013497832231223583,0.9998778700828552,0.7685964703559875,0.5344165563583374,0.16981925070285797,0.9998248815536499,0.7832446098327637,0.574012815952301,-0.011783907189965248,0.9997174739837646,0.7644950747489929,0.578968346118927,0.041471973061561584,0.9994323253631592,0.8589915037155151,0.6118884682655334,-0.16240228712558746,0.9982776045799255,0.7872499823570251,0.6498100161552429,0.3245527148246765,0.9964935183525085,0.7087897062301636,0.6033446192741394,-0.34434691071510315,0.9891467690467834,0.6588116884231567,0.682147741317749,0.35976389050483704,0.6712268590927124,0.5279285907745361,0.5687857270240784,-0.2481580227613449,0.9051554203033447,0.5538607239723206,0.6340934634208679,0.2373412400484085,0.5484239459037781,0.516452431678772,0.5428882241249084,-0.2827800214290619,0.7665470838546753,0.5314289331436157,0.6074541211128235,0.2223372757434845,0.4914628565311432,0.5323078632354736,0.5438050031661987,-0.25023263692855835,0.766064465045929,0.534542441368103,0.5950824022293091,0.19778908789157867,0.4951212406158447,0.5372831225395203,0.5587743520736694,-0.2353702038526535,0.7619557976722717,0.5462777018547058,0.6074925065040588,0.2163153439760208,0.5138878226280212,0.8861972093582153,0.9703590869903564,-0.13659945130348206,0.7103108167648315,0.8269596099853516,0.9909960627555847,0.13589656352996826,0.7311058044433594,0.8253297805786133,1.0103832483291626,-0.2521724998950958,0.3249783515930176,0.7090123891830444,1.0638785362243652,-0.06940048187971115,0.20406626164913177,0.8693227767944336,1.249427318572998,-0.13820555806159973,0.16060632467269897,0.7533239126205444,1.2762954235076904,-0.00870294775813818,0.06610618531703949,0.8946782350540161,1.2955576181411743,-0.12528496980667114,0.21696282923221588,0.7802764773368835,1.3098737001419067,-0.003850111272186041,0.11063775420188904,0.824454665184021,1.2938729524612427,-0.20825178921222687,0.13689130544662476,0.6810898184776306,1.3114813566207886,-0.11983658373355865,0.05728583037853241
0.763210117816925,0.5471744537353516,-0.029894795268774033,0.9998735189437866,0.7752114534378052,0.5186190009117126,-0.03857795149087906,0.9998154044151306,0.7834696173667908,0.5153442621231079,-0.03869221359491348,0.9998459219932556,0.7926611304283142,0.5124499201774597,-0.03884979709982872,0.999844491481781,0.759449303150177,0.5245369672775269,0.00307015934959054,0.9998176693916321,0.7559826970100403,0.5256936550140381,0.003083009971305728,0.9997851252555847,0.7522772550582886,0.5272045135498047,0.002946998458355665,0.9997940063476562,0.8176782727241516,0.5105887651443481,-0.02256297692656517,0.9998853802680969,0.768271803855896,0.5287149548530579,0.16942280530929565,0.9998375773429871,0.7836922407150269,0.5662328004837036,-0.019126994535326958,0.9997340440750122,0.7642978429794312,0.5724658966064453,0.03657514601945877,0.9994664788246155,0.8607058525085449,0.6094063520431519,-0.17193171381950378,0.9983464479446411,0.7838059663772583,0.6500242352485657,0.33648619055747986,0.9965588450431824,0.713412344455719,0.6037755608558655,-0.35425668954849243,0.9888743162155151,0.6574591398239136,0.6873206496238708,0.3443167507648468,0.6440098285675049,0.5297678112983704,0.5710389018058777,-0.26591116189956665,0.905476450920105,0.5525153875350952,0.6502189040184021,0.1694025695323944,0.526198148727417,0.5137496590614319,0.5433145761489868,-0.303101509809494,0.7715325951576233,0.530784547328949,0.6226112842559814,0.1507919728755951,0.4738982617855072,0.5281097888946533,0.542851984500885,-0.2677221894264221,0.7707114815711975,0.5342763662338257,0.6125367879867554,0.12448340654373169,0.47857263684272766,0.5082935094833374,0.5597600936889648,-0.25126054883003235,0.7651338577270508,0.5454753041267395,0.6242414712905884,0.14729411900043488,0.4990515112876892,0.8871127963066101,0.9729591608047485,-0.13682107627391815,0.7355800867080688,0.8360365629196167,0.9966458082199097,0.13638153672218323,0.75450199842453,0.8239446878433228,0.9576277136802673,-0.2674691677093506,0.3657186031341553,0.7151738405227661,1.0471746921539307,0.013693839311599731,0.22011743485927582,0.8629132509231567,1.2026963233947754,-0.09373709559440613,0.18880291283130646,0.7465153932571411,1.2458573579788208,0.09987644851207733,0.07546073198318481,0.8798202276229858,1.2513231039047241,-0.07393784821033478,0.25167611241340637,0.7686854600906372,1.2846219539642334,0.11054791510105133,0.13166913390159607,0.7955589294433594,1.243608832359314,-0.13716436922550201,0.15496399998664856,0.6746624708175659,1.278584599494934,0.03189077228307724,0.06432424485683441
0.7613191604614258,0.5459794998168945,-0.05517703294754028,0.9998769760131836,0.772904634475708,0.5172131061553955,-0.07526113092899323,0.9998250603675842,0.7797576785087585,0.5138562917709351,-0.07539992034435272,0.999854564666748,0.7876813411712646,0.5107957124710083,-0.07553066313266754,0.99985271692276,0.7579334378242493,0.523075520992279,-0.02386648580431938,0.9998271465301514,0.7540720701217651,0.5241251587867737,-0.023881573230028152,0.9997967481613159,0.7503939867019653,0.5255374908447266,-0.024032939225435257,0.9998061060905457,0.815848171710968,0.5066145062446594,-0.08064733445644379,0.9998922348022461,0.7709141969680786,0.5241320133209229,0.1431616246700287,0.9998496174812317,0.7784339785575867,0.5647037029266357,-0.05525399371981621,0.999739944934845,0.7633309364318848,0.5705863833427429,0.013251003809273243,0.9994834065437317,0.8609737157821655,0.6073593497276306,-0.2521316111087799,0.9983727335929871,0.7843608260154724,0.6544674634933472,0.3185127377510071,0.9967166185379028,0.698558509349823,0.5953794121742249,-0.453084796667099,0.9886717796325684,0.6541041731834412,0.6845502853393555,0.31969448924064636,0.6407650709152222,0.5149701833724976,0.5670006275177002,-0.4038175642490387,0.9101521372795105,0.5273832082748413,0.6547806262969971,0.12862437963485718,0.5184306502342224,0.47636279463768005,0.5452528595924377,-0.46335601806640625,0.7843985557556152,0.5086321234703064,0.6247731447219849,0.10660679638385773,0.46668538451194763,0.4998081624507904,0.5282842516899109,-0.4202229380607605,0.7834480404853821,0.5100149512290955,0.6118343472480774,0.07606156170368195,0.4730550944805145,0.508878767490387,0.5446457266807556,-0.3871924579143524,0.7759398221969604,0.518437922000885,0.6248515844345093,0.1037888377904892,0.49468743801116943,0.8956754803657532,0.9819467663764954,-0.15211908519268036,0.7602526545524597,0.843021035194397,1.001603603363037,0.15205809473991394,0.7782017588615417,0.8347840309143066,0.9882119297981262,-0.2597750425338745,0.40915051102638245,0.7468984723091125,1.0875188112258911,0.021286245435476303,0.25205108523368835,0.8723862767219543,1.3149254322052002,-0.03126494958996773,0.22068752348423004,0.7885257005691528,1.3767046928405762,0.1674761325120926,0.09793455898761749,0.8974607586860657,1.3685921430587769,-0.009420366957783699,0.2972048819065094,0.8141414523124695,1.4214569330215454,0.18204393982887268,0.16650918126106262,0.8102928996086121,1.37177574634552,-0.09773250669240952,0.17904682457447052,0.7200291156768799,1.4345498085021973,0.0775025337934494,0.08083917945623398
0.7577248215675354,0.545556902885437,0.0026513151824474335,0.9998779892921448,0.7680994272232056,0.5169798731803894,-0.029837969690561295,0.9998327493667603,0.7736552953720093,0.5135927796363831,-0.029997751116752625,0.9998619556427002,0.7802921533584595,0.5103471279144287,-0.030126402154564857,0.999860405921936,0.7577710151672363,0.5223694443702698,0.02753194235265255,0.9998346567153931,0.7529645562171936,0.5229750871658325,0.02757539413869381,0.9998063445091248,0.7492716312408447,0.5238567590713501,0.027427535504102707,0.9998164176940918,0.8146491050720215,0.5036963224411011,-0.08420787006616592,0.9998979568481445,0.7748133540153503,0.5193436741828918,0.16645300388336182,0.9998602867126465,0.7725468873977661,0.5629732012748718,-0.0137132303789258,0.9997387528419495,0.7624162435531616,0.568325400352478,0.06256331503391266,0.9994922876358032,0.8572480082511902,0.6018412113189697,-0.24786634743213654,0.9984399676322937,0.792872965335846,0.6503690481185913,0.3509967029094696,0.9967769384384155,0.6846137046813965,0.5904526114463806,-0.4422573447227478,0.9882022738456726,0.6596736311912537,0.6955889463424683,0.4228034019470215,0.6192373633384705,0.5111202597618103,0.5664730072021484,-0.38050156831741333,0.9147252440452576,0.5373452305793762,0.6586402654647827,0.3177390992641449,0.49251461029052734,0.4708908498287201,0.5454569458961487,-0.4341695308685303,0.7977927923202515,0.520679235458374,0.6285936236381531,0.3173099160194397,0.44474098086357117,0.48455387353897095,0.5243487358093262,-0.38909226655960083,0.7968047857284546,0.5167852640151978,0.6169613003730774,0.27800992131233215,0.4525092840194702,0.4968131482601166,0.5412687063217163,-0.3628949820995331,0.787234902381897,0.5233485698699951,0.6301392316818237,0.29272952675819397,0.47363266348838806,0.8901034593582153,0.9867574572563171,-0.15648436546325684,0.781069815158844,0.8496837615966797,1.0043015480041504,0.15674884617328644,0.7978112697601318,0.8323405981063843,1.039419174194336,-0.23787379264831543,0.45244184136390686,0.7558894753456116,1.1353362798690796,0.056899577379226685,0.27756381034851074,0.8610619306564331,1.3789770603179932,-0.057740408927202225,0.2559095621109009,0.7869644165039062,1.4264861345291138,0.16511526703834534,0.11707044392824173,0.8828860521316528,1.4364356994628906,-0.04163019359111786,0.3429725468158722,0.8104189038276672,1.4729799032211304,0.17148075997829437,0.19573962688446045,0.8024551272392273,1.420503854751587,-0.12689504027366638,0.20535381138324738,0.7206275463104248,1.4770857095718384,0.06501553952693939,0.09558426588773727
0.7575448155403137,0.5441769957542419,0.016550300642848015,0.999884843826294,0.7679756879806519,0.5157530903816223,-0.010171356610953808,0.9998435974121094,0.7734877467155457,0.511991024017334,-0.010344596579670906,0.9998717308044434,0.7802228331565857,0.5083100199699402,-0.010500551201403141,0.9998704791069031,0.7568063735961914,0.5215655565261841,0.03877059370279312,0.9998461008071899,0.752129852771759,0.5221346616744995,0.03885815665125847,0.9998190999031067,0.7484993934631348,0.5231336951255798,0.03870850056409836,0.999828577041626,0.8136751055717468,0.5016523599624634,-0.05510040372610092,0.9999057650566101,0.7724976539611816,0.5202854871749878,0.1706472933292389,0.9998711347579956,0.7718316912651062,0.5606798529624939,0.008395766839385033,0.9997481107711792,0.7621504068374634,0.5669131875038147,0.07356909662485123,0.9995113611221313,0.8528016209602356,0.5991360545158386,-0.2159624844789505,0.9985086917877197,0.7927120923995972,0.6369577050209045,0.3436492681503296,0.9968289136886597,0.6825302243232727,0.5662508606910706,-0.3914627730846405,0.9886462092399597,0.6645383834838867,0.6709994673728943,0.4945513606071472,0.5929842591285706,0.5108472108840942,0.5680263042449951,-0.26483210921287537,0.9179582595825195,0.5535923838615417,0.6324164867401123,0.5369685888290405,0.4585839509963989,0.47836971282958984,0.5314921736717224,-0.3003704845905304,0.8067528605461121,0.5493012070655823,0.5997769236564636,0.5481093525886536,0.4147753417491913,0.49508023262023926,0.5214378833770752,-0.26900386810302734,0.8059084415435791,0.5429410934448242,0.5933884978294373,0.5247421860694885,0.42271679639816284,0.5080825090408325,0.5372274518013,-0.2505491375923157,0.7943655252456665,0.5501550436019897,0.6062487363815308,0.5209203958511353,0.4433087408542633,0.8920577168464661,0.9828516244888306,-0.15140603482723236,0.8008438348770142,0.8442416191101074,1.0028010606765747,0.15171846747398376,0.8168160915374756,0.8394086956977844,1.0976004600524902,-0.2661389410495758,0.4973561465740204,0.7572567462921143,1.1586101055145264,-0.049338437616825104,0.3250749707221985,0.8619745373725891,1.4054700136184692,-0.16509473323822021,0.2978188097476959,0.8097071647644043,1.4614193439483643,-0.03151524439454079,0.15406033396720886,0.885054886341095,1.4588080644607544,-0.15576377511024475,0.3920668363571167,0.8384345769882202,1.512692928314209,-0.03396962210536003,0.2405935525894165,0.8040237426757812,1.4666472673416138,-0.24329224228858948,0.23984572291374207,0.7347416281700134,1.5260298252105713,-0.15056894719600677,0.11990249156951904
0.7571726441383362,0.5403505563735962,-0.004483857192099094,0.9998918175697327,0.7676867246627808,0.5114888548851013,-0.032168589532375336,0.9998539686203003,0.7734381556510925,0.5075445771217346,-0.03235328942537308,0.9998810291290283,0.7803374528884888,0.5037732124328613,-0.032462507486343384,0.9998798966407776,0.7559305429458618,0.5177417397499084,0.01944299414753914,0.9998563528060913,0.751639187335968,0.5183585286140442,0.019533392041921616,0.9998313784599304,0.748151421546936,0.5195023417472839,0.019373783841729164,0.9998397827148438,0.8128303289413452,0.4989520013332367,-0.06144779920578003,0.9999129176139832,0.7707188129425049,0.5184974074363708,0.15897993743419647,0.9998807311058044,0.7719132304191589,0.5565988421440125,-0.013598613440990448,0.9997587203979492,0.7612254023551941,0.5632545948028564,0.054767269641160965,0.999534547328949,0.850867748260498,0.5961820483207703,-0.24292322993278503,0.9985745549201965,0.7935057878494263,0.6337351202964783,0.3406016230583191,0.9968427419662476,0.6734341382980347,0.5628136992454529,-0.43344181776046753,0.9890066981315613,0.6630632281303406,0.6670626997947693,0.42279165983200073,0.5844361186027527,0.5081970691680908,0.5670474767684937,-0.3118402063846588,0.9222877621650696,0.5368407368659973,0.6137861013412476,0.3619033992290497,0.4403756260871887,0.46955808997154236,0.5196822881698608,-0.3585391044616699,0.8178991079330444,0.5456352829933167,0.5855953693389893,0.3620699942111969,0.39848005771636963,0.48884373903274536,0.5129616260528564,-0.3209414780139923,0.8170836567878723,0.542566180229187,0.5795596837997437,0.3321254849433899,0.4073793888092041,0.5022440552711487,0.5292936563491821,-0.2950189411640167,0.8044685125350952,0.5495723485946655,0.5928578972816467,0.3407682776451111,0.4277050197124481,0.893389880657196,0.9830085039138794,-0.1544433832168579,0.8194547295570374,0.8495091199874878,1.0039312839508057,0.1548658311367035,0.8342039585113525,0.8502328991889954,1.169979214668274,-0.2592988610267639,0.53504878282547,0.785610556602478,1.2041219472885132,0.007970139384269714,0.36383867263793945,0.8852819204330444,1.4556872844696045,-0.14379462599754333,0.3284405767917633,0.8317896127700806,1.5036872625350952,0.039404239505529404,0.18149782717227936,0.912818431854248,1.5062907934188843,-0.1353910267353058,0.42958369851112366,0.8569521903991699,1.5523678064346313,0.036892782896757126,0.2690308392047882,0.8241068124771118,1.507060170173645,-0.25045812129974365,0.2608874440193176,0.7687238454818726,1.5659451484680176,-0.093693308532238,0.13600045442581177
0.7534611225128174,0.5407945513725281,0.00975954532623291,0.9998969435691833,0.7639592289924622,0.51140958070755,-0.023939253762364388,0.9998632669448853,0.7693091630935669,0.5075796842575073,-0.0240887813270092,0.9998891353607178,0.7758694887161255,0.5039704442024231,-0.02416745200753212,0.9998882412910461,0.754082441329956,0.5174057483673096,0.03351055830717087,0.9998653531074524,0.7508498430252075,0.5178367495536804,0.03359250724315643,0.9998424053192139,0.7480431795120239,0.518837571144104,0.03344181925058365,0.9998505115509033,0.8095989227294922,0.49940866231918335,-0.07805468887090683,0.9999188780784607,0.7700484991073608,0.5178084969520569,0.16602250933647156,0.999889612197876,0.7674190998077393,0.5580722689628601,-0.00884130410850048,0.9997673630714417,0.7580593824386597,0.5639384388923645,0.06720639020204544,0.999556303024292,0.8481561541557312,0.5944398641586304,-0.256334125995636,0.9986605048179626,0.7939475774765015,0.6356136202812195,0.3515447676181793,0.9969116449356079,0.6713168025016785,0.5705559849739075,-0.45686569809913635,0.9890767335891724,0.671495795249939,0.6784697771072388,0.4662559926509857,0.5647464394569397,0.5051277279853821,0.5638362169265747,-0.38184529542922974,0.9276696443557739,0.5381692051887512,0.6223708987236023,0.43139296770095825,0.4250852167606354,0.46565160155296326,0.5258982181549072,-0.43429940938949585,0.8314794898033142,0.5392027497291565,0.5962651371955872,0.4393301010131836,0.38594529032707214,0.4784114956855774,0.505418598651886,-0.3916095197200775,0.8307307958602905,0.5357337594032288,0.589617908000946,0.404697984457016,0.3961465358734131,0.4918921887874603,0.5223559141159058,-0.36368027329444885,0.8172252178192139,0.5429577827453613,0.60289466381073,0.40956807136535645,0.415600061416626,0.892428994178772,0.9851050972938538,-0.15749254822731018,0.8355882167816162,0.8552497029304504,1.0050575733184814,0.1580461859703064,0.8491355776786804,0.8458771705627441,1.1724509000778198,-0.24549910426139832,0.5728585124015808,0.7789515852928162,1.211645245552063,0.029638534411787987,0.3964409828186035,0.8769614100456238,1.4604592323303223,-0.10006508976221085,0.3625105619430542,0.8164492845535278,1.5057907104492188,0.09931261092424393,0.20504476130008698,0.9027126431465149,1.510324239730835,-0.08787694573402405,0.4640185832977295,0.8404595255851746,1.5511631965637207,0.10106544196605682,0.29061007499694824,0.8198550343513489,1.510133147239685,-0.20075860619544983,0.2875056862831116,0.7604057788848877,1.5692365169525146,-0.02946702018380165,0.15107214450836182
0.7499487996101379,0.5417500138282776,0.05487058684229851,0.9998934268951416,0.7601922154426575,0.5123789310455322,0.017183959484100342,0.9998664855957031,0.7649017572402954,0.5087183117866516,0.017062123864889145,0.9998916387557983,0.7708370685577393,0.5052312016487122,0.016946326941251755,0.9998918771743774,0.7521449327468872,0.5177314281463623,0.07064974308013916,0.9998680353164673,0.7500739097595215,0.5177866816520691,0.07068050652742386,0.999845027923584,0.7479008436203003,0.5183354020118713,0.0706070214509964,0.9998547434806824,0.8028942346572876,0.5006484389305115,-0.07054629921913147,0.9999201893806458,0.7704348564147949,0.5164381265640259,0.1706700623035431,0.9998960494995117,0.7633132934570312,0.5597262978553772,0.03143486753106117,0.9997609853744507,0.7556909322738647,0.5647364258766174,0.10184744745492935,0.9995560646057129,0.8339517712593079,0.5954806804656982,-0.2446632832288742,0.9987139701843262,0.8060084581375122,0.6360980868339539,0.3486350178718567,0.9969139099121094,0.6567441821098328,0.579437792301178,-0.39451199769973755,0.9893833994865417,0.6735795140266418,0.6730101704597473,0.47434157133102417,0.5355778336524963,0.4959608018398285,0.5570489764213562,-0.33709830045700073,0.9336681962013245,0.545573353767395,0.6308386325836182,0.4585307538509369,0.40811237692832947,0.4545899033546448,0.518827497959137,-0.38957417011260986,0.8461460471153259,0.5427383184432983,0.6000965237617493,0.4721433222293854,0.3718443214893341,0.464399516582489,0.4910479784011841,-0.35047322511672974,0.8452635407447815,0.5378357172012329,0.5928561091423035,0.43224844336509705,0.38154107332229614,0.4768206477165222,0.5109490156173706,-0.3192285895347595,0.832273542881012,0.5432397127151489,0.6033828258514404,0.43708696961402893,0.40156906843185425,0.8812154531478882,0.9862353801727295,-0.15557178854942322,0.8495190739631653,0.861893355846405,1.0044591426849365,0.15599168837070465,0.8619379997253418,0.8044949769973755,1.0446889400482178,-0.1992519199848175,0.6029223203659058,0.7762435674667358,1.1159874200820923,0.09818156063556671,0.3980366587638855,0.8240868449211121,1.367919683456421,-0.014128533191978931,0.38230100274086,0.7965534925460815,1.4265135526657104,0.16388775408267975,0.20939138531684875,0.8515825271606445,1.431350588798523,0.006458471063524485,0.49184098839759827,0.8315332531929016,1.482780933380127,0.16937309503555298,0.305397093296051,0.7578247785568237,1.396571397781372,-0.02396579086780548,0.3021305203437805,0.7118960022926331,1.4725321531295776,0.09933678805828094,0.15557745099067688
0.7453335523605347,0.5431104898452759,0.08181677013635635,0.9998978972434998,0.7558883428573608,0.5137708783149719,0.04230827838182449,0.9998748898506165,0.7606364488601685,0.5099541544914246,0.04216562956571579,0.9998988509178162,0.7660291790962219,0.5063060522079468,0.042087581008672714,0.9998994469642639,0.7479863166809082,0.5193707942962646,0.10011694580316544,0.9998761415481567,0.7467705011367798,0.5195436477661133,0.10014544427394867,0.9998548030853271,0.7454743385314941,0.5201758742332458,0.10001794993877411,0.9998647570610046,0.7966398000717163,0.5013649463653564,-0.062215935438871384,0.9999254941940308,0.76985764503479,0.5174891352653503,0.19772769510746002,0.9999045133590698,0.7593406438827515,0.561030387878418,0.052029527723789215,0.9997671246528625,0.751800000667572,0.5661105513572693,0.1276901513338089,0.9995733499526978,0.8252865076065063,0.59531170129776,-0.23345546424388885,0.9987770915031433,0.822826087474823,0.6399106383323669,0.3790092468261719,0.9969450235366821,0.6515070199966431,0.581734299659729,-0.3873823583126068,0.9891905784606934,0.6743838787078857,0.6699091196060181,0.5306041836738586,0.5070335268974304,0.4882808327674866,0.5367029905319214,-0.27313458919525146,0.9366579651832581,0.5468993782997131,0.6413198709487915,0.5533140897750854,0.38219955563545227,0.45338311791419983,0.500434160232544,-0.3138061761856079,0.8547282814979553,0.545769214630127,0.6024483442306519,0.57900071144104,0.34948527812957764,0.46911001205444336,0.49503886699676514,-0.26534420251846313,0.8538264632225037,0.5405054092407227,0.6018176674842834,0.5457109212875366,0.35983869433403015,0.48120880126953125,0.5147489905357361,-0.2523791491985321,0.8399317264556885,0.5448067784309387,0.6147147417068481,0.5351857542991638,0.37884777784347534,0.8790044784545898,0.9950809478759766,-0.15759393572807312,0.8619207143783569,0.8612264394760132,1.011019229888916,0.15802662074565887,0.8733018040657043,0.8074676394462585,1.1151822805404663,-0.20112159848213196,0.6289531588554382,0.7731533646583557,1.1757869720458984,0.10261603444814682,0.4112808406352997,0.8295859098434448,1.4311195611953735,-0.014939209446310997,0.399196982383728,0.8015897870063782,1.4795682430267334,0.16433244943618774,0.21619528532028198,0.8554642796516418,1.4891040325164795,0.0049845753237605095,0.5143030881881714,0.8291254043579102,1.527714490890503,0.16882887482643127,0.31565842032432556,0.7660341858863831,1.4650238752365112,-0.06837183982133865,0.3182063102722168,0.7362571954727173,1.5363775491714478,0.0814177617430687,0.1635250449180603
0.7430280447006226,0.5417308211326599,0.04545137658715248,0.9998970627784729,0.753963828086853,0.5119332671165466,0.010896855965256691,0.9998750686645508,0.7587753534317017,0.5079279541969299,0.010829674080014229,0.9998978972434998,0.7642006874084473,0.5041235089302063,0.010786163620650768,0.9999002814292908,0.746003270149231,0.5178048014640808,0.0653730109333992,0.9998754858970642,0.745144248008728,0.5178805589675903,0.06541731208562851,0.9998533129692078,0.7442588210105896,0.5183802843093872,0.06539349257946014,0.9998648166656494,0.794183075428009,0.5000193119049072,-0.06467781960964203,0.9999225735664368,0.76956707239151,0.5154231190681458,0.17884591221809387,0.9999064207077026,0.7575814127922058,0.558785617351532,0.025584187358617783,0.9997637867927551,0.7490105628967285,0.564382016658783,0.09738875925540924,0.9995758533477783,0.8229022026062012,0.5964767932891846,-0.24129000306129456,0.9987872242927551,0.8141330480575562,0.641589343547821,0.36341384053230286,0.9968310594558716,0.6501573324203491,0.5846033692359924,-0.3916102945804596,0.9892556071281433,0.6684147715568542,0.6604471206665039,0.4609723687171936,0.48813945055007935,0.48807063698768616,0.5435517430305481,-0.28941407799720764,0.9412333965301514,0.5281029939651489,0.6180921196937561,0.40845799446105957,0.3745168149471283,0.44649451971054077,0.5089492201805115,-0.34960535168647766,0.866348385810852,0.5271919965744019,0.6005315780639648,0.4175001084804535,0.34234556555747986,0.4552845358848572,0.4903189241886139,-0.30110880732536316,0.8651525378227234,0.52027827501297,0.5948488116264343,0.3822919726371765,0.3524805009365082,0.4674254357814789,0.5096148252487183,-0.26540249586105347,0.8515787124633789,0.5238720178604126,0.6088690161705017,0.3870451748371124,0.37207043170928955,0.8724642992019653,0.9940176606178284,-0.16393308341503143,0.8563052415847778,0.8622320890426636,1.0101516246795654,0.16413554549217224,0.8665499687194824,0.7808465361595154,0.9590166211128235,-0.19478961825370789,0.6410170197486877,0.7463575601577759,1.020396113395691,0.12353597581386566,0.3914639353752136,0.712986171245575,1.203382968902588,0.03240695223212242,0.3904508054256439,0.6829303503036499,1.234981894493103,0.24099712073802948,0.2026786059141159,0.7198224067687988,1.2673121690750122,0.05384805053472519,0.5001014471054077,0.6894378662109375,1.2874698638916016,0.2529431879520416,0.3020237386226654,0.6408248543739319,1.1693917512893677,-8.124668238451704e-05,0.3100336790084839,0.5988565683364868,1.2178226709365845,0.19568811357021332,0.15613938868045807
0.7350660562515259,0.5423350930213928,0.029876897111535072,0.999904453754425,0.7462517023086548,0.5126877427101135,-0.0015071274247020483,0.9998841881752014,0.7519149780273438,0.5088557004928589,-0.001560091506689787,0.9999055862426758,0.7582772374153137,0.5050786733627319,-0.0016148953000083566,0.9999080896377563,0.7362562417984009,0.5181053876876831,0.05196259170770645,0.999884307384491,0.73479163646698,0.5181630849838257,0.05202721804380417,0.9998631477355957,0.7334460020065308,0.5187042355537415,0.051998071372509,0.9998738765716553,0.7883033156394958,0.5007171630859375,-0.06734739243984222,0.9999285936355591,0.7551151514053345,0.5164904594421387,0.17731837928295135,0.99991375207901,0.7516869902610779,0.5595201849937439,0.015047329477965832,0.9997766017913818,0.7392939925193787,0.5651970505714417,0.08651681989431381,0.9996006488800049,0.8244227170944214,0.5977685451507568,-0.23263469338417053,0.9988406300544739,0.7939459085464478,0.6421018838882446,0.35352060198783875,0.9968399405479431,0.655949592590332,0.5864226222038269,-0.3709403872489929,0.988786518573761,0.6553516387939453,0.6526333689689636,0.4813912808895111,0.47671499848365784,0.5242598056793213,0.5472535490989685,-0.1914779245853424,0.9384106397628784,0.5357236862182617,0.6123272180557251,0.4986704885959625,0.35749390721321106,0.49883168935775757,0.5174461007118225,-0.22623224556446075,0.8647582530975342,0.5395858883857727,0.5997475385665894,0.5088938474655151,0.3290732204914093,0.5137606859207153,0.5233525037765503,-0.1961647868156433,0.8644412159919739,0.5396288633346558,0.5973275899887085,0.48126038908958435,0.34173932671546936,0.5233415365219116,0.5394342541694641,-0.17820647358894348,0.8503567576408386,0.5467814207077026,0.6106216907501221,0.4782103896141052,0.3615296483039856,0.8725299835205078,0.9987757802009583,-0.1617288887500763,0.8503648042678833,0.8497869372367859,1.0131860971450806,0.16196097433567047,0.8623527884483337,0.7815229296684265,1.101189374923706,-0.2072966992855072,0.6210899353027344,0.7498924732208252,1.1126853227615356,0.09982042014598846,0.37809476256370544,0.732292652130127,1.3814830780029297,-0.04396520182490349,0.3628012239933014,0.684112548828125,1.3936272859573364,0.13752871751785278,0.1884528547525406,0.7268205881118774,1.4433064460754395,-0.03247968852519989,0.47375139594078064,0.7021547555923462,1.4466661214828491,0.13795989751815796,0.2843049466609955,0.6954723000526428,1.3930954933166504,-0.1179591566324234,0.2914900779724121,0.6315733790397644,1.4345581531524658,0.050137102603912354,0.14832325279712677
0.7302899360656738,0.5426915287971497,-0.01654915325343609,0.9999090433120728,0.741260290145874,0.5128282904624939,-0.04190048202872276,0.9998896718025208,0.7473273277282715,0.5091321468353271,-0.04200064390897751,0.9999102354049683,0.754153847694397,0.5055850148200989,-0.04202058166265488,0.9999131560325623,0.7301150560379028,0.5182541608810425,0.009893301874399185,0.9998895525932312,0.7282267808914185,0.5183218717575073,0.00995413213968277,0.9998684525489807,0.7265408635139465,0.518808126449585,0.009808050468564034,0.9998787641525269,0.7841272950172424,0.5014877319335938,-0.08404380828142166,0.9999321103096008,0.7465590238571167,0.5166308879852295,0.15403446555137634,0.9999181032180786,0.7477070689201355,0.5600326657295227,-0.025034155696630478,0.9997788071632385,0.7333858013153076,0.5654613375663757,0.04345765709877014,0.9996057748794556,0.8255836367607117,0.5981631875038147,-0.23731794953346252,0.998810350894928,0.7780965566635132,0.6428197622299194,0.3462446630001068,0.9967155456542969,0.6589503884315491,0.5877363085746765,-0.3800510764122009,0.9886173605918884,0.6438423991203308,0.6538315415382385,0.4538725018501282,0.4854954481124878,0.5240806341171265,0.547640860080719,-0.20000509917736053,0.936867892742157,0.539880633354187,0.6115216016769409,0.4288671910762787,0.3536796569824219,0.4969954490661621,0.5177277326583862,-0.23870985209941864,0.8631840944290161,0.5409017205238342,0.5954535007476807,0.4315056800842285,0.3242585062980652,0.512340784072876,0.5311838984489441,-0.20596544444561005,0.8636162281036377,0.5434768795967102,0.5965760350227356,0.40458163619041443,0.3394758999347687,0.5223819613456726,0.545745313167572,-0.1863977015018463,0.8495014905929565,0.5518870949745178,0.608142077922821,0.4078812003135681,0.3594813644886017,0.8747167587280273,1.0044807195663452,-0.16116966307163239,0.8482851982116699,0.834372878074646,1.019225835800171,0.16154631972312927,0.8638437986373901,0.7986347675323486,1.1833302974700928,-0.20839932560920715,0.5986425876617432,0.7498173713684082,1.1998069286346436,0.09976229816675186,0.3732483983039856,0.769929051399231,1.4595909118652344,-0.048280175775289536,0.33629748225212097,0.686917781829834,1.4781956672668457,0.14590191841125488,0.1759897619485855,0.7840189933776855,1.5160311460494995,-0.037894122302532196,0.44487032294273376,0.7132269144058228,1.5245383977890015,0.14779500663280487,0.267268568277359,0.6976233720779419,1.4875972270965576,-0.15173308551311493,0.271869421005249,0.6507037878036499,1.5342886447906494,0.04500427842140198,0.1395406723022461
0.7272437810897827,0.5432073473930359,-0.034234486520290375,0.9999164938926697,0.7376155257225037,0.5133599042892456,-0.05947665125131607,0.9998984336853027,0.7436296343803406,0.5096728801727295,-0.05951651930809021,0.9999175667762756,0.750397264957428,0.5061236023902893,-0.05948731303215027,0.9999202489852905,0.7266089916229248,0.5189144015312195,-0.009491597302258015,0.9998984932899475,0.7247341871261597,0.5190643668174744,-0.009393925778567791,0.9998789429664612,0.7230810523033142,0.5196530222892761,-0.009471800178289413,0.999888002872467,0.7800729870796204,0.5020321607589722,-0.0955401211977005,0.9999375939369202,0.7432476878166199,0.5176562666893005,0.13331285119056702,0.999924898147583,0.7446533441543579,0.5603294968605042,-0.03959203138947487,0.9997937679290771,0.7302429676055908,0.5659976601600647,0.02648753486573696,0.9996337294578552,0.8222543001174927,0.5987716317176819,-0.23994752764701843,0.9988077282905579,0.7711645364761353,0.643534243106842,0.3230665624141693,0.9966704845428467,0.6473864316940308,0.5887172818183899,-0.39401379227638245,0.9878625869750977,0.6404029130935669,0.6530866026878357,0.4456893801689148,0.47493118047714233,0.5111595392227173,0.5451475381851196,-0.23614339530467987,0.9364022016525269,0.5393277406692505,0.6132382750511169,0.4035639762878418,0.3423694968223572,0.48372817039489746,0.5190385580062866,-0.266766220331192,0.866262674331665,0.5422453284263611,0.5978639721870422,0.40562552213668823,0.31811800599098206,0.5007275342941284,0.5309520959854126,-0.21078963577747345,0.8674988746643066,0.5441308617591858,0.5977646112442017,0.37957215309143066,0.3359585702419281,0.5111824870109558,0.5455974340438843,-0.2150079756975174,0.8531493544578552,0.5522242784500122,0.6096569299697876,0.38256579637527466,0.3555484116077423,0.8739795684814453,1.0083318948745728,-0.16325415670871735,0.8221084475517273,0.8286640048027039,1.0196583271026611,0.16389191150665283,0.8407906293869019,0.7958718538284302,1.1564977169036865,-0.21124115586280823,0.5746862888336182,0.7384112477302551,1.1974149942398071,0.1258906126022339,0.3530462086200714,0.775326669216156,1.4300881624221802,-0.04812159016728401,0.31613561511039734,0.712192177772522,1.455202579498291,0.18083907663822174,0.16325782239437103,0.7949410080909729,1.4895572662353516,-0.03766154497861862,0.42533740401268005,0.7308474779129028,1.5046045780181885,0.18059727549552917,0.24883869290351868,0.7001081705093384,1.454022765159607,-0.16098366677761078,0.2604012191295624,0.6493737101554871,1.5061686038970947,0.06766977906227112,0.1321754902601242
0.7259353399276733,0.543589174747467,-0.03322980925440788,0.9999210834503174,0.7356091141700745,0.5138131380081177,-0.060388851910829544,0.9999037384986877,0.7413720488548279,0.5101240277290344,-0.060424260795116425,0.9999220967292786,0.7477364540100098,0.5065273642539978,-0.060385316610336304,0.9999246597290039,0.7251786589622498,0.5194389820098877,-0.009700492955744267,0.9999040365219116,0.72336745262146,0.5196588039398193,-0.009615423157811165,0.9998854994773865,0.7217264771461487,0.5203262567520142,-0.009709197096526623,0.9998937249183655,0.7775532007217407,0.5023080110549927,-0.10604400932788849,0.9999405741691589,0.742798924446106,0.5185431838035583,0.1253291815519333,0.9999290108680725,0.7432041764259338,0.560158908367157,-0.04178817942738533,0.9997988343238831,0.7295719385147095,0.5661527514457703,0.025087475776672363,0.9996457695960999,0.8210175633430481,0.5993021726608276,-0.24438397586345673,0.9987028241157532,0.7694942951202393,0.6441516876220703,0.30435922741889954,0.9964156150817871,0.6492326855659485,0.589461624622345,-0.4067510962486267,0.9870172142982483,0.6423262357711792,0.6537027359008789,0.40387940406799316,0.46739107370376587,0.5084365606307983,0.5416029095649719,-0.25843408703804016,0.9350484013557434,0.5423186421394348,0.6162406802177429,0.33948951959609985,0.3340163826942444,0.4800352454185486,0.5177261829376221,-0.3047882616519928,0.8674388527870178,0.5396169424057007,0.5987050533294678,0.33316272497177124,0.3130944073200226,0.49761858582496643,0.5285120606422424,-0.269817590713501,0.8692570924758911,0.5416927337646484,0.5986949801445007,0.2984941005706787,0.3332113027572632,0.508409857749939,0.5428556799888611,-0.24725234508514404,0.8545784950256348,0.5492989420890808,0.6103931069374084,0.3139519691467285,0.3521552085876465,0.8739662170410156,1.0078939199447632,-0.16254231333732605,0.8022426962852478,0.8280736804008484,1.0195103883743286,0.16309425234794617,0.8214176893234253,0.7981573939323425,1.1686358451843262,-0.20325300097465515,0.5518928170204163,0.7420133352279663,1.1872302293777466,0.15334852039813995,0.33193105459213257,0.786410391330719,1.4440349340438843,-0.043185725808143616,0.2959587574005127,0.7260686159133911,1.471511721611023,0.19945409893989563,0.15197092294692993,0.807441234588623,1.5034927129745483,-0.03722076863050461,0.4035411775112152,0.7440724968910217,1.523586630821228,0.1967354267835617,0.23176297545433044,0.7135324478149414,1.4614360332489014,-0.15655802190303802,0.24842850863933563,0.661380410194397,1.522011160850525,0.0684511736035347,0.12589091062545776
0.7228420972824097,0.544966995716095,0.0059356288984417915,0.9999275207519531,0.7327703237533569,0.5155400037765503,-0.024425530806183815,0.9999116659164429,0.7384704351425171,0.5114848613739014,-0.024463634938001633,0.9999285936355591,0.7448155879974365,0.5075082182884216,-0.02447139099240303,0.9999310374259949,0.7225425243377686,0.5216629505157471,0.025465015321969986,0.999911904335022,0.7207850217819214,0.5219095349311829,0.025601714849472046,0.9998946785926819,0.7191953063011169,0.5225358605384827,0.02558523416519165,0.999902069568634,0.7741047143936157,0.5026479363441467,-0.08224499225616455,0.9999454617500305,0.7403684854507446,0.5199986696243286,0.14442604780197144,0.9999350905418396,0.7394083738327026,0.5605264902114868,-0.005905151832848787,0.9998130798339844,0.7265613079071045,0.5670149326324463,0.05958007648587227,0.9996721744537354,0.8170614242553711,0.5996862053871155,-0.21900339424610138,0.9987561702728271,0.7699833512306213,0.6444808840751648,0.3187631666660309,0.9965037107467651,0.6461784839630127,0.5925847887992859,-0.36420929431915283,0.9858148694038391,0.643379807472229,0.6563213467597961,0.4799628257751465,0.44847172498703003,0.5093926787376404,0.5404002070426941,-0.20299120247364044,0.9337378740310669,0.5671085119247437,0.618461012840271,0.5165509581565857,0.3170987367630005,0.4808911681175232,0.5148761868476868,-0.24238121509552002,0.8696996569633484,0.5573551058769226,0.5975698232650757,0.5300415754318237,0.30117976665496826,0.4984969198703766,0.524120569229126,-0.21100091934204102,0.8718286156654358,0.5598308444023132,0.5980230569839478,0.49811846017837524,0.3220035135746002,0.5086154937744141,0.5400707125663757,-0.19085268676280975,0.8570830225944519,0.564452052116394,0.6098325848579407,0.4961084723472595,0.34061118960380554,0.8686745762825012,1.0084031820297241,-0.1629725992679596,0.7941681146621704,0.8272362947463989,1.0204569101333618,0.16366370022296906,0.8148646354675293,0.7908567786216736,1.0972115993499756,-0.21402645111083984,0.5400464534759521,0.7346319556236267,1.1336559057235718,0.13573192059993744,0.31887730956077576,0.7574688196182251,1.3747498989105225,-0.05189552158117294,0.27961257100105286,0.7050799131393433,1.427069902420044,0.183633953332901,0.14308007061481476,0.7725639939308167,1.4389370679855347,-0.042329251766204834,0.38932183384895325,0.7171114087104797,1.4848651885986328,0.18107733130455017,0.2207489162683487,0.685007631778717,1.3774768114089966,-0.14714330434799194,0.23790642619132996,0.6311036944389343,1.465596318244934,0.06856583058834076,0.12132029235363007
0.7202339768409729,0.5473702549934387,0.027531754225492477,0.9999330043792725,0.7296091318130493,0.518359363079071,-0.003054974367842078,0.9999185800552368,0.7349099516868591,0.5142343044281006,-0.0030768129508942366,0.9999342560768127,0.7408338189125061,0.5101889371871948,-0.0030687281396239996,0.9999366402626038,0.7200435996055603,0.5243741869926453,0.046916961669921875,0.9999185800552368,0.7185066938400269,0.5244923233985901,0.04703884199261665,0.9999023675918579,0.7171462774276733,0.5249422788619995,0.04706563800573349,0.9999091625213623,0.7698127031326294,0.5043182969093323,-0.0674920529127121,0.9999496936798096,0.7391548752784729,0.5211766362190247,0.15833915770053864,0.9999404549598694,0.7364206314086914,0.5626086592674255,0.012935432605445385,0.9998259544372559,0.7243925929069519,0.5696361064910889,0.07840787619352341,0.9996947646141052,0.8136625289916992,0.6000180840492249,-0.2073664367198944,0.9988201856613159,0.7709721922874451,0.6446256041526794,0.3298589587211609,0.99656742811203,0.6466509103775024,0.5951656699180603,-0.35454827547073364,0.9854741096496582,0.647339403629303,0.6588836312294006,0.5086194276809692,0.42720404267311096,0.5074065923690796,0.5414806008338928,-0.20643910765647888,0.9355632066726685,0.5764907598495483,0.6260461807250977,0.5700003504753113,0.3024008274078369,0.47956472635269165,0.515064001083374,-0.24478809535503387,0.8754169940948486,0.565524697303772,0.5981441736221313,0.5895346999168396,0.2909795939922333,0.4959411025047302,0.523919939994812,-0.2108025997877121,0.8774492740631104,0.5654939413070679,0.6009487509727478,0.5583930611610413,0.31192833185195923,0.5058568716049194,0.5399997234344482,-0.19306139647960663,0.8629786968231201,0.5696645975112915,0.6137920022010803,0.5511014461517334,0.33073049783706665,0.8650485873222351,1.010676383972168,-0.16247625648975372,0.7758440375328064,0.8284058570861816,1.0250157117843628,0.16317705810070038,0.7947699427604675,0.7805091142654419,1.0088971853256226,-0.21201689541339874,0.5301914215087891,0.7347100377082825,1.0830483436584473,0.12832196056842804,0.30566295981407166,0.742815375328064,1.2845808267593384,-0.05051072686910629,0.26336807012557983,0.7130298614501953,1.3481875658035278,0.17658308148384094,0.13302339613437653,0.7574889659881592,1.3529304265975952,-0.03989069536328316,0.37302151322364807,0.725890040397644,1.402891993522644,0.17629435658454895,0.20844389498233795,0.6692318916320801,1.2747435569763184,-0.11389615386724472,0.22701579332351685,0.6399456262588501,1.3717669248580933,0.08717471361160278,0.11542294919490814
0.7191312313079834,0.5474273562431335,0.02120780013501644,0.9999379515647888,0.7281910181045532,0.5185521841049194,-0.008964584209024906,0.9999246001243591,0.7333580851554871,0.5144364833831787,-0.008986180648207664,0.9999391436576843,0.7391849160194397,0.5103840827941895,-0.008970502763986588,0.9999415874481201,0.7188813090324402,0.5245263576507568,0.04138465225696564,0.9999247193336487,0.7173963785171509,0.5246326327323914,0.04151468724012375,0.9999094605445862,0.7160457372665405,0.5250570178031921,0.04153900220990181,0.9999157190322876,0.7681429982185364,0.5044227242469788,-0.0702553540468216,0.9999534487724304,0.7379299998283386,0.5213102102279663,0.15702888369560242,0.9999452829360962,0.7351534962654114,0.5627151727676392,0.007631566375494003,0.9998366832733154,0.7234172821044922,0.5696697235107422,0.07364490628242493,0.9997155666351318,0.8084925413131714,0.6001052856445312,-0.21133752167224884,0.9988654851913452,0.7718376517295837,0.644839346408844,0.33972689509391785,0.9966116547584534,0.6405272483825684,0.5966178774833679,-0.3649391233921051,0.9851511716842651,0.6506778001785278,0.6600770354270935,0.5153730511665344,0.4091126024723053,0.5016268491744995,0.5386455655097961,-0.21274738013744354,0.9367167949676514,0.5736297369003296,0.627354621887207,0.5728594064712524,0.28839820623397827,0.4737928509712219,0.5104683637619019,-0.25308921933174133,0.8799670338630676,0.5640218257904053,0.5988696217536926,0.5909119844436646,0.28097325563430786,0.4897518754005432,0.5192722678184509,-0.2172795981168747,0.8819966912269592,0.5646761655807495,0.6011841893196106,0.5606685876846313,0.3025621175765991,0.5000867247581482,0.5368363261222839,-0.19881922006607056,0.8674613237380981,0.5694385766983032,0.6143790483474731,0.5531805753707886,0.3208898901939392,0.8591896891593933,1.0114408731460571,-0.16330517828464508,0.7533928751945496,0.8286863565444946,1.025382161140442,0.16409699618816376,0.7709923982620239,0.7783117294311523,1.0430256128311157,-0.21039371192455292,0.5102008581161499,0.7354370951652527,1.0802218914031982,0.13234393298625946,0.28656089305877686,0.7428804636001587,1.3119394779205322,-0.022780951112508774,0.2452281266450882,0.7086527347564697,1.3567813634872437,0.20246215164661407,0.12269359081983566,0.7571078538894653,1.376901626586914,-0.00984921120107174,0.35203930735588074,0.7194632291793823,1.4123841524124146,0.20525547862052917,0.19396130740642548,0.6717461347579956,1.301975131034851,-0.09855157881975174,0.2142738401889801,0.634431004524231,1.383229374885559,0.11694750934839249,0.10866128653287888
0.7146222591400146,0.5516947507858276,-0.020446980372071266,0.9999401569366455,0.724251389503479,0.5226050615310669,-0.047280363738536835,0.999927282333374,0.7295100092887878,0.5187008380889893,-0.04733962193131447,0.9999414682388306,0.7354128956794739,0.5150420665740967,-0.04730531945824623,0.9999442100524902,0.7150731682777405,0.5283798575401306,0.0032674637623131275,0.9999271631240845,0.7138214707374573,0.5284549593925476,0.0034127947874367237,0.9999117851257324,0.7126651406288147,0.5288742184638977,0.003275935770943761,0.9999180436134338,0.7641234397888184,0.5106573104858398,-0.09691593796014786,0.9999556541442871,0.7338690161705017,0.5263870358467102,0.13379134237766266,0.9999470114707947,0.7302843928337097,0.5680927038192749,-0.03324677795171738,0.9998375773429871,0.7189432382583618,0.5752328634262085,0.03342510014772415,0.9997152090072632,0.8095276951789856,0.6061331629753113,-0.2271912842988968,0.9988501071929932,0.7657296657562256,0.6508474946022034,0.31846708059310913,0.9964855313301086,0.6423953771591187,0.5577592253684998,-0.37800148129463196,0.9853833317756653,0.6484299898147583,0.6608598828315735,0.507583498954773,0.42083150148391724,0.5063817501068115,0.5434181690216064,-0.1966255009174347,0.9339994192123413,0.5541977882385254,0.6262537837028503,0.5064553022384644,0.28657177090644836,0.47932830452919006,0.5260112285614014,-0.2341753989458084,0.8743508458137512,0.5588182806968689,0.5992847681045532,0.5238366723060608,0.27860018610954285,0.49902820587158203,0.5403807759284973,-0.20485134422779083,0.8771932721138,0.5628383755683899,0.603168785572052,0.4865803122520447,0.3026151955127716,0.5104074478149414,0.5548936724662781,-0.1858845204114914,0.863662600517273,0.5687558650970459,0.6150161623954773,0.4859914779663086,0.32092463970184326,0.8635424375534058,1.019983172416687,-0.15158337354660034,0.7597343921661377,0.8169957399368286,1.0382628440856934,0.15252339839935303,0.7763810753822327,0.8180336952209473,1.2260652780532837,-0.16986820101737976,0.4767257273197174,0.7562233209609985,1.2521800994873047,0.16248473525047302,0.26895827054977417,0.8197057843208313,1.4993417263031006,-0.011711286380887032,0.22263407707214355,0.7538776993751526,1.5345569849014282,0.19673152267932892,0.11186586320400238,0.84162437915802,1.55264413356781,-0.0022060167975723743,0.32137754559516907,0.766790509223938,1.5838652849197388,0.20075723528862,0.1768367439508438,0.7507773637771606,1.5367485284805298,-0.12648984789848328,0.19555991888046265,0.7051390409469604,1.5901826620101929,0.06066128611564636,0.09949782490730286
0.712464451789856,0.5557874441146851,-0.01901981607079506,0.9999410510063171,0.7220093011856079,0.5267906785011292,-0.04564843699336052,0.9999291300773621,0.7273768186569214,0.5228810906410217,-0.04570522531867027,0.99994295835495,0.7334276437759399,0.519290030002594,-0.045659393072128296,0.9999462366104126,0.7122906446456909,0.5328464508056641,0.006031252909451723,0.9999280571937561,0.7108150124549866,0.5331019163131714,0.006170674227178097,0.9999117255210876,0.7094355821609497,0.5336399674415588,0.0059369713999331,0.9999185800552368,0.7622678279876709,0.5152797102928162,-0.1029127985239029,0.9999573826789856,0.7293853163719177,0.5325044989585876,0.1339610517024994,0.9999476075172424,0.7285705208778381,0.571936845779419,-0.030395623296499252,0.999836266040802,0.7165704965591431,0.5795242190361023,0.03595945984125137,0.999709963798523,0.8110493421554565,0.6083954572677612,-0.2330549657344818,0.998809814453125,0.7593133449554443,0.6529480218887329,0.318683922290802,0.9963639974594116,0.6430346965789795,0.53896564245224,-0.3523782789707184,0.9849686026573181,0.6458457708358765,0.6605157256126404,0.5170535445213318,0.4194474220275879,0.5286815166473389,0.5432859063148499,-0.05023784190416336,0.9177297949790955,0.5754877924919128,0.6256554126739502,0.5767128467559814,0.2712807357311249,0.5048540830612183,0.5274847149848938,-0.0699988454580307,0.848448634147644,0.5642292499542236,0.5995011925697327,0.5860945582389832,0.26435330510139465,0.5265728831291199,0.5444241762161255,-0.0465538427233696,0.8527959585189819,0.5706629157066345,0.6065273284912109,0.5696445107460022,0.28892552852630615,0.5368944406509399,0.5573050379753113,-0.038940880447626114,0.8411693572998047,0.5782331824302673,0.6157301664352417,0.5594361424446106,0.3066639304161072,0.8656367063522339,1.0227115154266357,-0.1516302525997162,0.7625975012779236,0.8120577931404114,1.0397273302078247,0.15251502394676208,0.7796421647071838,0.8332318067550659,1.2381404638290405,-0.17131046950817108,0.44105932116508484,0.7704266309738159,1.2667888402938843,0.17242294549942017,0.2505713403224945,0.8471401929855347,1.5188671350479126,-0.015024830587208271,0.2013857066631317,0.7784038186073303,1.5504605770111084,0.1941608339548111,0.10154265910387039,0.8717887997627258,1.572166919708252,-0.004996046889573336,0.29194849729537964,0.7919299602508545,1.598978042602539,0.1975816786289215,0.16073377430438995,0.7779117226600647,1.5642398595809937,-0.13334140181541443,0.1774916797876358,0.7315249443054199,1.6096066236495972,0.057379014790058136,0.09062085300683975
0.7123714685440063,0.5568864345550537,-0.02645835280418396,0.999940812587738,0.7219217419624329,0.5280737280845642,-0.05470883846282959,0.9999299645423889,0.7276872396469116,0.5240305662155151,-0.05478554219007492,0.9999434351921082,0.7341581583023071,0.5202974677085876,-0.05482115596532822,0.9999473690986633,0.7110938429832458,0.5347776412963867,-0.0020722420886158943,0.9999279975891113,0.7090941667556763,0.5353475213050842,-0.001963295741006732,0.9999099373817444,0.7071657180786133,0.536197304725647,-0.002184102777391672,0.9999175071716309,0.7627087235450745,0.5163781046867371,-0.10810679197311401,0.9999589323997498,0.7255988717079163,0.5359802842140198,0.13161791861057281,0.9999473094940186,0.7292271852493286,0.5725850462913513,-0.03961917757987976,0.9998350143432617,0.7160823941230774,0.5806772708892822,0.028800377622246742,0.9997056722640991,0.8113529086112976,0.6098905205726624,-0.2370799481868744,0.9987597465515137,0.7562174201011658,0.6522839069366455,0.31926602125167847,0.9963123798370361,0.6443201899528503,0.5407189130783081,-0.3430214524269104,0.9847322106361389,0.6460494995117188,0.6588010191917419,0.5134276151657104,0.42066243290901184,0.5416222810745239,0.54543536901474,-0.01897621527314186,0.9032642841339111,0.5778790712356567,0.6223970055580139,0.566801130771637,0.2586657702922821,0.5176895260810852,0.5368418097496033,-0.036758847534656525,0.8230953216552734,0.5633739233016968,0.5997277498245239,0.5731886625289917,0.25279664993286133,0.5391948819160461,0.554198682308197,-0.016490541398525238,0.8286469578742981,0.5685873627662659,0.6078338623046875,0.554656982421875,0.2780611515045166,0.5500114560127258,0.5648180842399597,-0.008610383607447147,0.8200232982635498,0.5768730640411377,0.6158338785171509,0.5477019548416138,0.2960011661052704,0.8657646179199219,1.022072434425354,-0.1502649039030075,0.7670135498046875,0.814171314239502,0.9999172687530518,0.15108685195446014,0.7845888733863831,0.8416342735290527,1.2436689138412476,-0.16183167695999146,0.40487152338027954,0.7753243446350098,1.2742174863815308,0.18177372217178345,0.23186585307121277,0.8607956767082214,1.5195066928863525,-0.013133917935192585,0.18185333907604218,0.790276825428009,1.5535837411880493,0.19511595368385315,0.09192527085542679,0.885147213935852,1.570596694946289,-0.0040124827064573765,0.26451268792152405,0.8037911653518677,1.6007227897644043,0.19499503076076508,0.14563606679439545,0.7965912818908691,1.5701650381088257,-0.13356643915176392,0.16063526272773743,0.7490469813346863,1.614375352859497,0.05680229514837265,0.08221373707056046
0.7106561660766602,0.5591228604316711,-0.03467462211847305,0.9999375939369202,0.7207043766975403,0.5296729803085327,-0.060757558792829514,0.9999277591705322,0.7268454432487488,0.5254720449447632,-0.060831110924482346,0.9999412298202515,0.7336453795433044,0.5216501355171204,-0.06087290123105049,0.9999464154243469,0.709205150604248,0.5369164347648621,-0.009481043554842472,0.9999250769615173,0.7070902585983276,0.5376431941986084,-0.009365388192236423,0.9999040365219116,0.7050455808639526,0.5386475920677185,-0.00959336943924427,0.999913215637207,0.7614863514900208,0.5179694294929504,-0.10621285438537598,0.9999584555625916,0.7229260206222534,0.5384749174118042,0.12991519272327423,0.9999444484710693,0.7285948395729065,0.5746735334396362,-0.045735470950603485,0.9998264312744141,0.7145127654075623,0.5829869508743286,0.021535586565732956,0.9996874332427979,0.8118529319763184,0.6119836568832397,-0.23777660727500916,0.9987384080886841,0.7535374760627747,0.6524924635887146,0.3185747265815735,0.9963967800140381,0.6422275304794312,0.5375154614448547,-0.3519025444984436,0.9855200052261353,0.6428068280220032,0.6583797335624695,0.5044360756874084,0.4458822011947632,0.5386396050453186,0.5450320839881897,-0.07243141531944275,0.9012969136238098,0.5506869554519653,0.6232345104217529,0.5561632513999939,0.26323655247688293,0.514137864112854,0.5360668897628784,-0.0962928757071495,0.8128122091293335,0.5535362362861633,0.6043885946273804,0.5643050074577332,0.25361013412475586,0.5311991572380066,0.5517284870147705,-0.07019421458244324,0.8176634907722473,0.5605353713035583,0.613660991191864,0.5438312292098999,0.27971288561820984,0.5415329933166504,0.562977135181427,-0.060702450573444366,0.8122196793556213,0.5715911388397217,0.6192225813865662,0.5368519425392151,0.2996844947338104,0.8661778569221497,1.0215703248977661,-0.14485685527324677,0.7861665487289429,0.8053581118583679,1.020957112312317,0.14556755125522614,0.8024812936782837,0.8504739999771118,1.259935975074768,-0.15079285204410553,0.37370598316192627,0.7816787958145142,1.2908461093902588,0.19332574307918549,0.21725723147392273,0.8737748861312866,1.5279430150985718,-0.01272436510771513,0.1643054485321045,0.8020086288452148,1.5614320039749146,0.21908366680145264,0.0833490863442421,0.8977473974227905,1.576000452041626,-0.004483157303184271,0.23999860882759094,0.8150163888931274,1.6056549549102783,0.2165878266096115,0.13224484026432037,0.8148590326309204,1.578676700592041,-0.14190977811813354,0.14530347287654877,0.7679775953292847,1.6215198040008545,0.06926314532756805,0.07455571740865707
0.7107651233673096,0.5589874982833862,-0.05150876194238663,0.9999344348907471,0.7205767631530762,0.5297529697418213,-0.07375544309616089,0.9999257326126099,0.7268474698066711,0.5255034565925598,-0.07385258376598358,0.9999392628669739,0.7337493300437927,0.52162104845047,-0.07394276559352875,0.9999454617500305,0.708703875541687,0.5372475385665894,-0.027266498655080795,0.999922513961792,0.7063554525375366,0.5381433963775635,-0.02714214287698269,0.9998986124992371,0.7040655612945557,0.5393130779266357,-0.027369147166609764,0.9999087452888489,0.7609879374504089,0.517984926700592,-0.10470706224441528,0.9999580979347229,0.720710813999176,0.5395631194114685,0.11429216712713242,0.9999415278434753,0.72899329662323,0.5746153593063354,-0.0563361719250679,0.9998204708099365,0.7143267393112183,0.5827640891075134,0.005193963646888733,0.9996737241744995,0.8116389513015747,0.6119728684425354,-0.23249733448028564,0.9986920952796936,0.7487494349479675,0.6512263417243958,0.29742345213890076,0.9963992238044739,0.642410159111023,0.5402058362960815,-0.3432614803314209,0.9861278533935547,0.6421650648117065,0.6586475372314453,0.49629831314086914,0.46344852447509766,0.5352929830551147,0.5451300144195557,-0.06035156175494194,0.8973889946937561,0.5577341914176941,0.6265239119529724,0.5490168333053589,0.26610928773880005,0.5093027949333191,0.5370105504989624,-0.08023352175951004,0.8004744648933411,0.550248384475708,0.6128911972045898,0.558000922203064,0.25357136130332947,0.5274587869644165,0.5514282584190369,-0.05754273012280464,0.8050083518028259,0.5581536293029785,0.6217511892318726,0.5381680727005005,0.28005969524383545,0.538367748260498,0.562490701675415,-0.04957597702741623,0.802781879901886,0.5358978509902954,0.6283019185066223,0.5308346152305603,0.3018415570259094,0.8654721975326538,1.0156532526016235,-0.13270153105258942,0.8037796020507812,0.8060933351516724,0.985686182975769,0.13324233889579773,0.8188612461090088,0.8531440496444702,1.2434881925582886,-0.13741466403007507,0.35027801990509033,0.7814403176307678,1.2780356407165527,0.18971320986747742,0.2095363289117813,0.874576210975647,1.508644461631775,-0.01177789457142353,0.14898087084293365,0.8032113909721375,1.5449804067611694,0.21597826480865479,0.0762505903840065,0.8973159790039062,1.5553920269012451,-0.004273035563528538,0.21900811791419983,0.8168188333511353,1.5887149572372437,0.21341845393180847,0.12105437368154526,0.8194714784622192,1.5626533031463623,-0.14009055495262146,0.13186576962471008,0.770200252532959,1.6050474643707275,0.0729455053806305,0.06800796091556549
0.7084654569625854,0.5595160722732544,-0.05188974738121033,0.9999266862869263,0.7188065052032471,0.5302826762199402,-0.07429522275924683,0.9999209642410278,0.725056529045105,0.5260059833526611,-0.07434330880641937,0.9999345541000366,0.7319707870483398,0.5220988988876343,-0.0744260847568512,0.9999430179595947,0.707210123538971,0.5379130840301514,-0.02700892649590969,0.9999164342880249,0.704986035823822,0.5388510227203369,-0.02686106599867344,0.9998877048492432,0.7028133869171143,0.5400516986846924,-0.02708425745368004,0.9999011754989624,0.7594990730285645,0.5184522271156311,-0.10573259741067886,0.9999558329582214,0.7196897864341736,0.5402899980545044,0.11326295137405396,0.9999350309371948,0.7261154055595398,0.575079083442688,-0.05966014415025711,0.9998068809509277,0.7120267748832703,0.5831164121627808,0.0030416264198720455,0.9996439218521118,0.8106392621994019,0.611983597278595,-0.2306070625782013,0.99870765209198,0.7469590306282043,0.6516262292861938,0.28768888115882874,0.9965260028839111,0.6445294618606567,0.5402601361274719,-0.3397446274757385,0.9870831966400146,0.6430212259292603,0.6647827625274658,0.4904387891292572,0.4941919147968292,0.544037401676178,0.5451858043670654,-0.051392607390880585,0.8938251733779907,0.5686061382293701,0.6371507048606873,0.5499366521835327,0.27325138449668884,0.5186161398887634,0.5385250449180603,-0.06957859545946121,0.7849636673927307,0.5507286787033081,0.6252509355545044,0.5585850477218628,0.2551484704017639,0.5385469198226929,0.554040789604187,-0.04920246824622154,0.7880377769470215,0.5592582821846008,0.6333785653114319,0.5417210459709167,0.2817182242870331,0.5496357679367065,0.5642748475074768,-0.04166378825902939,0.7896867394447327,0.5396479368209839,0.6328136920928955,0.5329199433326721,0.30555158853530884,0.8646531105041504,0.9984748363494873,-0.12368176132440567,0.8209511637687683,0.8079063296318054,0.9825810790061951,0.12429516017436981,0.8348678946495056,0.8664215207099915,1.2579776048660278,-0.11922089755535126,0.3222959339618683,0.7886507511138916,1.2836310863494873,0.176731675863266,0.19793282449245453,0.8873888850212097,1.5189208984375,0.0019227558514103293,0.13455291092395782,0.8142162561416626,1.5490537881851196,0.17675378918647766,0.06918666511774063,0.9078486561775208,1.5627738237380981,0.006875614635646343,0.19855539500713348,0.8265084028244019,1.5901820659637451,0.17072056233882904,0.11005387455224991,0.8402990102767944,1.5738372802734375,-0.1392716020345688,0.11916659772396088,0.7915316224098206,1.6132866144180298,0.016804130747914314,0.06163755804300308
0.707724392414093,0.5603020787239075,-0.05287129431962967,0.9999212622642517,0.7180659174919128,0.5311089754104614,-0.07689482718706131,0.9999169111251831,0.7243362665176392,0.5266485810279846,-0.07694132626056671,0.9999310374259949,0.7312305569648743,0.5225863456726074,-0.07702763378620148,0.9999408721923828,0.7066012620925903,0.5390416979789734,-0.028008228167891502,0.9999116063117981,0.7044212222099304,0.5400201082229614,-0.027862440794706345,0.9998795986175537,0.7022736072540283,0.5412391424179077,-0.028081830590963364,0.9998947978019714,0.7590147256851196,0.5185199975967407,-0.11239618062973022,0.9999544024467468,0.7193940877914429,0.5407348275184631,0.112187959253788,0.9999300241470337,0.725692093372345,0.5755236148834229,-0.062351323664188385,0.9997934699058533,0.711549699306488,0.5838086605072021,0.0023399419151246548,0.9996181726455688,0.8108952641487122,0.612002968788147,-0.23964373767375946,0.998705267906189,0.7464843988418579,0.6516373157501221,0.2921024560928345,0.9966132640838623,0.644868791103363,0.542779266834259,-0.34025853872299194,0.9878341555595398,0.6432623267173767,0.6665788292884827,0.4892004132270813,0.5140542387962341,0.5411608219146729,0.545237123966217,-0.0646926760673523,0.89183509349823,0.555770754814148,0.6378601789474487,0.5463519096374512,0.27247142791748047,0.5146600008010864,0.5390928387641907,-0.08522945642471313,0.774899959564209,0.5541406273841858,0.6249361634254456,0.5524077415466309,0.25126323103904724,0.534970223903656,0.554031252861023,-0.06563323736190796,0.7772773504257202,0.5632566213607788,0.6322399377822876,0.538284182548523,0.277579128742218,0.5466727614402771,0.5642573237419128,-0.054875247180461884,0.7812382578849792,0.5393587350845337,0.6348533034324646,0.5299792885780334,0.30214881896972656,0.8637771606445312,0.9929406046867371,-0.12800392508506775,0.8356418013572693,0.8066312670707703,0.9786465764045715,0.1286454200744629,0.8485962748527527,0.8619775772094727,1.257464051246643,-0.12998193502426147,0.2983759939670563,0.7865380048751831,1.2840096950531006,0.18554383516311646,0.18753990530967712,0.8816057443618774,1.5197077989578247,-0.001888082711957395,0.12171351909637451,0.8097327351570129,1.548845648765564,0.20844364166259766,0.06293383985757828,0.9036790728569031,1.5654159784317017,0.004389534704387188,0.18067170679569244,0.8223978877067566,1.5910972356796265,0.2039615362882614,0.10034545511007309,0.8281810879707336,1.5722275972366333,-0.1427324414253235,0.10794685035943985,0.7804999351501465,1.6105918884277344,0.048100605607032776,0.05600874498486519
0.7074614763259888,0.5603657364845276,-0.06371848285198212,0.9999136328697205,0.71766197681427,0.5312008261680603,-0.08689078688621521,0.9999089241027832,0.7239395380020142,0.5267394781112671,-0.08694841712713242,0.9999246001243591,0.730823278427124,0.5226832032203674,-0.08701320737600327,0.9999357461929321,0.7061812877655029,0.5392411947250366,-0.038239188492298126,0.9999034404754639,0.7039552330970764,0.5403020977973938,-0.03808954358100891,0.9998683929443359,0.7017503976821899,0.5416457056999207,-0.038299310952425,0.9998855590820312,0.7588949799537659,0.518534243106842,-0.11653642356395721,0.999950110912323,0.7187885642051697,0.5411767959594727,0.1079971194267273,0.9999234080314636,0.7258662581443787,0.5756763219833374,-0.07001654803752899,0.999771773815155,0.711651623249054,0.5839561820030212,-0.005302549339830875,0.9995776414871216,0.8104984164237976,0.6119897365570068,-0.24290864169597626,0.9986748099327087,0.7474029064178467,0.6524417996406555,0.292544424533844,0.996619462966919,0.642471432685852,0.5418800115585327,-0.3812069594860077,0.9884937405586243,0.6434463262557983,0.6679060459136963,0.46912965178489685,0.534349799156189,0.5212045311927795,0.5454866886138916,-0.14879687130451202,0.8951622843742371,0.5562251806259155,0.643306314945221,0.512951135635376,0.286469966173172,0.49024176597595215,0.538783848285675,-0.17920811474323273,0.777431309223175,0.542020857334137,0.6265345215797424,0.5161036252975464,0.260222464799881,0.5116254091262817,0.55301433801651,-0.15074409544467926,0.7793889045715332,0.5485367774963379,0.6341642737388611,0.4990842342376709,0.2873557507991791,0.5247475504875183,0.5637876391410828,-0.13744565844535828,0.783823549747467,0.5241672992706299,0.636776328086853,0.4946013391017914,0.31312528252601624,0.8639041781425476,0.9906099438667297,-0.12862074375152588,0.8476110696792603,0.8064448237419128,0.9790246486663818,0.12928833067417145,0.8597341179847717,0.8576874732971191,1.257582187652588,-0.12198290973901749,0.2814179062843323,0.783697783946991,1.2821145057678223,0.17988356947898865,0.18248344957828522,0.8761806488037109,1.5207797288894653,0.020918145775794983,0.1106017678976059,0.8047645688056946,1.5493592023849487,0.20668713748455048,0.05772899091243744,0.8984411954879761,1.5671533346176147,0.028639156371355057,0.16529980301856995,0.8181565403938293,1.5915944576263428,0.20278187096118927,0.09209511429071426,0.8210428357124329,1.5702452659606934,-0.12145431339740753,0.09821611642837524,0.7743351459503174,1.6116305589675903,0.048007819801568985,0.05123328045010567
0.7074647545814514,0.5610293745994568,-0.04613829404115677,0.9999188780784607,0.7178555130958557,0.5317662954330444,-0.06629069149494171,0.9999141693115234,0.7241711616516113,0.5272818803787231,-0.06637696176767349,0.9999290108680725,0.7310729622840881,0.5232232809066772,-0.06646621972322464,0.9999395608901978,0.7062069773674011,0.5399888753890991,-0.020605023950338364,0.9999090433120728,0.703923761844635,0.5411571264266968,-0.020417165011167526,0.9998757839202881,0.7016180753707886,0.5426283478736877,-0.020599989220499992,0.9998920559883118,0.7590361833572388,0.5188977122306824,-0.08915555477142334,0.9999529719352722,0.7186225652694702,0.5421781539916992,0.12423445284366608,0.9999279975891113,0.7261906862258911,0.5769677758216858,-0.048463840037584305,0.9997828006744385,0.7118021249771118,0.5851396322250366,0.012609189376235008,0.9995966553688049,0.8106266856193542,0.6120134592056274,-0.21115708351135254,0.9986805319786072,0.7473691701889038,0.6535466313362122,0.30240508913993835,0.9965763092041016,0.6417626738548279,0.5420128703117371,-0.33422157168388367,0.9888232946395874,0.6435144543647766,0.6683672070503235,0.4696269929409027,0.5436977744102478,0.5214783549308777,0.550599992275238,-0.08743931353092194,0.8950778245925903,0.5577866435050964,0.6448148488998413,0.5062452554702759,0.29968714714050293,0.4912099838256836,0.542654812335968,-0.1132393330335617,0.7770842909812927,0.5421691536903381,0.6261890530586243,0.5091681480407715,0.2722512483596802,0.5120528340339661,0.5564869046211243,-0.08458386361598969,0.7796215415000916,0.5481107234954834,0.6335147023200989,0.49033865332603455,0.3010249137878418,0.5245234370231628,0.5680457353591919,-0.07551994919776917,0.7843450903892517,0.517534613609314,0.6371275186538696,0.4874763488769531,0.32673579454421997,0.8635107278823853,1.0014030933380127,-0.13022133708000183,0.8519461154937744,0.8057643175125122,0.9792642593383789,0.1308843344449997,0.8641539812088013,0.8462222814559937,1.2455236911773682,-0.13582485914230347,0.28342393040657043,0.7741715312004089,1.2728606462478638,0.12939195334911346,0.19006392359733582,0.8675501942634583,1.510884404182434,-0.01931169256567955,0.10267152637243271,0.8042020797729492,1.5411931276321411,0.14132872223854065,0.054256096482276917,0.8945460319519043,1.5591342449188232,-0.01349524687975645,0.1557120531797409,0.814700722694397,1.5847684144973755,0.13807667791843414,0.08685000985860825,0.8000261187553406,1.558025598526001,-0.14039644598960876,0.09134530276060104,0.7585140466690063,1.601383924484253,0.016083944588899612,0.048025164753198624
0.706445574760437,0.5621125102043152,0.001248135813511908,0.9999229907989502,0.7167324423789978,0.53314208984375,-0.02907613478600979,0.9999188780784607,0.7226951718330383,0.5286244750022888,-0.02913024090230465,0.9999327063560486,0.7291132211685181,0.5245746374130249,-0.029148053377866745,0.9999428987503052,0.7059108018875122,0.5411617755889893,0.023501871153712273,0.9999139904975891,0.7038848996162415,0.5422052145004272,0.023642301559448242,0.9998824596405029,0.7017921805381775,0.5435370206832886,0.02346860058605671,0.9998984932899475,0.7576032876968384,0.5195568799972534,-0.08950252830982208,0.9999553561210632,0.7192308902740479,0.5421478152275085,0.14485682547092438,0.9999321699142456,0.724519670009613,0.5776021480560303,-0.01803659461438656,0.9997904300689697,0.7112993001937866,0.5857264399528503,0.05128992348909378,0.9996123909950256,0.8087369203567505,0.6119581460952759,-0.2147037535905838,0.9986869692802429,0.750815749168396,0.6554549932479858,0.31671592593193054,0.9965723752975464,0.6372842192649841,0.5395780205726624,-0.3387545049190521,0.9887526631355286,0.6483970284461975,0.6701648235321045,0.4940394461154938,0.5424503684043884,0.5164998769760132,0.5454923510551453,-0.09503798186779022,0.8948162198066711,0.5419604778289795,0.6441268920898438,0.5548722147941589,0.3001770079135895,0.4881763458251953,0.52888423204422,-0.12144538015127182,0.7784092426300049,0.5405539274215698,0.6254367232322693,0.5680698752403259,0.27388158440589905,0.5084275007247925,0.544491708278656,-0.09310277551412582,0.7809478640556335,0.5449944734573364,0.6325262188911438,0.547813892364502,0.30416902899742126,0.5195587873458862,0.558917224407196,-0.08331368863582611,0.7851114869117737,0.5204862356185913,0.6366831660270691,0.5367895364761353,0.32938018441200256,0.8614286184310913,1.0138150453567505,-0.13038571178913116,0.8596472144126892,0.8054917454719543,1.0275628566741943,0.13099327683448792,0.8707695007324219,0.8418305516242981,1.2512110471725464,-0.1392604559659958,0.2758948802947998,0.774943470954895,1.284055471420288,0.1579771786928177,0.1809198409318924,0.8624628782272339,1.524665117263794,-0.005897453520447016,0.09394815564155579,0.7971519231796265,1.5596439838409424,0.17045822739601135,0.049902044236660004,0.8890202641487122,1.5760124921798706,0.0022153828758746386,0.14370478689670563,0.8084906339645386,1.6063989400863647,0.16522814333438873,0.07981940358877182,0.7930179834365845,1.5649081468582153,-0.12824392318725586,0.08427494019269943,0.7485173940658569,1.6127623319625854,0.020909864455461502,0.04450736567378044
0.7050207853317261,0.5623630285263062,-0.003958841785788536,0.999926745891571,0.7154513597488403,0.5334478616714478,-0.03288822993636131,0.9999227523803711,0.7212030291557312,0.5289152264595032,-0.03295549750328064,0.9999359846115112,0.7273715138435364,0.5248376131057739,-0.03296983614563942,0.9999456405639648,0.7051441073417664,0.5413761138916016,0.018068084493279457,0.9999181628227234,0.7033204436302185,0.5423581004142761,0.018205944448709488,0.99988853931427,0.7014433145523071,0.5436304807662964,0.018044885247945786,0.9999038577079773,0.756337583065033,0.5195904970169067,-0.09041354805231094,0.999957263469696,0.719680666923523,0.5420663356781006,0.14202646911144257,0.9999357461929321,0.7227154970169067,0.5776194334030151,-0.020445050671696663,0.9997963309288025,0.7102721333503723,0.5857170820236206,0.0469614714384079,0.9996235966682434,0.8070625066757202,0.6118654608726501,-0.21301260590553284,0.9986501932144165,0.7510890960693359,0.6572808623313904,0.31135571002960205,0.9963505268096924,0.636838436126709,0.5406205058097839,-0.3415755033493042,0.9883560538291931,0.6494001746177673,0.6713864207267761,0.4525083005428314,0.5408639311790466,0.5132578015327454,0.5472766160964966,-0.17369742691516876,0.8947974443435669,0.5448746681213379,0.6448625922203064,0.459892213344574,0.30430832505226135,0.4862644672393799,0.5291761159896851,-0.2089245766401291,0.7814044952392578,0.5346196889877319,0.6243144273757935,0.46452587842941284,0.2795000970363617,0.5055463910102844,0.5443235635757446,-0.1762690246105194,0.7841647267341614,0.536845862865448,0.6315765380859375,0.4379452168941498,0.31155288219451904,0.5153789520263672,0.5589103698730469,-0.1619788259267807,0.7877252697944641,0.5151956081390381,0.6363599300384521,0.43819743394851685,0.3361349105834961,0.8603103756904602,1.0191220045089722,-0.13089841604232788,0.8615164160728455,0.8048117756843567,1.0407308340072632,0.13155843317508698,0.8708382248878479,0.8325974345207214,1.2459083795547485,-0.14475980401039124,0.2755577266216278,0.7736944556236267,1.2787768840789795,0.1580282598733902,0.17508046329021454,0.8436958193778992,1.519666075706482,-0.01133702788501978,0.0874975174665451,0.7799769043922424,1.5570414066314697,0.1671600043773651,0.046802323311567307,0.8681008219718933,1.5717345476150513,-0.004113907925784588,0.13601894676685333,0.7934000492095947,1.6058281660079956,0.16136766970157623,0.0748492106795311,0.7713860273361206,1.5589028596878052,-0.13850711286067963,0.07938046753406525,0.7251015305519104,1.609289526939392,0.01937585137784481,0.042313721030950546
0.7051730751991272,0.5620276927947998,-0.008905913680791855,0.9999275207519531,0.715289831161499,0.5333403944969177,-0.03645743057131767,0.9999237656593323,0.7209699153900146,0.5288645625114441,-0.03651905804872513,0.9999364018440247,0.7270351052284241,0.5248153209686279,-0.03653924912214279,0.999946117401123,0.7051054239273071,0.54110187292099,0.013667593710124493,0.9999194741249084,0.7033258676528931,0.5420166850090027,0.013805067166686058,0.9998900294303894,0.7015050649642944,0.5432295203208923,0.013641631230711937,0.9999058246612549,0.7560282349586487,0.5194333791732788,-0.09946931898593903,0.9999576210975647,0.7200124859809875,0.5410289764404297,0.14174382388591766,0.9999364614486694,0.7226935625076294,0.5771468877792358,-0.023139741271734238,0.9997961521148682,0.7104367017745972,0.5849669575691223,0.043223053216934204,0.9996275305747986,0.8050556182861328,0.6118382811546326,-0.22761788964271545,0.9985676407814026,0.7520458698272705,0.6571882367134094,0.3112829029560089,0.9962610602378845,0.6372542977333069,0.5414059162139893,-0.35202476382255554,0.987972617149353,0.6518718004226685,0.6725833415985107,0.45083165168762207,0.5377258658409119,0.5231125354766846,0.5494814515113831,-0.15908846259117126,0.8884258270263672,0.5464179515838623,0.6450846195220947,0.4628170132637024,0.30559056997299194,0.4995572566986084,0.5313444137573242,-0.19651421904563904,0.7725185751914978,0.5321192741394043,0.6238856911659241,0.46986261010169983,0.28061169385910034,0.5175689458847046,0.5457201600074768,-0.16278506815433502,0.7757555842399597,0.5339977741241455,0.6310340166091919,0.4460054039955139,0.3137935698032379,0.5267722606658936,0.5603452920913696,-0.14722990989685059,0.7784823775291443,0.5187535285949707,0.6361618638038635,0.44263648986816406,0.33792921900749207,0.8600476980209351,1.0197888612747192,-0.1328325718641281,0.8587543964385986,0.8051630258560181,1.0399256944656372,0.13341990113258362,0.8708807826042175,0.8328146934509277,1.2431858777999878,-0.13892899453639984,0.28716543316841125,0.7753629684448242,1.2776225805282593,0.17155833542346954,0.18077382445335388,0.8434085845947266,1.5158493518829346,0.020399587228894234,0.08588119596242905,0.7801516652107239,1.556951880455017,0.19989468157291412,0.047606389969587326,0.8660224080085754,1.5680015087127686,0.029677221551537514,0.13510684669017792,0.7936033010482788,1.6057679653167725,0.19562454521656036,0.0752754807472229,0.7740503549575806,1.5552340745925903,-0.10265152156352997,0.07955767959356308,0.7268357276916504,1.6089917421340942,0.05740176513791084,0.04387710243463516
0.7050071954727173,0.5619863271713257,-0.007173656485974789,0.9999263286590576,0.7148455381393433,0.5333177447319031,-0.03669429197907448,0.9999229907989502,0.720354437828064,0.528849720954895,-0.03677186369895935,0.9999353289604187,0.7262224555015564,0.5247978568077087,-0.03680778667330742,0.9999454021453857,0.7050028443336487,0.5410499572753906,0.015310409478843212,0.9999184608459473,0.7033270001411438,0.5419608354568481,0.015415149740874767,0.9998884797096252,0.7015804052352905,0.5431785583496094,0.015242372639477253,0.9999054670333862,0.7554193139076233,0.519415020942688,-0.10102763026952744,0.9999568462371826,0.7202410697937012,0.5406009554862976,0.14054565131664276,0.9999356269836426,0.7223466634750366,0.5770780444145203,-0.02416759543120861,0.9997907280921936,0.7104916572570801,0.5848687887191772,0.0442044623196125,0.9996209144592285,0.8039008975028992,0.6118199229240417,-0.2323470562696457,0.9985042810440063,0.7521962523460388,0.6571193933486938,0.3124207854270935,0.9961587190628052,0.6362987756729126,0.5419291853904724,-0.35243454575538635,0.9876838326454163,0.6554776430130005,0.6725348234176636,0.4583188593387604,0.5334917902946472,0.5239248871803284,0.550015389919281,-0.11425124108791351,0.883282482624054,0.53863924741745,0.6448546648025513,0.47529229521751404,0.3060983717441559,0.500411868095398,0.5318790674209595,-0.13869091868400574,0.7657098174095154,0.5329424738883972,0.6235569715499878,0.49220627546310425,0.281451940536499,0.5186915993690491,0.5466606020927429,-0.10861533880233765,0.7694233059883118,0.5349465608596802,0.6306071877479553,0.4658852219581604,0.3157634139060974,0.5279321670532227,0.5611794590950012,-0.10127749294042587,0.7715957760810852,0.5188372135162354,0.6358112096786499,0.4551299512386322,0.33955997228622437,0.860772430896759,1.0195000171661377,-0.13555413484573364,0.8580877780914307,0.8063913583755493,1.0383907556533813,0.13611260056495667,0.8712731003761292,0.8337517976760864,1.2415777444839478,-0.13947999477386475,0.293930321931839,0.7761847972869873,1.2768568992614746,0.17242087423801422,0.1825714409351349,0.8435753583908081,1.5142611265182495,0.014377845451235771,0.08244016766548157,0.7801809310913086,1.554294466972351,0.19849613308906555,0.04636729508638382,0.8662492036819458,1.5662579536437988,0.023146849125623703,0.13144215941429138,0.7936626672744751,1.6024144887924194,0.1944068819284439,0.07318557798862457,0.7751762866973877,1.554425597190857,-0.10814652591943741,0.07768277823925018,0.7283161878585815,1.6069515943527222,0.060010187327861786,0.04337174817919731
0.7051393985748291,0.5626504421234131,-0.028931820765137672,0.9999228715896606,0.7148831486701965,0.5340805053710938,-0.0629969984292984,0.9999194741249084,0.720399022102356,0.5295413732528687,-0.06306084245443344,0.9999321103096008,0.726277232170105,0.5254067182540894,-0.06304918229579926,0.9999426603317261,0.7050555348396301,0.5418543219566345,-0.0060627516359090805,0.9999144077301025,0.7033634185791016,0.5427161455154419,-0.005947676487267017,0.999883234500885,0.7016321420669556,0.5438731908798218,-0.006139348726719618,0.9999018907546997,0.7555809617042542,0.5195456147193909,-0.13525690138339996,0.9999551773071289,0.7203173637390137,0.5408289432525635,0.1252976804971695,0.9999338984489441,0.7226127982139587,0.5775834918022156,-0.04968619346618652,0.999780535697937,0.7109997272491455,0.5852898359298706,0.025471772998571396,0.9996086955070496,0.8046476244926453,0.6124622821807861,-0.27554211020469666,0.9985332489013672,0.7524586319923401,0.6569969654083252,0.3116800785064697,0.9963125586509705,0.6364372968673706,0.5446507930755615,-0.41131678223609924,0.9880951046943665,0.6551752686500549,0.672467052936554,0.45994099974632263,0.5486753582954407,0.5233467817306519,0.5506749749183655,-0.18401199579238892,0.8873224854469299,0.5333763360977173,0.6434795260429382,0.4827929437160492,0.32186099886894226,0.4998147487640381,0.5321181416511536,-0.21840007603168488,0.7718758583068848,0.5329700708389282,0.6217896342277527,0.49586373567581177,0.2934858500957489,0.5186066031455994,0.547271192073822,-0.1863562911748886,0.7750787138938904,0.5354506969451904,0.6294306516647339,0.4701893925666809,0.32923632860183716,0.527894139289856,0.5617640614509583,-0.17116227746009827,0.7770705819129944,0.5185200572013855,0.6343019604682922,0.46233639121055603,0.35416144132614136,0.8651930093765259,1.024596929550171,-0.1396852284669876,0.8650733828544617,0.8074480891227722,1.0427402257919312,0.14047762751579285,0.8784133195877075,0.8440476655960083,1.2710579633712769,-0.130682572722435,0.2744678854942322,0.7834258079528809,1.2964311838150024,0.18918506801128387,0.17120322585105896,0.8543659448623657,1.5402354001998901,0.046657778322696686,0.07484062761068344,0.7854740619659424,1.5705139636993408,0.24106642603874207,0.04230571165680885,0.875594437122345,1.5893034934997559,0.05713064223527908,0.11982463300228119,0.7972778677940369,1.6167887449264526,0.24005964398384094,0.06699396669864655,0.7916059494018555,1.5821363925933838,-0.08628770709037781,0.07077609747648239,0.7427811026573181,1.6246269941329956,0.09191487729549408,0.03969798982143402
0.7061808109283447,0.5631142854690552,-0.037970639765262604,0.9999258518218994,0.715961217880249,0.5346337556838989,-0.06953465193510056,0.9999225735664368,0.7216002941131592,0.5300110578536987,-0.0695648118853569,0.9999343752861023,0.7278445363044739,0.5257605314254761,-0.06956075131893158,0.9999448657035828,0.7057105898857117,0.5426083207130432,-0.01449514925479889,0.9999179840087891,0.7039560079574585,0.5435305833816528,-0.01433640718460083,0.9998874068260193,0.7020870447158813,0.5447542667388916,-0.014505873434245586,0.9999058842658997,0.7563384771347046,0.5196837782859802,-0.12908299267292023,0.9999571442604065,0.7203694581985474,0.5420426726341248,0.1230071559548378,0.9999364614486694,0.7241186499595642,0.57811439037323,-0.05392420291900635,0.9997885823249817,0.7122212648391724,0.5858058929443359,0.018999559804797173,0.9996257424354553,0.8047171831130981,0.6124467253684998,-0.2681986093521118,0.9985963702201843,0.7545271515846252,0.6569611430168152,0.31360316276550293,0.9965032339096069,0.6406000852584839,0.5939999222755432,-0.4017638564109802,0.988675057888031,0.6551140546798706,0.6725185513496399,0.4608171582221985,0.5543384552001953,0.5208678841590881,0.5484869480133057,-0.16611804068088531,0.8915031552314758,0.5362274646759033,0.6414716243743896,0.4849586486816406,0.32229021191596985,0.49695783853530884,0.527711033821106,-0.19795800745487213,0.7779927253723145,0.5371624231338501,0.6217238903045654,0.49736031889915466,0.29377904534339905,0.5165321230888367,0.5430997610092163,-0.16753245890140533,0.7810307145118713,0.5402241349220276,0.6295497417449951,0.47047868371009827,0.3302910327911377,0.5264558792114258,0.5588139295578003,-0.15383478999137878,0.7826520800590515,0.5183006525039673,0.6335351467132568,0.46505293250083923,0.35591667890548706,0.8662822842597961,1.025694727897644,-0.1394745260477066,0.8689380884170532,0.8075851202011108,1.0434263944625854,0.14032870531082153,0.8822121024131775,0.8439176678657532,1.2791334390640259,-0.11890123784542084,0.26029103994369507,0.7826756238937378,1.3030470609664917,0.18601356446743011,0.16170231997966766,0.8540163040161133,1.5495548248291016,0.05374136567115784,0.06830455362796783,0.7853270173072815,1.5812128782272339,0.230800062417984,0.03873195871710777,0.875430703163147,1.600108027458191,0.0640532448887825,0.11022636294364929,0.7969769239425659,1.6283725500106812,0.22874465584754944,0.06154627725481987,0.791347861289978,1.5915372371673584,-0.07774677127599716,0.06504679471254349,0.7425220012664795,1.6360194683074951,0.08276616781949997,0.0365421399474144
